0.000000000000000000e+00 0.000000000000000000e+00 5.367300235277654430e-01
2.683650117638827109e-05 5.367300114710348187e-03 5.367299751934061502e-01
1.073459974392246898e-04 1.073459852962922387e-02 5.367296342609976234e-01
2.415284521971528464e-04 1.610189082643277703e-02 5.367287009507988316e-01
4.293837695553615790e-04 2.146916954962406476e-02 5.367268676075640510e-01
6.709117635504096948e-04 2.683642412791302501e-02 5.367238187409628658e-01
9.661121266021028067e-04 3.220364079635945620e-02 5.367192311337597443e-01
1.314984397193074816e-03 3.757080251984991348e-02 5.367127739976327305e-01
1.717527926791538422e-03 4.293788891831037263e-02 5.367041091625515126e-01
2.173741846036060521e-03 4.830487619393776522e-02 5.366928912897830362e-01
2.683625030203603753e-03 5.367173706064936461e-02 5.366787681014739686e-01
3.247176063983753247e-03 5.903844067588932820e-02 5.366613806217904736e-01
3.864393205583210433e-03 6.440495257488899894e-02 5.366403634260390465e-01
4.535274350185445474e-03 6.977123460744744099e-02 5.366153448952247773e-01
5.259816992790950635e-03 7.513724487727693746e-02 5.365859474742533664e-01
6.038018190463903360e-03 8.050293768394341243e-02 5.365517879325255590e-01
6.869874524011290728e-03 8.586826346742103266e-02 5.365124776260677963e-01
7.755382059120703026e-03 9.123316875527329173e-02 5.364676227606341996e-01
8.694536306983110044e-03 9.659759611246852840e-02 5.364168246554247288e-01
9.687332184426982254e-03 1.019614840938347089e-01 5.363596800072206738e-01
1.073376397359016889e-02 1.073247671991573171e-01 5.362957811548475506e-01
1.183382528115599179e-02 1.126873758309234336e-01 5.362247163439589626e-01
1.298750899718001742e-02 1.180492362547154450e-01 5.361460699921887230e-01
1.419480725353403604e-02 1.234102705622584506e-01 5.360594229547570588e-01
1.545571138199379815e-02 1.287703966371264719e-01 5.359643527906444715e-01
1.677021187199713784e-02 1.341295281231137393e-01 5.358604340294578217e-01
1.813829832809916998e-02 1.394875743952787017e-01 5.357472384391231968e-01
1.955995942715131261e-02 1.448444405336696272e-01 5.356243352945404546e-01
2.103518287523102603e-02 1.502000272997420782e-01 5.354912916473305584e-01
2.256395536434924187e-02 1.555542311154799462e-01 5.353476725968013827e-01
2.414626252896255598e-02 1.609069440452325916e-01 5.351930415622473403e-01
2.578208890231743419e-02 1.662580537802822445e-01 5.350269605566885245e-01
2.747141787265381871e-02 1.716074436261562364e-01 5.348489904621410718e-01
2.921423163929563055e-02 1.769549924927000528e-01 5.346586913064984570e-01
3.101051116865588195e-02 1.823005748869274134e-01 5.344556225420876716e-01
3.286023615018424798e-02 1.876440609086645617e-01 5.342393433259509106e-01
3.476338495228510628e-02 1.929853162490062224e-01 5.340094128018869624e-01
3.671993457823431034e-02 1.983242021916007125e-01 5.337653903842719538e-01
3.872986062212298297e-02 2.036605756167822467e-01 5.335068360436631130e-01
4.079313722485696653e-02 2.089942890085682292e-01 5.332333105941737816e-01
4.290973703024066055e-02 2.143251904645388783e-01 5.329443759825922555e-01
4.507963114117411602e-02 2.196531237086167543e-01 5.326395955792025960e-01
4.730278907599249488e-02 2.249779281067626757e-01 5.323185344702485722e-01
4.957917872497714928e-02 2.302994386856041797e-01 5.319807597519681241e-01
5.190876630706771355e-02 2.356174861540119292e-01 5.316258408261106405e-01
5.429151632680475487e-02 2.409318969276381117e-01 5.312533496968341318e-01
5.672739153153265323e-02 2.462424931564304309e-01 5.308628612688652826e-01
5.921635286889258970e-02 2.515490927551333189e-01 5.304539536467919314e-01
6.175835944463549387e-02 2.568515094367871399e-01 5.300262084353427605e-01
6.435336848078504479e-02 2.621495527492345712e-01 5.295792110404956565e-01
6.700133527418077051e-02 2.674430281146415456e-01 5.291125509712434338e-01
6.970221315543145835e-02 2.727317368720380553e-01 5.286258221418327352e-01
7.245595344830912943e-02 2.780154763228833148e-01 5.281186231742800441e-01
7.526250542961371304e-02 2.832940397796563925e-01 5.275905577009546432e-01
7.812181628953884793e-02 2.885672166174719777e-01 5.270412346670102499e-01
8.103383109256889760e-02 2.938347923287190633e-01 5.264702686324324032e-01
8.399849273893747470e-02 2.990965485807168811e-01 5.258772800734607955e-01
8.701574192667756169e-02 3.043522632763809854e-01 5.252618956831334174e-01
9.008551711429328701e-02 3.096017106178894363e-01 5.246237486706916142e-01
9.320775448408336050e-02 3.148446611733360379e-01 5.239624790595739379e-01
9.638238790614588047e-02 3.200808819463553112e-01 5.232777339837203501e-01
9.960934890309418310e-02 3.253101364487009373e-01 5.225691679818973423e-01
1.028885666155131412e-01 3.305321847757563547e-01 5.218364432897507621e-01
1.062199677681851528e-01 3.357467836849531428e-01 5.210792301292820339e-01
1.096034766371147412e-01 3.409536866770701002e-01 5.202972069954409085e-01
1.130390150173803676e-01 3.461526440803825433e-01 5.194900609395196600e-01
1.165265021918419491e-01 3.513434031376280187e-01 5.186574878490298746e-01
1.200658549007318637e-01 3.565257080957522362e-01 5.177991927237378667e-01
1.236569873121572266e-01 3.616993002983944216e-01 5.169148899475324299e-01
1.272998109935404853e-01 3.668639182810692900e-01 5.160043035557931868e-01
1.309942348840251458e-01 3.720192978689987884e-01 5.150671674979289127e-01
1.347401652678728856e-01 3.771651722775438142e-01 5.141032258947499933e-01
1.385375057488777151e-01 3.823012722151821752e-01 5.131122332903413907e-01
1.423861572258224295e-01 3.874273259889766119e-01 5.120939548981008338e-01
1.462860178690019441e-01 3.925430596124725446e-01 5.110481668406074984e-01
1.502369830978375065e-01 3.976481969159621488e-01 5.099746563829894441e-01
1.542389455596051284e-01 4.027424596590485906e-01 5.088732221594585159e-01
1.582917951093007758e-01 4.078255676454396461e-01 5.077436743926849738e-01
1.623954187906644364e-01 4.128972388398982063e-01 5.065858351056887754e-01
1.665497008183841610e-01 4.179571894872727844e-01 5.053995383259274332e-01
1.707545225615003381e-01 4.230051342335286457e-01 5.041846302812672542e-01
1.750097625280301050e-01 4.280407862486968473e-01 5.029409695875297626e-01
1.793152963508304887e-01 4.330638573516552570e-01 5.016684274273117694e-01
1.836709967747179595e-01 4.380740581366528996e-01 5.003668877197868792e-01
1.880767336448617155e-01 4.430710981014861494e-01 4.990362472812024941e-01
1.925323738964666576e-01 4.480546857772320646e-01 4.976764159757963157e-01
1.970377815457608761e-01 4.530245288594419995e-01 4.962873168568670557e-01
2.015928176823021389e-01 4.579803343406956273e-01 4.948688862977430047e-01
2.061973404626161743e-01 4.629218086444130131e-01 4.934210741124046007e-01
2.108512051051790737e-01 4.678486577598202634e-01 4.919438436655282909e-01
2.155542638867544714e-01 4.727605873779617829e-01 4.904371719717322553e-01
2.203063661400958273e-01 4.776573030286502264e-01 4.889010497838166547e-01
2.251073582530223327e-01 4.825385102182428443e-01 4.873354816698064473e-01
2.299570836688762665e-01 4.874039145681317020e-01 4.857404860786173617e-01
2.348553828883682693e-01 4.922532219538328091e-01 4.841160953941820444e-01
2.398020934728161968e-01 4.970861386445583618e-01 4.824623559778882242e-01
2.447970500487814394e-01 5.019023714431541938e-01 4.807793281991963319e-01
2.498400843141060645e-01 5.067016278262840290e-01 4.790670864543210006e-01
2.549310250453524773e-01 5.114836160847401336e-01 4.773257191728773607e-01
2.600696981066462632e-01 5.162480454637603522e-01 4.755553288124100830e-01
2.652559264599219646e-01 5.209946263032290137e-01 4.737560318407408322e-01
2.704895301765694593e-01 5.257230701776406390e-01 4.719279587060873360e-01
2.757703264504784979e-01 5.304330900357036027e-01 4.700712537949258141e-01
2.810981296124768769e-01 5.351244003394606263e-01 4.681860753775859973e-01
2.864727511461569454e-01 5.397967172028044214e-01 4.662725955415868984e-01
2.918939997050837287e-01 5.444497585292651376e-01 4.643310001127402553e-01
2.973616811313765651e-01 5.490832441489479354e-01 4.623614885640663363e-01
3.028755984756558162e-01 5.536968959544994462e-01 4.603642739125863859e-01
3.084355520183434951e-01 5.582904380359812180e-01 4.583395826040740362e-01
3.140413392923065983e-01 5.628635968145312418e-01 4.562876543858669365e-01
3.196927551068310391e-01 5.674161011746943206e-01 4.542087421678579484e-01
3.253895915729110855e-01 5.719476825953041521e-01 4.521031118718039643e-01
3.311316381298403111e-01 5.764580752787998863e-01 4.499710422691085010e-01
3.369186815730872420e-01 5.809470162788646919e-01 4.478128248072518747e-01
3.427505060834386552e-01 5.854142456262715344e-01 4.456287634250605256e-01
3.486268932573917678e-01 5.898595064528278087e-01 4.434191743570244926e-01
3.545476221387758309e-01 5.942825451133082471e-01 4.411843859268886892e-01
3.605124692515829787e-01 5.986831113052719644e-01 4.389247383307603445e-01
3.665212086339857400e-01 6.030609581866589464e-01 4.366405834099910122e-01
3.725736118735192837e-01 6.074158424910650611e-01 4.343322844141068728e-01
3.786694481434042525e-01 6.117475246405982281e-01 4.320002157540765997e-01
3.848084842399857597e-01 6.160557688562200429e-01 4.296447627462199881e-01
3.909904846212627905e-01 6.203403432654809313e-01 4.272663213470745958e-01
3.972152114464816419e-01 6.246010200075604590e-01 4.248652978795514623e-01
4.034824246167658113e-01 6.288375753355266440e-01 4.224421087507222450e-01
4.097918818167542443e-01 6.330497897157327802e-01 4.199971801615934863e-01
4.161433385572190224e-01 6.372374479242741696e-01 4.175309478092337767e-01
4.225365482186325128e-01 6.414003391404282661e-01 4.150438565816307879e-01
4.289712620956535050e-01 6.455382570370099549e-01 4.125363602456641465e-01
4.354472294425013601e-01 6.496509998675725761e-01 4.100089211285893875e-01
4.419641975191859196e-01 6.537383705503938547e-01 4.074620097934364971e-01
4.485219116385610882e-01 6.578001767491870044e-01 4.048961047087330511e-01
4.551201152141689521e-01 6.618362309504817187e-01 4.023116919129693936e-01
4.617585498088406792e-01 6.658463505376263081e-01 3.997092646742280153e-01
4.684369551840205648e-01 6.698303578613629128e-01 3.970893231454042938e-01
4.751550693497783584e-01 6.737880803069351554e-01 3.944523740154504132e-01
4.819126286154752359e-01 6.777193503576898204e-01 3.917989301570755090e-01
4.887093676410480536e-01 6.816240056551398085e-01 3.891295102713394627e-01
4.955450194888765814e-01 6.855018890554596123e-01 3.864446385295773334e-01
5.024193156761975754e-01 6.893528486823877754e-01 3.837448442130927395e-01
5.093319862280297761e-01 6.931767379765175763e-01 3.810306613510580087e-01
5.162827597305740257e-01 6.969734157409596120e-01 3.783026283570573023e-01
5.232713633850514245e-01 7.007427461833642957e-01 3.755612876647077547e-01
5.302975230619436653e-01 7.044845989542980469e-01 3.728071853627897836e-01
5.373609633555989085e-01 7.081988491819705134e-01 3.700408708303148941e-01
5.444614076391667279e-01 7.118853775033130438e-01 3.672628963719543616e-01
5.515985781198253779e-01 7.155440700914159624e-01 3.644738168542475121e-01
5.587721958942655220e-01 7.191748186793327502e-01 3.616741893430020505e-01
5.659819810043937860e-01 7.227775205802663416e-01 3.588645727422920539e-01
5.732276524932200523e-01 7.263520787041550797e-01 3.560455274354530353e-01
5.805089284608931921e-01 7.298984015706798667e-01 3.532176149284640410e-01
5.878255261208482629e-01 7.334164033187190457e-01 3.503813974960994226e-01
5.951771618560314225e-01 7.369060037122798779e-01 3.475374378312228729e-01
6.025635512751660317e-01 7.403671281429407003e-01 3.446862986975873788e-01
6.099844092690263064e-01 7.437997076288392906e-01 3.418285425864934224e-01
6.174394500666837704e-01 7.472036788102494054e-01 3.389647313776483206e-01
6.249283872916920890e-01 7.505789839417875697e-01 3.360954260045567743e-01
6.324509340181779793e-01 7.539255708812984125e-01 3.332211861247624252e-01
6.400068028268039999e-01 7.572433930754673970e-01 3.303425697952470097e-01
6.475957058605720240e-01 7.605324095422147934e-01 3.274601331532822068e-01
6.552173548804337555e-01 7.637925848499268477e-01 3.245744301030154544e-01
6.628714613206790895e-01 7.670238890935819898e-01 3.216860120080587415e-01
6.705577363440696770e-01 7.702262978678346972e-01 3.187954273903355062e-01
6.782758908966887157e-01 7.733997922371198541e-01 3.159032216354275557e-01
6.860256357624773260e-01 7.765443587028437733e-01 3.130099367046496606e-01
6.938066816174279783e-01 7.796599891677308269e-01 3.101161108540659850e-01
7.016187390834079940e-01 7.827466808973959633e-01 3.072222783606484708e-01
7.094615187815851431e-01 7.858044364792146075e-01 3.043289692557625270e-01
7.173347313854284701e-01 7.888332637785654411e-01 3.014367090661519422e-01
7.252380876732588133e-01 7.918331758925210018e-01 2.985460185625803398e-01
7.331712985803241489e-01 7.948041911010633731e-01 2.956574135162723382e-01
7.411340752503742246e-01 7.977463328159041245e-01 2.927714044632832580e-01
7.491261290867129441e-01 8.006596295269877706e-01 2.898884964769125050e-01
7.571471718027033004e-01 8.035441147467603518e-01 2.870091889482615510e-01
7.651969154717049859e-01 8.063998269522845153e-01 2.841339753750233843e-01
7.732750725764223620e-01 8.092268095252836968e-01 2.812633431585770394e-01
7.813813560576431394e-01 8.120251106901995586e-01 2.783977734094471024e-01
7.895154793623477829e-01 8.147947834503457276e-01 2.755377407611747098e-01
7.976771564911713241e-01 8.175358855222424337e-01 2.726837131926334590e-01
8.058661020451999280e-01 8.202484792682167569e-01 2.698361518588114905e-01
8.140820312720850049e-01 8.229326316273527508e-01 2.669955109300673479e-01
8.223246601114589938e-01 8.255884140448770392e-01 2.641622374398559514e-01
8.305937052396374920e-01 8.282159024000634862e-01 2.613367711409090854e-01
8.388888841135934138e-01 8.308151769327420944e-01 2.585195443698422579e-01
8.472099150141896295e-01 8.333863221684957301e-01 2.557109819201499601e-01
8.555565170886573201e-01 8.359294268426286090e-01 2.529115009235395339e-01
8.639284103923080549e-01 8.384445838229896975e-01 2.501215107395436399e-01
8.723253159294692693e-01 8.409318900317334089e-01 2.473414128533411582e-01
8.807469556936315946e-01 8.433914463660989735e-01 2.445716007817072546e-01
8.891930527067999357e-01 8.458233576182894176e-01 2.418124599870030977e-01
8.976633310580393044e-01 8.482277323945309755e-01 2.390643677991076133e-01
9.061575159412069702e-01 8.506046830333903186e-01 2.363276933451848305e-01
9.146753336918647115e-01 8.529543255234284249e-01 2.336027974871726920e-01
9.232165118233645051e-01 8.552767794202678076e-01 2.308900327668713948e-01
9.317807790621024377e-01 8.575721677631473749e-01 2.281897433585019508e-01
9.403678653819356192e-01 8.598406169910403074e-01 2.255022650285997132e-01
9.489775020377587689e-01 8.620822568584065593e-01 2.228279251031005659e-01
9.576094215982363655e-01 8.642972203506518181e-01 2.201670424414718108e-01
9.662633579776886972e-01 8.664856435993620876e-01 2.175199274177349595e-01
9.749390464671289225e-01 8.686476657973827287e-01 2.148868819082216386e-01
9.836362237644508122e-01 8.707834291138076832e-01 2.122681992859003774e-01
9.923546280037660594e-01 8.728930786089439398e-01 2.096641644211069133e-01
1.001093998783891159e+00 8.749767621493153014e-01 2.070750536885077597e-01
1.009854077195985189e+00 8.770346303227657403e-01 2.045011349801229006e-01
1.018634605850339270e+00 8.790668363537225138e-01 2.019426677242308621e-01
1.027435328902319034e+00 8.810735360186771059e-01 1.993999029099768339e-01
1.036255992077464771e+00 8.830548875619400606e-01 1.968730831175022900e-01
1.045096342695748692e+00 8.850110516117239978e-01 1.943624425534132283e-01
1.053956129694996635e+00 8.869421910966071021e-01 1.918682070914018711e-01
1.062835103653475333e+00 8.888484711624278223e-01 1.893905943178368356e-01
1.071733016811652117e+00 8.907300590896596315e-01 1.869298135821350904e-01
1.080649623093129730e+00 8.925871242113125881e-01 1.844860660517290696e-01
1.089584678124763562e+00 8.944198378314066611e-01 1.820595447714425941e-01
1.098537939255967100e+00 8.962283731440604528e-01 1.796504347270888036e-01
1.107509165577210686e+00 8.980129051532357298e-01 1.772589129131046104e-01
1.116498117937722023e+00 8.997736105931780637e-01 1.748851484040367110e-01
1.125504558962393320e+00 9.015106678495906634e-01 1.725293024296952749e-01
1.134528253067906167e+00 9.032242568815775918e-01 1.701915284537929840e-01
1.143568966478077709e+00 9.049145591443894521e-01 1.678719722558889016e-01
1.152626467238439423e+00 9.065817575130049599e-01 1.655707720164580621e-01
1.161700525230056069e+00 9.082260362065777137e-01 1.632880584049103967e-01
1.170790912182593457e+00 9.098475807137773597e-01 1.610239546703843283e-01
1.179897401686644143e+00 9.114465777190515761e-01 1.587785767351434507e-01
1.189019769205320376e+00 9.130232150298347449e-01 1.565520332904071499e-01
1.198157792085123630e+00 9.145776815047259589e-01 1.543444258944486613e-01
1.207311249566102029e+00 9.161101669826589022e-01 1.521558490727977775e-01
1.216479922791303236e+00 9.176208622130839210e-01 1.499863904203877774e-01
1.225663594815534996e+00 9.191099587871800480e-01 1.478361307054903151e-01
1.234862050613442674e+00 9.205776490701147452e-01 1.457051439752847233e-01
1.244075077086915115e+00 9.220241261343674610e-01 1.435934976629123228e-01
1.253302463071828576e+00 9.234495836941298830e-01 1.415012526958694949e-01
1.262543999344140744e+00 9.248542160407967616e-01 1.394284636055975746e-01
1.271799478625344593e+00 9.262382179795574100e-01 1.373751786381309237e-01
1.281068695587293860e+00 9.276017847670990912e-01 1.353414398656689055e-01
1.290351446856411233e+00 9.289451120504298443e-01 1.333272832989410850e-01
1.299647531017290358e+00 9.302683958068282966e-01 1.313327390002392292e-01
1.308956748615703214e+00 9.315718322849267929e-01 1.293578311969935390e-01
1.318278902161023503e+00 9.328556179469327247e-01 1.274025783957749569e-01
1.327613796128078727e+00 9.341199494119908353e-01 1.254669934966089750e-01
1.336961236958440269e+00 9.353650234006907205e-01 1.235510839074910883e-01
1.346321033061166350e+00 9.365910366807191911e-01 1.216548516589974760e-01
1.355692994813004759e+00 9.377981860136593850e-01 1.197782935188893561e-01
1.365076934558071775e+00 9.389866681029349627e-01 1.179214011066129081e-01
1.374472666607014171e+00 9.401566795428989431e-01 1.160841610076010916e-01
1.383880007235669174e+00 9.413084167690638493e-01 1.142665548872876802e-01
1.393298774683231933e+00 9.424420760094701643e-01 1.124685596047477337e-01
1.402728789149941813e+00 9.435578532371891036e-01 1.106901473258829621e-01
1.412169872794301062e+00 9.446559441239547050e-01 1.089312856360740434e-01
1.421621849729832965e+00 9.457365439949193542e-01 1.071919376522261630e-01
1.431084546021395676e+00 9.467998477845264160e-01 1.054720621341376507e-01
1.440557789681057965e+00 9.478460499934929784e-01 1.037716135951255031e-01
1.450041410663552410e+00 9.488753446468949360e-01 1.020905424118451893e-01
1.459535240861313365e+00 9.498879252533455331e-01 1.004287949332458990e-01
1.469039114099113252e+00 9.508839847652598154e-01 9.878631358860577583e-02
1.478552866128306054e+00 9.518637155401935557e-01 9.716303699459541421e-02
1.488076334620689778e+00 9.528273093032485486e-01 9.555890006132107539e-02
1.497609359161998555e+00 9.537749571105327284e-01 9.397383409730263037e-02
1.507151781245034350e+00 9.547068493136644518e-01 9.240776691334427750e-02
1.516703444262448963e+00 9.556231755253101756e-01 9.086062292525937112e-02
1.526264193499186073e+00 9.565241245857430963e-01 8.933232325541383412e-02
1.535833876124594655e+00 9.574098845304114258e-01 8.782278583305538899e-02
1.545412341184222660e+00 9.582806425585035370e-01 8.633192549339899213e-02
1.554999439591301380e+00 9.591365850024978768e-01 8.485965407544145134e-02
1.564595024117930278e+00 9.599778972986845460e-01 8.340588051848105144e-02
1.574198949385971158e+00 9.608047639586454469e-01 8.197051095732051096e-02
1.583811071857663233e+00 9.616173685416795625e-01 8.055344881613427099e-02
1.593431249825965734e+00 9.624158936281606014e-01 7.915459490098332440e-02
1.603059343404639181e+00 9.632005207938126867e-01 7.777384749096330485e-02
1.612695214518074627e+00 9.639714305848906539e-01 7.641110242797367891e-02
1.622338726890878213e+00 9.647288024942510809e-01 7.506625320509804911e-02
1.631989746037221023e+00 9.654728149383005054e-01 7.373919105358769932e-02
1.641648139249963556e+00 9.662036452348059523e-01 7.242980502844227619e-02
1.651313775589561050e+00 9.669214695815543381e-01 7.113798209258348493e-02
1.660986525872761188e+00 9.676264630358469843e-01 6.986360719961956511e-02
1.670666262661099966e+00 9.683187994948142530e-01 6.860656337519958903e-02
1.680352860249204605e+00 9.689986516765368707e-01 6.736673179695866487e-02
1.690046194652912392e+00 9.696661911019597291e-01 6.614399187305636252e-02
1.699746143597211656e+00 9.703215880775839519e-01 6.493822131931202557e-02
1.709452586504014659e+00 9.709650116789232399e-01 6.374929623494225706e-02
1.719165404479767512e+00 9.715966297347107261e-01 6.257709117690675449e-02
1.728884480302906868e+00 9.722166088118424643e-01 6.142147923287006456e-02
1.738609698411168969e+00 9.728251142010436725e-01 6.028233209278784782e-02
1.748340944888759241e+00 9.734223099032436322e-01 5.915952011912718050e-02
1.758078107453389771e+00 9.740083586166463636e-01 5.805291241573141275e-02
1.767821075443189338e+00 9.745834217244829789e-01 5.696237689534097010e-02
1.777569739803495752e+00 9.751476592834330548e-01 5.588778034578214399e-02
1.787323993073535178e+00 9.757012300127004822e-01 5.482898849483684028e-02
1.797083729372995320e+00 9.762442912837322462e-01 5.378586607380667073e-02
1.806848844388498909e+00 9.767769991105659244e-01 5.275827687978548730e-02
1.816619235359984152e+00 9.772995081407935825e-01 5.174608383665501438e-02
1.826394801066997697e+00 9.778119716471296297e-01 5.074914905481854588e-02
1.836175441814906106e+00 9.783145415195692030e-01 4.976733388968820199e-02
1.845961059421031392e+00 9.788073682581257540e-01 4.880049899894155219e-02
1.855751557200718160e+00 9.792906009661347388e-01 4.784850439856370985e-02
1.865546839953334812e+00 9.797643873441121976e-01 4.691120951769121861e-02
1.875346813948217450e+00 9.802288736841551220e-01 4.598847325227428673e-02
1.885151386910559612e+00 9.806842048648735100e-01 4.508015401757411306e-02
1.894960468007254484e+00 9.811305243468408932e-01 4.418610979951201334e-02
1.904773967832693593e+00 9.815679741685529036e-01 4.330619820488736810e-02
1.914591798394527977e+00 9.819966949428827752e-01 4.244027651048115635e-02
1.924413873099396488e+00 9.824168258540219023e-01 4.158820171106212410e-02
1.934240106738625675e+00 9.828285046548952408e-01 4.074983056631237971e-02
1.944070415473905689e+00 9.832318676650406708e-01 3.992501964668925679e-02
1.953904716822948195e+00 9.836270497689416636e-01 3.911362537824017438e-02
1.963742929645128976e+00 9.840141844148030392e-01 3.831550408638705746e-02
1.973584974127120972e+00 9.843934036137592658e-01 3.753051203869678387e-02
1.983430771768521783e+00 9.847648379395056439e-01 3.675850548665393625e-02
1.993280245367478276e+00 9.851286165283423824e-01 3.599934070645198492e-02
2.003133319006315638e+00 9.854848670796214627e-01 3.525287403881868786e-02
2.012989918037170423e+00 9.858337158565871894e-01 3.451896192789147971e-02
2.022849969067636700e+00 9.861752876876006546e-01 3.379746095915817788e-02
2.032713399946423749e+00 9.865097059677393476e-01 3.308822789647823670e-02
2.042580139749033297e+00 9.868370926607620275e-01 3.239111971819943342e-02
2.052450118763458065e+00 9.871575683014305325e-01 3.170599365238457173e-02
2.062323268475904303e+00 9.874712519981794223e-01 3.103270721116263217e-02
2.072199521556542745e+00 9.877782614361246827e-01 3.037111822421836513e-02
2.082078811845292865e+00 9.880787128804032760e-01 2.972108487143412803e-02
2.091961074337640891e+00 9.883727211798349899e-01 2.908246571469743497e-02
2.101846245170496008e+00 9.886603997708978131e-01 2.845511972888738195e-02
2.111734261608088303e+00 9.889418606820096214e-01 2.783890633205282281e-02
2.121625062027910236e+00 9.892172145381074033e-01 2.723368541479488994e-02
2.131518585906706509e+00 9.894865705655163657e-01 2.663931736886610002e-02
2.141414773806514127e+00 9.897500365971012570e-01 2.605566311499804208e-02
2.151313567360753076e+00 9.900077190776921388e-01 2.548258412996934688e-02
2.161214909260375183e+00 9.902597230697771646e-01 2.491994247292527581e-02
2.171118743240070703e+00 9.905061522594545975e-01 2.436760081096010777e-02
2.181025014064533973e+00 9.907471089626371796e-01 2.382542244397309675e-02
2.190933667514794791e+00 9.909826941315016402e-01 2.329327132880858534e-02
2.200844650374613742e+00 9.912130073611757908e-01 2.277101210269053336e-02
2.210757910416945915e+00 9.914381468966565469e-01 2.225851010596154034e-02
2.220673396390475673e+00 9.916582096399521040e-01 2.175563140413607280e-02
2.230591058006222482e+00 9.918732911574410505e-01 2.126224280927748941e-02
2.240510845924224004e+00 9.920834856874417573e-01 2.077821190070812743e-02
2.250432711740292024e+00 9.922888861479861600e-01 2.030340704506154378e-02
2.260356607972850984e+00 9.924895841447899381e-01 1.983769741568575801e-02
2.270282488049854663e+00 9.926856699794144312e-01 1.938095301140616011e-02
2.280210306295786360e+00 9.928772326576125185e-01 1.893304467465654201e-02
2.290140017918743442e+00 9.930643598978523556e-01 1.849384410898650966e-02
2.300071578997607613e+00 9.932471381400140853e-01 1.806322389595337724e-02
2.310004946469302656e+00 9.934256525542515259e-01 1.764105751140648826e-02
2.319940078116144111e+00 9.935999870500138442e-01 1.722721934117170395e-02
2.329876932553275548e+00 9.937702242852217704e-01 1.682158469614371959e-02
2.339815469216201205e+00 9.939364456755908073e-01 1.642402982679366449e-02
2.349755648348410997e+00 9.940987314040973244e-01 1.603443193709938250e-02
2.359697430989100564e+00 9.942571604305810995e-01 1.565266919790562344e-02
2.369640778960989014e+00 9.944118105014780884e-01 1.527862075972128385e-02
2.379585654858233923e+00 9.945627581596788724e-01 1.491216676496074853e-02
2.389532022034445369e+00 9.947100787545067879e-01 1.455318835963629459e-02
2.399479844590800770e+00 9.948538464518098534e-01 1.420156770450842036e-02
2.409429087364260980e+00 9.949941342441618319e-01 1.385718798570091496e-02
2.419379715915889850e+00 9.951310139611669880e-01 1.351993342478740798e-02
2.429331696519275052e+00 9.952645562798624335e-01 1.318968928835609518e-02
2.439284996149055473e+00 9.953948307352141756e-01 1.286634189705927744e-02
2.449239582469553422e+00 9.955219057307010955e-01 1.254977863415432209e-02
2.459195423823513416e+00 9.956458485489810828e-01 1.223988795354262124e-02
2.469152489220947100e+00 9.957667253626359960e-01 1.193655938731309242e-02
2.479110748328086089e+00 9.958846012449892315e-01 1.163968355279675418e-02
2.489070171456444491e+00 9.959995401809911275e-01 1.134915215913889774e-02
2.499030729551989793e+00 9.961116050781682052e-01 1.106485801339535460e-02
2.508992394184422992e+00 9.962208577776308083e-01 1.078669502615938608e-02
2.518955137536571076e+00 9.963273590651344769e-01 1.051455821672570186e-02
2.528918932393887431e+00 9.964311686821910596e-01 1.024834371779811786e-02
2.538883752134065919e+00 9.965323453372244566e-01 9.987948779747405498e-03
2.548849570716765989e+00 9.966309467167666636e-01 9.733271774425870590e-03
2.558816362673449696e+00 9.967270294966897870e-01 9.484212198545234618e-03
2.568784103097331517e+00 9.968206493534699231e-01 9.240670676624413923e-03
2.578752767633440079e+00 9.969118609754780147e-01 9.002548963513799102e-03
2.588722332468795351e+00 9.970007180742941344e-01 8.769749946502701163e-03
2.598692774322695520e+00 9.970872733960407519e-01 8.542177647016622327e-03
2.608664070437120674e+00 9.971715787327306568e-01 8.319737221911056163e-03
2.618636198567247053e+00 9.972536849336264275e-01 8.102334964368565137e-03
2.628609136972078097e+00 9.973336419166062283e-01 7.889878304405897533e-03
2.638582864405185191e+00 9.974114986795333815e-01 7.682275808997949922e-03
2.648557360105566971e+00 9.974873033116247178e-01 7.479437181825417807e-03
2.658532603788617443e+00 9.975611030048151529e-01 7.281273262653000476e-03
2.668508575637211333e+00 9.976329440651134917e-01 7.087696026345074660e-03
2.678485256292900907e+00 9.977028719239473542e-01 6.898618581525775041e-03
2.688462626847227366e+00 9.977709311494924460e-01 6.713955168890450853e-03
2.698440668833143707e+00 9.978371654579835104e-01 6.533621159175513789e-03
2.708419364216553493e+00 9.979016177250031872e-01 6.357533050793701991e-03
2.718398695387959751e+00 9.979643299967454473e-01 6.185608467141834321e-03
2.728378645154226678e+00 9.980253435012508278e-01 6.017766153588137781e-03
2.738359196730455025e+00 9.980846986596096926e-01 5.853925974146273470e-03
2.748340333731968954e+00 9.981424350971306314e-01 5.694008907843196854e-03
2.758322040166412137e+00 9.981985916544713344e-01 5.537937044788013297e-03
2.768304300425958431e+00 9.982532063987286097e-01 5.385633581949008861e-03
2.778287099279630912e+00 9.983063166344844364e-01 5.237022818646052021e-03
2.788270421865731485e+00 9.983579589148061650e-01 5.092030151765578397e-03
2.798254253684380632e+00 9.984081690521966479e-01 4.950582070705365420e-03
2.808238580590167288e+00 9.984569821294932979e-01 4.812606152056336795e-03
2.818223388784904859e+00 9.985044325107123031e-01 4.678031054028614945e-03
2.828208664810498263e+00 9.985505538518358870e-01 4.546786510629056977e-03
2.838194395541916215e+00 9.985953791115401712e-01 4.418803325597503613e-03
2.848180568180272765e+00 9.986389405618611992e-01 4.294013366108952352e-03
2.858167170246013189e+00 9.986812697987967891e-01 4.172349556248886038e-03
2.868154189572206025e+00 9.987223977528422170e-01 4.053745870268935132e-03
2.878141614297941242e+00 9.987623546994571777e-01 3.938137325630077130e-03
2.888129432861831436e+00 9.988011702694622462e-01 3.825459975840521474e-03
2.898117633995617837e+00 9.988388734593627305e-01 3.715650903095430065e-03
2.908106206717877118e+00 9.988754926415980284e-01 3.608648210725583574e-03
2.918095140327832571e+00 9.989110555747142683e-01 3.504391015462077728e-03
2.928084424399266084e+00 9.989455894134590119e-01 3.402819439524096441e-03
2.938074048774529157e+00 9.989791207187957989e-01 3.303874602536777897e-03
2.948064003558656054e+00 9.990116754678373123e-01 3.207498613286139787e-03
2.958054279113573326e+00 9.990432790636947225e-01 3.113634561317993061e-03
2.968044866052409692e+00 9.990739563452430971e-01 3.022226508387721063e-03
2.978035755233901849e+00 9.991037315967999932e-01 2.933219479767749764e-03
2.988026937756897095e+00 9.991326285577163402e-01 2.846559455419483183e-03
2.998018404954950533e+00 9.991606704318789500e-01 2.762193361036417369e-03
3.008010148391018213e+00 9.991878798971224329e-01 2.680069058965084752e-03
3.018002159852243516e+00 9.992142791145498526e-01 2.600135339010417775e-03
3.027994431344835036e+00 9.992398897377610112e-01 2.522341909132053920e-03
3.037986955089038599e+00 9.992647329219868091e-01 2.446639386038030554e-03
3.047979723514197659e+00 9.992888293331293470e-01 2.372979285682247277e-03
3.057972729253905619e+00 9.993121991567067708e-01 2.301314013671998480e-03
3.067965965141246087e+00 9.993348621067010829e-01 2.231596855591793348e-03
3.077959424204121497e+00 9.993568374343095861e-01 2.163781967249609004e-03
3.087953099660667888e+00 9.993781439365977404e-01 2.097824364851628813e-03
3.097946984914757618e+00 9.993987999650538745e-01 2.033679915111435456e-03
3.107941073551584665e+00 9.994188234340446453e-01 1.971305325299541663e-03
3.117935359333336542e+00 9.994382318291704648e-01 1.910658133239046290e-03
3.127929836194946578e+00 9.994570422155207856e-01 1.851696697253109531e-03
3.137924498239931470e+00 9.994752712458289112e-01 1.794380186069851951e-03
3.147919339736306554e+00 9.994929351685252206e-01 1.738668568690176618e-03
3.157914355112582783e+00 9.995100498356890295e-01 1.684522604223921260e-03
3.167909538953843196e+00 9.995266307108989778e-01 1.631903831699642185e-03
3.177904885997897111e+00 9.995426928769808317e-01 1.580774559853231551e-03
3.187900391131508915e+00 9.995582510436539225e-01 1.531097856900465008e-03
3.197896049386707240e+00 9.995733195550743355e-01 1.482837540298472499e-03
3.207891855937165193e+00 9.995879123972761793e-01 1.435958166501016516e-03
3.217887806094655634e+00 9.996020432055104932e-01 1.390425020712357648e-03
3.227883895305581063e+00 9.996157252714814589e-01 1.346204106644375773e-03
3.237880119147572788e+00 9.996289715504801388e-01 1.303262136281508124e-03
3.247876473326162472e+00 9.996417946684162947e-01 1.261566519657952726e-03
3.257872953671522076e+00 9.996542069287477350e-01 1.221085354651478549e-03
3.267869556135275300e+00 9.996662203193077412e-01 1.181787416798068180e-03
3.277866276787373412e+00 9.996778465190310214e-01 1.143642149131509494e-03
3.287863111813040806e+00 9.996890969045777453e-01 1.106619652051939878e-03
3.297860057509784060e+00 9.996999825568569920e-01 1.070690673227234170e-03
3.307857110284466717e+00 9.997105142674488354e-01 1.035826597531013709e-03
3.317854266650448469e+00 9.997207025449262874e-01 1.001999437020942383e-03
3.327851523224784724e+00 9.997305576210773204e-01 9.691818209608635834e-04
3.337848876725491021e+00 9.997400894570270813e-01 9.373469858902163960e-04
3.347846323968865612e+00 9.997493077492615177e-01 9.064687657440606170e-04
3.357843861866873780e+00 9.997582219355517497e-01 8.765215820269261181e-04
3.367841487424588554e+00 9.997668412007810756e-01 8.474804340435906306e-04
3.377839197737691812e+00 9.997751744826743892e-01 8.193208891897798673e-04
3.387836989990030023e+00 9.997832304774308954e-01 7.920190733056727645e-04
3.397834861451227262e+00 9.997910176452603492e-01 7.655516610949849102e-04
3.407832809474352409e+00 9.997985442158241476e-01 7.398958666122948001e-04
3.417830831493640531e+00 9.998058181935817190e-01 7.150294338211676294e-04
3.427828925022267548e+00 9.998128473630425450e-01 6.909306272255272404e-04
3.437827087650175528e+00 9.998196392939251442e-01 6.675782225766164774e-04
3.447825317041951720e+00 9.998262013462233533e-01 6.449514976577846092e-04
3.457823610934754655e+00 9.998325406751807920e-01 6.230302231492334695e-04
3.467821967136292649e+00 9.998386642361748455e-01 6.017946535747533505e-04
3.477820383522848502e+00 9.998445787895097192e-01 5.812255183323753859e-04
3.487818858037351699e+00 9.998502909051210086e-01 5.613040128107696890e-04
3.497817388687498585e+00 9.998558069671914517e-01 5.420117895931160544e-04
3.507815973543918275e+00 9.998611331786791956e-01 5.233309497500790572e-04
3.517814610738380754e+00 9.998662755657597989e-01 5.052440342234216933e-04
3.527813298462052938e+00 9.998712399821818586e-01 4.877340153016969512e-04
3.537812034963794261e+00 9.998760321135384821e-01 4.707842881893637278e-04
3.547810818548497558e+00 9.998806574814547155e-01 4.543786626705820556e-04
3.557809647575468581e+00 9.998851214476918159e-01 4.385013548688513675e-04
3.567808520456848154e+00 9.998894292181700338e-01 4.231369791035687923e-04
3.577807435656074286e+00 9.998935858469102378e-01 4.082705398444957858e-04
3.587806391686380714e+00 9.998975962398956030e-01 3.938874237650379713e-04
3.597805387109337616e+00 9.999014651588543634e-01 3.799733918951586067e-04
3.607804420533426093e+00 9.999051972249645148e-01 3.665145718746652117e-04
3.617803490612651718e+00 9.999087969224815797e-01 3.534974503075282251e-04
3.627802596045192285e+00 9.999122686022904327e-01 3.409088652178136913e-04
3.637801735572082862e+00 9.999156164853822970e-01 3.287359986077348362e-04
3.647800907975932372e+00 9.999188446662575780e-01 3.169663691182533923e-04
3.657800112079677035e+00 9.999219571162561992e-01 3.055878247925886788e-04
3.667799346745363565e+00 9.999249576868156630e-01 2.945885359429226700e-04
3.677798610872967444e+00 9.999278501126587226e-01 2.839569881205190318e-04
3.687797903399240518e+00 9.999306380149108886e-01 2.736819751894084573e-04
3.697797223296590552e+00 9.999333249041493232e-01 2.637525925037267102e-04
3.707796569571990553e+00 9.999359141833843445e-01 2.541582301887288517e-04
3.717795941265918724e+00 9.999384091509735395e-01 2.448885665254420274e-04
3.727795337451325075e+00 9.999408130034710407e-01 2.359335614388589377e-04
3.737794757232627330e+00 9.999431288384116323e-01 2.272834500895172234e-04
3.747794199744735710e+00 9.999453596570316849e-01 2.189287365682540231e-04
3.757793664152101698e+00 9.999475083669271402e-01 2.108601876938707238e-04
3.767793149647795659e+00 9.999495777846503231e-01 2.030688269133911015e-04
3.777792655452608450e+00 9.999515706382462454e-01 1.955459283045456859e-04
3.787792180814180121e+00 9.999534895697290704e-01 1.882830106800669379e-04
3.797791725006149921e+00 9.999553371375006217e-01 1.812718317933325555e-04
3.807791287327333407e+00 9.999571158187112729e-01 1.745043826448502077e-04
3.817790867100920860e+00 9.999588280115643268e-01 1.679728818890330560e-04
3.827790463673699239e+00 9.999604760375647716e-01 1.616697703406746317e-04
3.837790076415295903e+00 9.999620621437143031e-01 1.555877055804917380e-04
3.847789704717445414e+00 9.999635885046518347e-01 1.497195566590660179e-04
3.857789347993274554e+00 9.999650572247427149e-01 1.440583988984789408e-04
3.867789005676612213e+00 9.999664703401154320e-01 1.385975087909000511e-04
3.877788677221314817e+00 9.999678298206482463e-01 1.333303589933553597e-04
3.887788362100614403e+00 9.999691375719066411e-01 1.282506134178718093e-04
3.897788059806485350e+00 9.999703954370310344e-01 1.233521224161635173e-04
3.907787769849028425e+00 9.999716051985780840e-01 1.186289180579975464e-04
3.917787491755875262e+00 9.999727685803143640e-01 1.140752095023505887e-04
3.927787225071608379e+00 9.999738872489644104e-01 1.096853784604421753e-04
3.937786969357198963e+00 9.999749628159142478e-01 1.054539747497069567e-04
3.947786724189462859e+00 9.999759968388702847e-01 1.013757119377461263e-04
3.957786489160531218e+00 9.999769908234756866e-01 9.744546307527732860e-05
3.967786263877337571e+00 9.999779462248840067e-01 9.365825651708305037e-05
3.977786047961120897e+00 9.999788644492917378e-01 9.000927182993934768e-05
3.987785841046943780e+00 9.999797468554303403e-01 8.649383578649021457e-05
3.997785642783225235e+00 9.999805947560188590e-01 8.310741844401750252e-05
4.007785452831286399e+00 9.999814094191771252e-01 7.984562930704207015e-05
4.017785270864913549e+00 9.999821920698016564e-01 7.670421357267900831e-05
4.027785096569930445e+00 9.999829438909040302e-01 7.367904845765821191e-05
4.037784929643787102e+00 9.999836660249130649e-01 7.076613960591095806e-05
4.047784769795160997e+00 9.999843595749415837e-01 6.796161757561381246e-05
4.057784616743568051e+00 9.999850256060180964e-01 6.526173440457304115e-05
4.067784470218989590e+00 9.999856651462849522e-01 6.266286025282548063e-05
4.077784329961509968e+00 9.999862791881629631e-01 6.016148012132564022e-05
4.087784195720962188e+00 9.999868686894838321e-01 5.775419064558390378e-05
4.097784067256589502e+00 9.999874345745906057e-01 5.543769696311646322e-05
4.107783944336715898e+00 9.999879777354074850e-01 5.320880965356447856e-05
4.117783826738427244e+00 9.999884990324793277e-01 5.106444175033779105e-05
4.127783714247262203e+00 9.999889992959811735e-01 4.900160582263719447e-05
4.137783606656912916e+00 9.999894793266996817e-01 4.701741112670870711e-05
4.147783503768936342e+00 9.999899398969858133e-01 4.510906082518376835e-05
4.157783405392475373e+00 9.999903817516804239e-01 4.327384927336041517e-05
4.167783311343987052e+00 9.999908056090127673e-01 4.150915937128238457e-05
4.177783221446980555e+00 9.999912121614731308e-01 3.981245998047585260e-05
4.187783135531765843e+00 9.999916020766596025e-01 3.818130340420684788e-05
4.197783053435208522e+00 9.999919759981003020e-01 3.661332293012653120e-05
4.207782975000490033e+00 9.999923345460510760e-01 3.510623043417616793e-05
4.217782900076883834e+00 9.999926783182697676e-01 3.365781404462911549e-05
4.227782828519529801e+00 9.999930078907672826e-01 3.226593586515298228e-05
4.237782760189222842e+00 9.999933238185361173e-01 3.092852975578174878e-05
4.247782694952205951e+00 9.999936266362570159e-01 2.964359917069467500e-05
4.257782632679970369e+00 9.999939168589846439e-01 2.840921505170646222e-05
4.267782573249061961e+00 9.999941949828118348e-01 2.722351377638116684e-05
4.277782516540895585e+00 9.999944614855140745e-01 2.608469515969102410e-05
4.287782462441574793e+00 9.999947168271740017e-01 2.499102050815026063e-05
4.297782410841717748e+00 9.999949614507869233e-01 2.394081072536349849e-05
4.307782361636290247e+00 9.999951957828473459e-01 2.293244446793806746e-05
4.317782314724443182e+00 9.999954202339177423e-01 2.196435635071985559e-05
4.327782270009354448e+00 9.999956351991792225e-01 2.103503520032281102e-05
4.337782227398079726e+00 9.999958410589649960e-01 2.014302235593307708e-05
4.347782186801405935e+00 9.999960381792775133e-01 1.928691001637998476e-05
4.357782148133710898e+00 9.999962269122886216e-01 1.846533963247753074e-05
4.367782111312827453e+00 9.999964075968243993e-01 1.767700034365176008e-05
4.377782076259910227e+00 9.999965805588345580e-01 1.692062745788137527e-05
4.387782042899311286e+00 9.999967461118465240e-01 1.619500097399118523e-05
4.397782011158459348e+00 9.999969045574050863e-01 1.549894414535033738e-05
4.407781980967738100e+00 9.999970561854979456e-01 1.483132208403991542e-05
4.417781952260376954e+00 9.999972012749677175e-01 1.419104040456722978e-05
4.427781924972339134e+00 9.999973400939101698e-01 1.357704390621706025e-05
4.437781899042215983e+00 9.999974729000594698e-01 1.298831529314314106e-05
4.447781874411126601e+00 9.999975999411613303e-01 1.242387393131637205e-05
4.457781851022619257e+00 9.999977214553332772e-01 1.188277464145950075e-05
4.467781828822576351e+00 9.999978376714133699e-01 1.136410652711138126e-05
4.477781807759122934e+00 9.999979488092974877e-01 1.086699183697737006e-05
4.487781787782541443e+00 9.999980550802651802e-01 1.039058486073589864e-05
4.497781768845183770e+00 9.999981566872944150e-01 9.934070857484808572e-06
4.507781750901393103e+00 9.999982538253663344e-01 9.496665016024610756e-06
4.517781733907421327e+00 9.999983466817594646e-01 9.077611446189444357e-06
4.527781717821357965e+00 9.999984354363338213e-01 8.676182200450071650e-06
4.537781702603053802e+00 9.999985202618058011e-01 8.291676325026897684e-06
4.547781688214052487e+00 9.999986013240133031e-01 7.923418939764549312e-06
4.557781674617523038e+00 9.999986787821721901e-01 7.570760346033126131e-06
4.567781661778194113e+00 9.999987527891235350e-01 7.233075161934759558e-06
4.577781649662292729e+00 9.999988234915727636e-01 6.909761484107594299e-06
4.587781638237482085e+00 9.999988910303200251e-01 6.600240075432731908e-06
4.597781627472805610e+00 9.999989555404834585e-01 6.303953577963034709e-06
4.607781617338630120e+00 9.999990171517135762e-01 6.020365750405981672e-06
4.617781607806592525e+00 9.999990759884010982e-01 5.748960729505982424e-06
4.627781598849548317e+00 9.999991321698770141e-01 5.489242314684664216e-06
4.637781590441521828e+00 9.999991858106057618e-01 5.240733275310691016e-06
4.647781582557658275e+00 9.999992370203714120e-01 5.002974679983585191e-06
4.657781575174178457e+00 9.999992859044575244e-01 4.775525247228850572e-06
4.667781568268333459e+00 9.999993325638204533e-01 4.557960717014399493e-06
4.677781561818362910e+00 9.999993770952566585e-01 4.349873242510865669e-06
4.687781555803455902e+00 9.999994195915635764e-01 4.150870801530845499e-06
4.697781550203708356e+00 9.999994601416952733e-01 3.960576627094448256e-06
4.707781545000087497e+00 9.999994988309119925e-01 3.778628656580723562e-06
4.717781540174396326e+00 9.999995357409248165e-01 3.604678998936588709e-06
4.727781535709237204e+00 9.999995709500344443e-01 3.438393419426802043e-06
4.737781531587978101e+00 9.999996045332655292e-01 3.279450841420285871e-06
4.747781527794723289e+00 9.999996365624957972e-01 3.127542864719725350e-06
4.757781524314278698e+00 9.999996671065802811e-01 2.982373299952832279e-06
4.767781521132125278e+00 9.999996962314713356e-01 2.843657718554968067e-06
4.777781518234388791e+00 9.999997240003339893e-01 2.711123017883976427e-06
4.787781515607814065e+00 9.999997504736571896e-01 2.584507001019061074e-06
4.797781513239737450e+00 9.999997757093606054e-01 2.463557970806367544e-06
4.807781511118061957e+00 9.999997997628979896e-01 2.348034337724598304e-06
4.817781509231233272e+00 9.999998226873559881e-01 2.237704241154478704e-06
4.827781507568215780e+00 9.999998445335499531e-01 2.132345183646223037e-06
4.837781506118473018e+00 9.999998653501153134e-01 2.031743677789311362e-06
4.847781504871941927e+00 9.999998851835965041e-01 1.935694905298873454e-06
4.857781503819016855e+00 9.999999040785315652e-01 1.844002387942804340e-06
4.867781502950526473e+00 9.999999220775342978e-01 1.756477669943375776e-06
4.877781502257716895e+00 9.999999392213726468e-01 1.672940011496597931e-06
4.887781501732233913e+00 9.999999555490446390e-01 1.593216093061884952e-06
4.897781501366102574e+00 9.999999710978507705e-01 1.517139730083718796e-06
4.907781501151713854e+00 9.999999859034645056e-01 1.444551597815970738e-06
4.917781501081808671e+00 9.999999999999990008e-01 1.375298965928335131e-06
