0.000000000000000000e+00 0.000000000000000000e+00 6.026016074959110735e-01
3.013008037479555188e-05 6.026015922030190930e-03 6.026015459939486618e-01
1.205203122239471272e-04 1.205202966652322780e-02 6.026011074711478122e-01
2.711706483678673644e-04 1.807803548711572547e-02 6.025998926360919272e-01
4.820809637937434550e-04 2.410402352317371488e-02 6.025974779994628383e-01
7.532510133126228431e-04 3.012997956093661084e-02 6.025934165749637916e-01
1.084680386869268150e-03 3.615588480342765698e-02 6.025872388868351859e-01
1.476368462604000717e-03 4.218171565113219140e-02 6.025784540946260703e-01
1.928314357778277040e-03 4.820744349410872182e-02 6.025665511447866329e-01
2.440516877678807883e-03 5.423303451555878951e-02 6.025509999060680855e-01
3.012974462613606137e-03 6.025844950658280214e-02 6.025312522692981565e-01
3.645685133109878226e-03 6.628364369172132231e-02 6.025067432040831505e-01
4.338646433419420835e-03 7.230856656484094258e-02 6.024768917711101901e-01
5.091855373432772718e-03 7.833316173492767265e-02 6.024411020917934678e-01
5.905308369099103449e-03 8.435736678137646660e-02 6.023987642784611740e-01
6.779001181444903150e-03 9.038111311840105189e-02 6.023492553288698481e-01
7.712928854280943700e-03 9.640432586822682282e-02 6.022919399889584691e-01
8.707085650683831293e-03 1.024269237427684193e-01 6.022261715876412458e-01
9.761464988335645174e-03 1.084488189335303943e-01 6.021512928472058102e-01
1.087605937380274959e-02 1.144699170095036800e-01 6.020666366725987428e-01
1.205086033583270544e-02 1.204901168228618702e-01 6.019715269225811571e-01
1.328585835774644987e-02 1.265093104222898279e-01 6.018652791654421907e-01
1.458104280900131104e-02 1.325273829738022602e-01 6.017472014216805887e-01
1.593640187599915103e-02 1.385442126889330217e-01 6.016165948958012155e-01
1.735192249221284913e-02 1.445596707601960740e-01 6.014727546991355256e-01
1.882759026770338545e-02 1.505736213037368321e-01 6.013149705653746402e-01
2.036338941809913428e-02 1.565859213091086444e-01 6.011425275603007323e-01
2.195930269310831032e-02 1.625964205961231701e-01 6.009547067870220083e-01
2.361531130463512956e-02 1.686049617787353794e-01 6.007507860878437134e-01
2.533139485456987680e-02 1.746113802359345324e-01 6.005300407437583754e-01
2.710753126232280999e-02 1.806155040896218478e-01 6.002917441723913949e-01
2.894369669217173799e-02 1.866171541894627028e-01 6.000351686251113037e-01
3.083986548049295895e-02 1.926161441047084533e-01 5.997595858838891125e-01
3.279601006294527443e-02 1.986122801229874835e-01 5.994642679583810363e-01
3.481210090167675963e-02 2.046053612560697899e-01 5.991484877836017464e-01
3.688810641262409845e-02 2.105951792526124522e-01 5.988115199184572690e-01
3.902399289297428520e-02 2.165815186178955132e-01 5.984526412453143873e-01
4.121972444885872722e-02 2.225641566405590355e-01 5.980711316706968095e-01
4.347526292334970982e-02 2.285428634263529379e-01 5.976662748271139858e-01
4.579056782482954224e-02 2.345174019389104636e-01 5.972373587759538527e-01
4.816559625580252996e-02 2.404875280475553823e-01 5.967836767112943974e-01
5.060030284222027941e-02 2.464529905821509215e-01 5.963045276644208803e-01
5.309463966339068863e-02 2.524135313949963932e-01 5.957992172087674954e-01
5.564855618254116454e-02 2.583688854297738202e-01 5.952670581649411874e-01
5.826199917810655909e-02 2.643187807975437842e-01 5.947073713054242816e-01
6.093491267581228887e-02 2.702629388597844184e-01 5.941194860584951831e-01
6.366723788162301223e-02 2.762010743184640238e-01 5.935027412108540013e-01
6.645891311562714121e-02 2.821328953131306827e-01 5.928564856083875512e-01
6.930987374692725023e-02 2.880581035249981658e-01 5.921800788544614447e-01
7.222005212960620757e-02 2.939763942879992098e-01 5.914728920050787986e-01
7.518937753983853667e-02 2.998874567067721375e-01 5.907343082602064532e-01
7.821777611421612542e-02 3.057909737815383000e-01 5.899637236505252957e-01
8.130517078935699249e-02 3.116866225398210455e-01 5.891605477188277540e-01
8.445148124286519509e-02 3.175740741749485396e-01 5.883242041952490009e-01
8.765662383570939353e-02 3.234529941912743234e-01 5.874541316654877665e-01
9.092051155608692203e-02 3.293230425560417785e-01 5.865497842311444554e-01
9.424305396483939612e-02 3.351838738578085120e-01 5.856106321612776222e-01
9.762415714248497134e-02 3.410351374713386785e-01 5.846361625342580970e-01
1.010637236379314241e-01 3.468764777288614320e-01 5.836258798689801797e-01
1.045616524189332125e-01 3.527075340975843187e-01 5.825793067444721141e-01
1.081178388243544397e-01 3.585279413633407075e-01 5.814959844069358397e-01
1.117321745182984216e-01 3.643373298202406407e-01 5.803754733632344731e-01
1.154045474461631998e-01 3.701353254661847170e-01 5.792173539598397536e-01
1.191348417926808706e-01 3.759215502040905710e-01 5.780212269462468022e-01
1.229229379419971013e-01 3.816956220486718565e-01 5.767867140218647659e-01
1.267687124398455267e-01 3.874571553385990907e-01 5.755134583653921387e-01
1.306720379578697744e-01 3.932057609538628928e-01 5.742011251456936582e-01
1.346327832601445507e-01 3.989410465381493243e-01 5.728494020132034459e-01
1.386508131719445536e-01 4.046626167260277129e-01 5.714579995708932714e-01
1.427259885508085357e-01 4.103700733747422946e-01 5.700266518238586988e-01
1.468581662599433568e-01 4.160630158003886803e-01 5.685551166065968554e-01
1.510471991440108519e-01 4.217410410182480529e-01 5.670431759870712130e-01
1.552929360073377063e-01 4.274037439870420618e-01 5.654906366466841972e-01
1.595952215945866670e-01 4.330507178568634985e-01 5.638973302353084138e-01
1.639538965739241738e-01 4.386815542205290686e-01 5.622631137005574820e-01
1.683687975227176892e-01 4.442958433680930241e-01 5.605878695905144316e-01
1.728397569157927860e-01 4.498931745442520946e-01 5.588715063291724849e-01
1.773666031162776657e-01 4.554731362083652702e-01 5.571139584638835629e-01
1.819491603690596149e-01 4.610353162968057195e-01 5.553151868841548211e-01
1.865872487968756599e-01 4.665793024873544081e-01 5.534751790111781533e-01
1.912806843990559058e-01 4.721046824653407636e-01 5.515939489575285570e-01
1.960292790529359064e-01 4.776110441912285731e-01 5.496715376565155520e-01
2.008328405179508891e-01 4.830979761693419139e-01 5.477080129607284631e-01
2.056911724424214383e-01 4.885650677174208645e-01 5.457034697093697817e-01
2.106040743730378528e-01 4.940119092366928588e-01 5.436580297640285497e-01
2.155713417670462595e-01 4.994380924821428813e-01 5.415718420126062194e-01
2.205927660071371477e-01 5.048432108326625922e-01 5.394450823411667262e-01
2.256681344190335503e-01 5.102268595607569734e-01 5.372779535735461298e-01
2.307972302917725982e-01 5.155886361014854202e-01 5.350706853786184602e-01
2.359798329006713713e-01 5.209281403203132044e-01 5.328235341451819096e-01
2.412157175329645020e-01 5.262449747795507893e-01 5.305367828244913486e-01
2.465046555160976816e-01 5.315387450030562011e-01 5.282107407405314259e-01
2.518464142486582236e-01 5.368090597388800456e-01 5.258457433681892335e-01
2.572407572339203696e-01 5.420555312195324271e-01 5.234421520795515814e-01
2.626874441159803286e-01 5.472777754195546907e-01 5.210003538586193139e-01
2.681862307184517680e-01 5.524754123100817926e-01 5.185207609847951593e-01
2.737368690856910036e-01 5.576480661100854386e-01 5.160038106855688866e-01
2.793391075265166945e-01 5.627953655339916761e-01 5.134499647588859350e-01
2.849926906603859611e-01 5.679169440353728504e-01 5.108597091657507416e-01
2.906973594659871818e-01 5.730124400464198242e-01 5.082335535936776116e-01
2.964528513322046144e-01 5.780814972129052487e-01 5.055720309916639232e-01
3.022589001114092677e-01 5.831237646243571104e-01 5.028756970774181934e-01
3.081152361750264523e-01 5.881388970391696613e-01 5.001451298176345928e-01
3.140215864713277183e-01 5.931265551043852780e-01 4.973809288821607333e-01
3.199776745853931681e-01 5.980864055698915660e-01 4.945837150729584519e-01
3.259832208011866905e-01 6.030181214967856862e-01 4.917541297288091640e-01
3.320379421656847185e-01 6.079213824596688687e-01 4.888928341067634298e-01
3.381415525549965051e-01 6.127958747426432984e-01 4.860005087413805658e-01
3.442937627424121350e-01 6.176412915287949890e-01 4.830778527828470392e-01
3.504942804683118251e-01 6.224573330829568096e-01 4.801255833151028551e-01
3.567428105118685688e-01 6.272437069275577093e-01 4.771444346551418914e-01
3.630390547644736787e-01 6.320001280113758391e-01 4.741351576346866104e-01
3.693827123048138983e-01 6.367263188710252653e-01 4.710985188654674971e-01
3.757734794755264729e-01 6.414220097850191760e-01 4.680352999893654942e-01
3.822110499613567969e-01 6.460869389202634760e-01 4.649462969146994640e-01
3.886951148687428081e-01 6.507208524708497643e-01 4.618323190399611922e-01
3.952253628067483593e-01 6.553235047890286769e-01 4.586941884663168767e-01
4.018014799692665173e-01 6.598946585082571259e-01 4.555327392002083697e-01
4.084231502184137441e-01 6.644340846582277305e-01 4.523488163473959878e-01
4.150900551690334117e-01 6.689415627718018342e-01 4.491432752997923661e-01
4.218018742742284388e-01 6.734168809837801639e-01 4.459169809164383325e-01
4.285582849118401150e-01 6.778598361214595025e-01 4.426708066999717750e-01
4.353589624717915663e-01 6.822702337869375189e-01 4.394056339699355940e-01
4.422035804442127627e-01 6.866478884311399966e-01 4.361223510342638887e-01
4.490918105082645773e-01 6.909926234195598038e-01 4.328218523602735957e-01
4.560233226215782976e-01 6.953042710897081591e-01 4.295050377464750269e-01
4.629977851102288766e-01 6.995826728002944028e-01 4.261728114964973280e-01
4.700148647591583240e-01 7.038276789721600313e-01 4.228260815964038355e-01
4.770742269029674687e-01 7.080391491210085153e-01 4.194657588966486106e-01
4.841755355169942709e-01 7.122169518819829737e-01 4.160927562999000018e-01
4.913184533085974137e-01 7.163609650261565376e-01 4.127079879559263920e-01
4.985026418085645172e-01 7.204710754690112351e-01 4.093123684647088645e-01
5.057277614625658169e-01 7.245471792709944348e-01 4.059068120889102183e-01
5.129934717225735907e-01 7.285891816302511037e-01 4.024922319767937351e-01
5.202994311381708981e-01 7.325969968676417921e-01 3.990695393966465776e-01
5.276452974476720792e-01 7.365705484041669138e-01 3.956396429837213957e-01
5.350307276689800773e-01 7.405097687309267762e-01 3.922034480006674206e-01
5.424553781901065852e-01 7.444145993717573573e-01 3.887618556123783597e-01
5.499189048592828533e-01 7.482849908386906002e-01 3.853157621761384988e-01
5.574209630745892152e-01 7.521209025803957671e-01 3.818660585479011771e-01
5.649612078730356091e-01 7.559223029237677194e-01 3.784136294054857852e-01
5.725392940190233704e-01 7.596891690088347637e-01 3.749593525894305834e-01
5.801548760921241277e-01 7.634214867171665864e-01 3.715040984621880704e-01
5.878076085741109624e-01 7.671192505939676831e-01 3.680487292862990589e-01
5.954971459351795504e-01 7.707824637640507959e-01 3.645940986221309910e-01
6.032231427192993323e-01 7.744111378418871983e-01 3.611410507457139540e-01
6.109852536286364266e-01 7.780052928359383335e-01 3.576904200871567907e-01
6.187831336069922195e-01 7.815649570474757502e-01 3.542430306900731796e-01
6.266164379222033398e-01 7.850901669641024982e-01 3.507996956923975507e-01
6.344848222474512855e-01 7.885809671481904815e-01 3.473612168289176849e-01
6.423879427414319609e-01 7.920374101204535888e-01 3.439283839558018863e-01
6.503254561273376089e-01 7.954595562388762087e-01 3.405019745973468792e-01
6.582970197706053961e-01 7.988474735732219445e-01 3.370827535151240673e-01
6.663022917553905744e-01 8.022012377753456880e-01 3.336714722996525495e-01
6.743409309597219181e-01 8.055209319455356454e-01 3.302688689846799419e-01
6.824125971293022452e-01 8.088066464951113588e-01 3.268756676841044206e-01
6.905169509499170521e-01 8.120584790055040969e-01 3.234925782515271631e-01
6.986536541184170668e-01 8.152765340840459896e-01 3.201202959623780653e-01
7.068223694122434120e-01 8.184609232166923931e-01 3.167595012185162595e-01
7.150227607574654032e-01 8.216117646179021961e-01 3.134108592751637667e-01
7.232544932953043348e-01 8.247291830778988864e-01 3.100750199899910409e-01
7.315172334471168325e-01 8.278133098075316498e-01 3.067526175941339139e-01
7.398106489778165651e-01 8.308642822809555462e-01 3.034442704848840378e-01
7.481344090577123351e-01 8.338822440763460353e-01 3.001505810397591123e-01
7.564881843227446723e-01 8.368673447148590183e-01 2.968721354516253852e-01
7.648716469331033885e-01 8.398197394980465580e-01 2.936095035845111001e-01
7.732844706302135496e-01 8.427395893439322272e-01 2.903632388497203176e-01
7.817263307920753190e-01 8.456270606219477015e-01 2.871338781018252240e-01
7.901969044869489034e-01 8.484823249869261064e-01 2.839219415540888969e-01
7.986958705253752733e-01 8.513055592123456305e-01 2.807279327128432977e-01
8.072229095105265539e-01 8.540969450230089244e-01 2.775523383303232783e-01
8.157777038868806452e-01 8.568566689273415804e-01 2.743956283754340197e-01
8.243599379872184052e-01 8.595849220494848897e-01 2.712582560219079508e-01
8.329692980779408451e-01 8.622818999613557356e-01 2.681406576532876507e-01
8.416054724027076661e-01 8.649478025148372717e-01 2.650432528841516477e-01
8.502681512243992490e-01 8.675828336742608116e-01 2.619664445969838162e-01
8.589570268654049823e-01 8.701872013493322511e-01 2.589106189940706404e-01
8.676717937462442576e-01 8.727611172286497965e-01 2.558761456637962395e-01
8.764121484225260161e-01 8.753047966139539948e-01 2.528633776606905581e-01
8.851777896202549512e-01 8.778184582552440718e-01 2.498726515985754959e-01
8.939684182694935810e-01 8.803023241868890292e-01 2.469042877561395954e-01
9.027837375363912953e-01 8.827566195648530734e-01 2.439585901942635526e-01
9.116234528535913650e-01 8.851815725051509487e-01 2.410358468844070179e-01
9.204872719490295729e-01 8.875774139236386473e-01 2.381363298473583578e-01
9.293749048731371198e-01 8.899443773772413024e-01 2.352602953016398324e-01
9.382860640244639061e-01 8.922826989067100811e-01 2.324079838208514548e-01
9.472204641737375086e-01 8.945926168809941181e-01 2.295796204992284484e-01
9.561778224863737297e-01 8.968743718433060952e-01 2.267754151246777206e-01
9.651578585434571478e-01 8.991282063589526308e-01 2.239955623585498101e-01
9.741602943612085452e-01 9.013543648649927631e-01 2.212402419213928828e-01
9.831848544089587527e-01 9.035530935217807036e-01 2.185096187839244419e-01
9.922312656256472296e-01 9.057246400664412667e-01 2.158038433624447916e-01
1.001299257434865586e+00 9.078692536683183878e-01 2.131230517179031336e-01
1.010388561758464920e+00 9.099871847864290375e-01 2.104673657578119139e-01
1.019498913028748621e+00 9.120786850289472891e-01 2.078368934401881030e-01
1.028630048199270064e+00 9.141440070147344166e-01 2.052317289786803056e-01
1.037781706754254962e+00 9.161834042369223496e-01 2.026519530480178077e-01
1.046953630716671357e+00 9.181971309285500427e-01 2.000976329888909944e-01
1.056145564654964675e+00 9.201854419302413213e-01 1.975688230113419319e-01
1.065357255688481164e+00 9.221485925599058886e-01 1.950655643957085184e-01
1.074588453491596818e+00 9.240868384844328487e-01 1.925878856901232783e-01
1.083838910296574420e+00 9.260004355933380005e-01 1.901358029035203623e-01
1.093108380895165599e+00 9.278896398743141649e-01 1.877093196930477992e-01
1.102396622638978085e+00 9.297547072906223731e-01 1.853084275447166585e-01
1.111703395438626174e+00 9.315958936602513063e-01 1.829331059460433673e-01
1.121028461761680139e+00 9.334134545367568370e-01 1.805833225493531369e-01
1.130371586629433045e+00 9.352076450916828598e-01 1.782590333243101732e-01
1.139732537612499375e+00 9.369787199984461745e-01 1.759601826981217199e-01
1.149111084825258144e+00 9.387269333175556341e-01 1.736867036817246190e-01
1.158507000919154928e+00 9.404525383830149021e-01 1.714385179801025394e-01
1.167920061074873672e+00 9.421557876897407313e-01 1.692155360846952505e-01
1.177350042993385859e+00 9.438369327818068033e-01 1.670176573456431668e-01
1.186796726885886555e+00 9.454962241412984136e-01 1.648447700213566680e-01
1.196259895462619571e+00 9.471339110775381931e-01 1.626967513026023604e-01
1.205739333920597289e+00 9.487502416164120822e-01 1.605734673079516894e-01
1.215234829930212035e+00 9.503454623894922459e-01 1.584747730470293103e-01
1.224746173620736123e+00 9.519198185226145359e-01 1.564005123475207815e-01
1.234273157564704126e+00 9.534735535235261406e-01 1.543505177413348473e-01
1.243815576761164277e+00 9.550069091681688827e-01 1.523246103046508315e-01
1.253373228617784774e+00 9.565201253851074448e-01 1.503225994457932091e-01
1.262945912931791925e+00 9.580134401375469677e-01 1.483442826339399223e-01
1.272533431869714349e+00 9.594870893023086378e-01 1.463894450605566500e-01
1.282135589945899046e+00 9.609413065450442826e-01 1.444578592241156922e-01
1.291752193999756715e+00 9.623763231908697424e-01 1.425492844270595805e-01
1.301383053171687010e+00 9.637923680894753264e-01 1.406634661720425339e-01
1.311027978877622457e+00 9.651896674736334392e-01 1.388001354421521394e-01
1.320686784782120649e+00 9.665684448098530446e-01 1.369590078469810346e-01
1.330359286769915661e+00 9.679289206397364564e-01 1.351397826129607238e-01
1.340045302915831682e+00 9.692713124103552458e-01 1.333421413921252741e-01
1.349744653452935816e+00 9.705958342916783943e-01 1.315657468582377421e-01
1.359457160738791970e+00 9.719026969787457615e-01 1.298102410527165462e-01
1.369182649219649051e+00 9.731921074758631551e-01 1.280752434346906776e-01
1.378920945392367425e+00 9.744642688595909208e-01 1.263603485793268200e-01
1.388671877763853590e+00 9.757193800166767961e-01 1.246651234556870325e-01
1.398435276807730610e+00 9.769576353523186096e-01 1.229891041989593092e-01
1.408210974917919245e+00 9.781792244631885014e-01 1.213317922708212343e-01
1.417998806358746311e+00 9.793843317684590710e-01 1.196926498743992734e-01
1.427798607211119064e+00 9.805731360905641791e-01 1.180710944546193991e-01
1.437610215314214512e+00 9.817458101755133226e-01 1.164664920676946741e-01
1.447433470202018180e+00 9.829025201401159206e-01 1.148781493407814575e-01
1.457268213033905191e+00 9.840434248302812881e-01 1.133053036583012707e-01
1.467114286518278021e+00 9.851686750703790851e-01 1.117471110960866487e-01
1.476971534828050103e+00 9.862784127781039079e-01 1.102026314650489530e-01
1.486839803506470936e+00 9.873727699118491907e-01 1.086708096024057435e-01
1.496718939361413536e+00 9.884518672074807943e-01 1.071504517298020320e-01
1.506608790345744797e+00 9.895158126474280502e-01 1.056401952355587454e-01
1.516509205420740081e+00 9.905646995853981673e-01 1.041384695552440565e-01
1.526420034398599412e+00 9.915986044219655682e-01 1.026434447933071009e-01
1.536341127758887870e+00 9.926175836853391443e-01 1.011529631331177792e-01
1.546272336431980365e+00 9.936216703104140402e-01 9.966444554747296014e-02
1.556213511540083250e+00 9.946108688153334487e-01 9.817476216699770608e-02
1.566164504082716569e+00 9.955851489263206622e-01 9.668004761113818679e-02
1.576125164547933499e+00 9.965444369583899009e-01 9.517543011381271456e-02
1.586095342421742327e+00 9.974886038445895942e-01 9.365462013073984349e-02
1.596074885553773637e+00 9.984174479627100363e-01 9.210925862464511282e-02
1.606063639312423685e+00 9.993306694936983092e-01 9.052782932691730289e-02
1.616061445417322551e+00 1.000227830148452401e+00 8.889371862304819294e-02
1.626068140247196148e+00 1.001108285574139334e+00 8.718143817600362833e-02
1.636083552224061766e+00 1.001971061063065438e+00 8.534831725899981458e-02
1.646107497372833572e+00 1.002814589996112060e+00 8.331254306057270242e-02
1.656139770540966838e+00 1.003636024248421910e+00 8.087292629052236781e-02
1.666180121350783194e+00 1.004428233576299512e+00 7.690752277747799071e-02
nan nan nan
nan nan nan
nan nan nan
nan nan nan
nan nan nan
nan nan nan
nan nan nan
nan nan nan
nan nan nan
nan nan nan
nan nan nan
nan nan nan
nan nan nan
nan nan nan
nan nan nan
nan nan nan
nan nan nan
nan nan nan
nan nan nan
nan nan nan
nan nan nan
nan nan nan
nan nan nan
nan nan nan
nan nan nan
nan nan nan
nan nan nan
nan nan nan
nan nan nan
nan nan nan
nan nan nan
nan nan nan
nan nan nan
nan nan nan
nan nan nan
nan nan nan
nan nan nan
nan nan nan
nan nan nan
nan nan nan
nan nan nan
nan nan nan
nan nan nan
nan nan nan
nan nan nan
nan nan nan
nan nan nan
nan nan nan
nan nan nan
nan nan nan
nan nan nan
nan nan nan
nan nan nan
nan nan nan
nan nan nan
nan nan nan
nan nan nan
nan nan nan
nan nan nan
nan nan nan
nan nan nan
nan nan nan
nan nan nan
nan nan nan
nan nan nan
nan nan nan
nan nan nan
nan nan nan
nan nan nan
nan nan nan
nan nan nan
nan nan nan
nan nan nan
nan nan nan
nan nan nan
nan nan nan
nan nan nan
nan nan nan
nan nan nan
nan nan nan
nan nan nan
nan nan nan
nan nan nan
nan nan nan
nan nan nan
nan nan nan
nan nan nan
nan nan nan
nan nan nan
nan nan nan
nan nan nan
nan nan nan
nan nan nan
nan nan nan
nan nan nan
nan nan nan
nan nan nan
nan nan nan
nan nan nan
nan nan nan
nan nan nan
nan nan nan
nan nan nan
nan nan nan
nan nan nan
nan nan nan
nan nan nan
nan nan nan
nan nan nan
nan nan nan
nan nan nan
nan nan nan
nan nan nan
nan nan nan
nan nan nan
nan nan nan
nan nan nan
nan nan nan
nan nan nan
nan nan nan
nan nan nan
nan nan nan
nan nan nan
nan nan nan
nan nan nan
nan nan nan
nan nan nan
nan nan nan
nan nan nan
nan nan nan
nan nan nan
nan nan nan
nan nan nan
nan nan nan
nan nan nan
nan nan nan
nan nan nan
nan nan nan
nan nan nan
nan nan nan
nan nan nan
nan nan nan
nan nan nan
nan nan nan
nan nan nan
nan nan nan
nan nan nan
nan nan nan
nan nan nan
nan nan nan
nan nan nan
nan nan nan
nan nan nan
nan nan nan
nan nan nan
nan nan nan
nan nan nan
nan nan nan
nan nan nan
nan nan nan
nan nan nan
nan nan nan
nan nan nan
nan nan nan
nan nan nan
nan nan nan
nan nan nan
nan nan nan
nan nan nan
nan nan nan
nan nan nan
nan nan nan
nan nan nan
nan nan nan
nan nan nan
nan nan nan
nan nan nan
nan nan nan
nan nan nan
nan nan nan
nan nan nan
nan nan nan
nan nan nan
nan nan nan
nan nan nan
nan nan nan
nan nan nan
nan nan nan
nan nan nan
nan nan nan
nan nan nan
nan nan nan
nan nan nan
nan nan nan
nan nan nan
nan nan nan
nan nan nan
nan nan nan
nan nan nan
nan nan nan
nan nan nan
nan nan nan
nan nan nan
nan nan nan
nan nan nan
nan nan nan
nan nan nan
nan nan nan
nan nan nan
nan nan nan
nan nan nan
nan nan nan
nan nan nan
nan nan nan
nan nan nan
nan nan nan
nan nan nan
nan nan nan
nan nan nan
nan nan nan
nan nan nan
nan nan nan
nan nan nan
nan nan nan
nan nan nan
nan nan nan
nan nan nan
nan nan nan
nan nan nan
nan nan nan
nan nan nan
nan nan nan
nan nan nan
nan nan nan
nan nan nan
nan nan nan
nan nan nan
nan nan nan
nan nan nan
nan nan nan
nan nan nan
nan nan nan
nan nan nan
nan nan nan
nan nan nan
nan nan nan
nan nan nan
nan nan nan
nan nan nan
nan nan nan
nan nan nan
nan nan nan
nan nan nan
nan nan nan
nan nan nan
nan nan nan
nan nan nan
nan nan nan
nan nan nan
nan nan nan
nan nan nan
nan nan nan
nan nan nan
nan nan nan
nan nan nan
nan nan nan
nan nan nan
nan nan nan
nan nan nan
nan nan nan
nan nan nan
nan nan nan
nan nan nan
nan nan nan
nan nan nan
nan nan nan
nan nan nan
nan nan nan
nan nan nan
nan nan nan
nan nan nan
nan nan nan
nan nan nan
nan nan nan
nan nan nan
nan nan nan
nan nan nan
nan nan nan
nan nan nan
nan nan nan
nan nan nan
nan nan nan
nan nan nan
nan nan nan
nan nan nan
nan nan nan
nan nan nan
nan nan nan
nan nan nan
nan nan nan
nan nan nan
nan nan nan
nan nan nan
nan nan nan
nan nan nan
nan nan nan
nan nan nan
nan nan nan
nan nan nan
nan nan nan
nan nan nan
nan nan nan
nan nan nan
nan nan nan
nan nan nan
nan nan nan
nan nan nan
nan nan nan
nan nan nan
nan nan nan
nan nan nan
nan nan nan
nan nan nan
nan nan nan
nan nan nan
nan nan nan
nan nan nan
nan nan nan
nan nan nan
nan nan nan
nan nan nan
nan nan nan
nan nan nan
nan nan nan
nan nan nan
nan nan nan
nan nan nan
nan nan nan
nan nan nan
