0.000000000000000000e+00 0.000000000000000000e+00 4.875798841026041108e-01
2.437899420513020581e-05 4.875798741870718267e-03 4.875798444206546622e-01
9.751597086525876936e-05 9.751596093387514264e-03 4.875795661718230756e-01
2.194109001565936476e-04 1.462738847071848661e-02 4.875788094877692158e-01
3.900637044000947401e-04 1.950316988430116777e-02 4.875773330933251271e-01
6.094742339341014054e-04 2.437893192485790159e-02 4.875748943237676603e-01
8.776422428480300806e-04 2.925466374959988236e-02 4.875712491452503516e-01
1.194567364579185312e-03 3.413035206865065035e-02 4.875661521782354013e-01
1.560249087375024848e-03 3.900598113171829806e-02 4.875593567237848647e-01
1.974686729623507681e-03 4.388153271504437875e-02 4.875506147925877110e-01
2.437879415054427460e-03 4.875698610865628752e-02 4.875396771366125592e-01
2.949826047814892681e-03 5.363231810394889637e-02 4.875262932832892804e-01
3.510525287422377148e-03 5.850750298162029489e-02 4.875102115721339779e-01
4.119975523598994570e-03 6.338251249998565207e-02 4.874911791937408534e-01
4.778174850990903229e-03 6.825731588369259029e-02 4.874689422310737319e-01
5.485121043776963745e-03 7.313187981286067840e-02 4.874432457029970744e-01
6.240811530171008412e-03 7.800616841266722057e-02 4.874138336099929636e-01
7.045243366822287467e-03 8.288014324340094163e-02 4.873804489820163233e-01
7.898413213118880144e-03 8.775376329100474659e-02 4.873428339284448518e-01
8.800317305399065620e-03 9.262698495812828059e-02 4.873007296900854213e-01
9.750951431075858059e-03 9.749976205571067589e-02 4.872538766932013043e-01
1.075031090268009117e-02 1.023720457951135671e-01 4.872020146055280887e-01
1.179839053182768493e-02 1.072437847808240668e-01 4.871448823942486350e-01
1.289518460311685384e-02 1.121149250037471456e-01 4.870822183858992127e-01
1.404068684796128466e-02 1.169854098351066768e-01 4.870137603281811667e-01
1.523489041836543004e-02 1.218551800209739661e-01 4.869392454536530246e-01
1.647778786064831372e-02 1.267241736774425698e-01 4.868584105452798960e-01
1.776937108912238564e-02 1.315923262864677201e-01 4.867709920038164606e-01
1.910963135973418187e-02 1.364595706923886764e-01 4.866767259170016735e-01
2.049855924367368146e-02 1.413258370991520851e-01 4.865753481305417627e-01
2.193614460095948820e-02 1.461910530682538623e-01 4.864665943208599241e-01
2.342237655400708843e-02 1.510551435174174173e-01 4.863502000695893446e-01
2.495724346118765799e-02 1.559180307200253579e-01 4.862259009397859599e-01
2.654073289038500968e-02 1.607796343053219112e-01 4.860934325538377454e-01
2.817283159255850114e-02 1.656398712594027156e-01 4.859525306730449468e-01
2.985352547531983092e-02 1.704986559270087743e-01 4.858029312788461063e-01
3.158279957653188641e-02 1.753559000141406421e-01 4.856443706556626827e-01
3.336063803793788696e-02 1.802115125915091931e-01 4.854765854753345655e-01
3.518702407882927374e-02 1.850654000988384840e-01 4.852993128831168956e-01
3.706193996976096805e-02 1.899174663500362292e-01 4.851122905852077172e-01
3.898536700632274782e-02 1.947676125392471813e-01 4.849152569377742084e-01
4.095728548297560695e-02 1.996157372478040704e-01 4.847079510374433520e-01
4.297767466696217342e-02 2.044617364520905922e-01 4.844901128132221291e-01
4.504651277230041495e-02 2.093055035323306279e-01 4.842614831198099878e-01
4.716377693386986786e-02 2.141469292823174608e-01 4.840218038322641747e-01
4.932944318159996483e-02 2.189859019200960377e-01 4.837708179419780152e-01
5.154348641476997478e-02 2.238223070996116504e-01 4.835082696539287905e-01
5.380588037643031785e-02 2.286560279233370852e-01 4.832339044851510779e-01
5.611659762795510875e-02 2.334869449558905075e-01 4.829474693643893146e-01
5.847560952373586501e-02 2.383149362386555170e-01 4.826487127328806803e-01
6.088288618602648306e-02 2.431398773054145590e-01 4.823373846462185033e-01
6.333839647994965460e-02 2.479616411990060998e-01 4.820132368772431231e-01
6.584210798867501380e-02 2.527800984890156144e-01 4.816760230199068071e-01
6.839398698877940941e-02 2.575951172905098785e-01 4.813254985940553787e-01
7.099399842579975917e-02 2.624065632838234463e-01 4.809614211510686577e-01
7.364210588998909568e-02 2.672142997354055027e-01 4.805835503802995956e-01
7.633827159228635806e-02 2.720181875197348886e-01 4.801916482162491007e-01
7.908245634051079553e-02 2.768180851423103772e-01 4.797854789464126024e-01
8.187461951579157182e-02 2.816138487637221965e-01 4.793648093197323545e-01
8.471471904924357532e-02 2.864053322248111821e-01 4.789294086555864194e-01
8.760271139890031533e-02 2.911923870729201114e-01 4.784790489532452784e-01
9.053855152691468733e-02 2.959748625892413831e-01 4.780135050017232379e-01
9.352219287703887607e-02 3.007526058172652617e-01 4.775325544899513552e-01
9.655358735239408241e-02 3.055254615923309047e-01 4.770359781171961688e-01
9.963268529354145364e-02 3.102932725722825080e-01 4.765235597036471260e-01
1.027594354568649726e-01 3.150558792692319532e-01 4.759950863010935507e-01
1.059337849932775744e-01 3.198131200824281817e-01 4.754503483036106037e-01
1.091556794272614678e-01 3.245648313322332945e-01 4.748891395581725239e-01
1.124250626362537780e-01 3.293108472952039900e-01 4.743112574751089938e-01
1.157418768303884599e-01 3.340510002402762857e-01 4.737165031383201996e-01
1.191060625326056388e-01 3.387851204660511928e-01 4.731046814151638746e-01
1.225175585591392335e-01 3.435130363391768471e-01 4.724756010659268979e-01
1.259763020003939193e-01 3.482345743338232102e-01 4.718290748527927958e-01
1.294822282022222437e-01 3.529495590722433462e-01 4.711649196482149970e-01
1.330352707476127327e-01 3.576578133664152781e-01 4.704829565426053573e-01
1.366353614387998405e-01 3.623591582607566530e-01 4.697830109512459718e-01
1.402824302798064138e-01 3.670534130759046110e-01 4.690649127203319058e-01
1.439764054594291076e-01 3.717403954535510313e-01 4.683284962320513611e-01
1.477172133346775218e-01 3.764199214023235540e-01 4.675736005086096325e-01
1.515047784146772714e-01 3.810918053447011067e-01 4.668000693151024283e-01
1.553390233450473445e-01 3.857558601649520580e-01 4.660077512611436878e-01
1.592198688927618511e-01 3.904118972580818414e-01 4.651964999011531932e-01
1.631472339315063746e-01 3.950597265797767266e-01 4.643661738332084954e-01
1.671210354275385335e-01 3.996991566973281951e-01 4.635166367963661216e-01
1.711411884260626570e-01 4.043299948415225997e-01 4.626477577663568042e-01
1.752076060381282385e-01 4.089520469594793428e-01 4.617594110495599202e-01
1.793201994280612666e-01 4.135651177684195323e-01 4.608514763751626053e-01
1.834788778014379007e-01 4.181690108103471304e-01 4.599238389854088949e-01
1.876835483936094562e-01 4.227635285076223881e-01 4.589763897238460233e-01
1.919341164587874404e-01 4.273484722194073049e-01 4.580090251214745667e-01
1.962304852596974125e-01 4.319236422989620183e-01 4.570216474807101692e-01
2.005725560578098254e-01 4.364888381517691984e-01 4.560141649570663702e-01
2.049602281041563445e-01 4.410438582944636310e-01 4.549864916384678271e-01
2.093933986307391637e-01 4.455885004145426764e-01 4.539385476221056703e-01
2.138719628425414243e-01 4.501225614308326795e-01 4.528702590887473400e-01
2.183958139101458695e-01 4.546458375546852393e-01 4.517815583744146934e-01
2.229648429629689788e-01 4.591581243518769728e-01 4.506723840393463965e-01
2.275789390831176318e-01 4.636592168051849039e-01 4.495426809341618868e-01
2.322379892998746032e-01 4.681489093776090016e-01 4.483924002631456407e-01
2.369418785848195763e-01 4.726269960762130018e-01 4.472214996445736390e-01
2.416904898475913666e-01 4.770932705165534249e-01 4.460299431680048721e-01
2.464837039322974044e-01 4.815475259876658143e-01 4.448177014484634983e-01
2.513213996145756135e-01 4.859895555175771653e-01 4.435847516774397148e-01
2.562034535993139572e-01 4.904191519393120702e-01 4.423310776706393943e-01
2.611297405190324272e-01 4.948361079573596610e-01 4.410566699124155443e-01
2.661001329329317766e-01 4.992402162145684330e-01 4.397615255968175263e-01
2.711145013266132997e-01 5.036312693594339196e-01 4.384456486651955864e-01
2.761727141124730722e-01 5.080090601137452477e-01 4.371090498403031877e-01
2.812746376307747598e-01 5.123733813405548787e-01 4.357517466568404108e-01
2.864201361514031041e-01 5.167240261124357303e-01 4.343737634883867438e-01
2.916090718763014733e-01 5.210607877799894316e-01 4.329751315706730219e-01
2.968413049425957517e-01 5.253834600405687949e-01 4.315558890211473320e-01
3.021166934264061243e-01 5.296918370071770354e-01 4.301160808547916381e-01
3.074350933473485870e-01 5.339857132775066573e-01 4.286557589961499382e-01
3.127963586737276813e-01 5.382648840030792581e-01 4.271749822875325342e-01
3.182003413284205107e-01 5.425291449584479508e-01 4.256738164933641655e-01
3.236468911954534233e-01 5.467782926104244323e-01 4.241523343006474156e-01
3.291358561272704764e-01 5.510121241872903974e-01 4.226106153155169687e-01
3.346670819526941787e-01 5.552304377479555519e-01 4.210487460558636763e-01
3.402404124855770151e-01 5.594330322510217002e-01 4.194668199400114483e-01
3.458556895341433068e-01 5.636197076237141612e-01 4.178649372714335897e-01
3.515127529110192994e-01 5.677902648306399902e-01 4.162432052194994792e-01
3.572114404439498681e-01 5.719445059423343691e-01 4.146017377962462613e-01
3.629515879871996198e-01 5.760822342035545329e-01 4.129406558291739970e-01
3.687330294336352843e-01 5.802032541012818179e-01 4.112600869300669371e-01
3.745555967274866727e-01 5.843073714323918644e-01 4.095601654598478580e-01
3.804191198777823746e-01 5.883943933709540053e-01 4.078410324894756189e-01
3.863234269724565295e-01 5.924641285351197606e-01 4.061028357569007596e-01
3.922683441931222315e-01 5.965163870535608037e-01 4.043457296200979600e-01
3.982536958305069041e-01 6.005509806314186516e-01 4.025698750061976749e-01
4.042793043005444842e-01 6.045677226157251116e-01 4.007754393567435347e-01
4.103449901611192496e-01 6.085664280602571807e-01 3.989625965691065423e-01
4.164505721294549101e-01 6.125469137897862071e-01 3.971315269340895959e-01
4.225958671001431854e-01 6.165089984636846765e-01 3.952824170697616379e-01
4.287806901638049895e-01 6.204525026388523212e-01 3.934154598515626211e-01
4.350048546263773352e-01 6.243772488319251357e-01 3.915308543387260309e-01
4.412681720290187459e-01 6.282830615807301067e-01 3.896288056970678704e-01
4.475704521686250104e-01 6.321697675049502418e-01 3.877095251181958413e-01
4.539115031189477900e-01 6.360371953659637034e-01 3.857732297351955664e-01
4.602911312523070286e-01 6.398851761258225190e-01 3.838201425348537477e-01
4.667091412618890600e-01 6.437135430053366747e-01 3.818504922664827106e-01
4.731653361846205330e-01 6.475221315412295064e-01 3.798645133474130020e-01
4.796595174246095494e-01 6.513107796423316387e-01 3.778624457652247637e-01
4.861914847771434123e-01 6.550793276447814950e-01 3.758445349767912114e-01
4.927610364532336029e-01 6.588276183662002961e-01 3.738110318042109914e-01
4.993679691046968849e-01 6.625554971588113462e-01 3.717621923277090179e-01
5.060120778497626537e-01 6.662628119614735223e-01 3.696982777755881133e-01
5.126931562991945412e-01 6.699494133505997651e-01 3.676195544113168845e-01
5.194109965829161180e-01 6.736151545899328186e-01 3.655262934178412082e-01
5.261653893771279789e-01 6.772598916791499057e-01 3.634187707792100874e-01
5.329561239319052790e-01 6.808834834012713610e-01 3.612972671596082486e-01
5.397829880992629503e-01 6.844857913688466855e-01 3.591620677798906813e-01
5.466457683616768870e-01 6.880666800688937101e-01 3.570134622917157108e-01
5.535442498610478879e-01 6.916260169065678864e-01 3.548517446493764105e-01
5.604782164280963652e-01 6.951636722475383889e-01 3.526772129794302213e-01
5.674474506121733874e-01 6.986795194590500468e-01 3.504901694482305263e-01
5.744517337114765088e-01 7.021734349496508987e-01 3.482909201274633215e-01
5.814908458036558425e-01 7.056452982075651637e-01 3.460797748577956745e-01
5.885645657767967220e-01 7.090949918376936445e-01 3.438570471107417204e-01
5.956726713607659596e-01 7.125224015972247971e-01 3.416230538488556068e-01
6.028149391589066042e-01 7.159274164298392584e-01 3.393781153843593024e-01
6.099911446800684311e-01 7.193099284984937336e-01 3.371225552363161793e-01
6.172010623709581756e-01 7.226698332167696970e-01 3.348566999864607263e-01
6.244444656487968537e-01 7.260070292787738078e-01 3.325808791337955261e-01
6.317211269342681845e-01 7.293214186875790483e-01 3.302954249480676840e-01
6.390308176847444566e-01 7.326129067821953722e-01 3.280006723222365639e-01
6.463733084277746288e-01 7.358814022630602025e-01 3.256969586240453518e-01
6.537483687948197897e-01 7.391268172160407879e-01 3.233846235468081365e-01
6.611557675552212077e-01 7.423490671349411985e-01 3.210640089595255264e-01
6.685952726503859855e-01 7.455480709425073016e-01 3.187354587564402708e-01
6.760666512281754414e-01 7.487237510099250537e-01 3.163993187061442947e-01
6.835696696774803405e-01 7.518760331748081116e-01 3.140559363003489479e-01
6.911040936629690989e-01 7.550048467576716549e-01 3.117056606024282139e-01
6.986696881599926412e-01 7.581101245768915309e-01 3.093488420958449003e-01
7.062662174896318090e-01 7.611918029621469461e-01 3.069858325325687254e-01
7.138934453538708924e-01 7.642498217663481475e-01 3.046169847815939913e-01
7.215511348708835149e-01 7.672841243760499808e-01 3.022426526776637035e-01
7.292390486104147751e-01 7.702946577203543255e-01 2.998631908703054960e-01
7.369569486292451010e-01 7.732813722783047350e-01 2.974789546732836132e-01
7.447045965067199402e-01 7.762442220847782792e-01 2.950902999145698091e-01
7.524817533803319636e-01 7.791831647348799184e-01 2.926975827869343072e-01
7.602881799813384633e-01 7.820981613868465132e-01 2.903011596992562948e-01
7.681236366704015106e-01 7.849891767634675777e-01 2.879013871286519310e-01
7.759878834732341080e-01 7.878561791520324320e-01 2.854986214735157901e-01
7.838806801162389037e-01 7.906991404028120840e-01 2.830932189075701655e-01
7.918017860621243686e-01 7.935180359260873839e-01 2.806855352350140498e-01
7.997509605454842241e-01 7.963128446877343336e-01 2.782759257468619407e-01
8.077279626083250230e-01 7.990835492033795395e-01 2.758647450785609578e-01
8.157325511355285608e-01 8.018301355311380219e-01 2.734523470689711466e-01
8.237644848902349048e-01 8.045525932629481458e-01 2.710390846207935134e-01
8.318235225491312779e-01 8.072509155145186632e-01 2.686253095625262821e-01
8.399094227376336930e-01 8.099250989139032963e-01 2.662113725120285879e-01
8.480219440649477969e-01 8.125751435887189622e-01 2.637976227417680453e-01
8.561608451589949320e-01 8.152010531520251790e-01 2.613844080458260222e-01
8.643258847011904278e-01 8.178028346868831955e-01 2.589720746087323944e-01
8.725168214610610207e-01 8.203804987296123841e-01 2.565609668761985596e-01
8.807334143306883023e-01 8.229340592517638830e-01 2.541514274278151575e-01
8.889754223589658721e-01 8.254635336408311375e-01 2.517437968517785007e-01
8.972426047856567610e-01 8.279689426797186558e-01 2.493384136217067781e-01
9.055347210752399123e-01 8.304503105249889661e-01 2.469356139756046786e-01
9.138515309505331752e-01 8.329076646839104203e-01 2.445357317970326405e-01
9.221927944260805976e-01 8.353410359903280513e-01 2.421390984985336281e-01
9.305582718412925836e-01 8.377504585793803527e-01 2.397460429073686172e-01
9.389477238933278125e-01 8.401359698610845195e-01 2.373568911536085013e-01
9.473609116697052634e-01 8.424976104928153520e-01 2.349719665606279095e-01
9.557975966806357970e-01 8.448354243507008032e-01 2.325915895380437914e-01
9.642575408910621926e-01 8.471494584999592625e-01 2.302160774771386809e-01
9.727405067523972049e-01 8.494397631642042201e-01 2.278457446488064420e-01
9.812462572339502032e-01 8.517063916937402945e-01 2.254809021040551087e-01
9.897745558540311794e-01 8.539494005328780446e-01 2.231218575770993751e-01
9.983251667107235772e-01 8.561688491862922135e-01 2.207689153910724067e-01
1.006897854512315504e+00 8.583648001844504938e-01 2.184223763663841744e-01
1.015492384607381560e+00 8.605373190481391266e-01 2.160825377317511509e-01
1.024108523014504613e+00 8.626864742521126450e-01 2.137496930379195470e-01
1.032746036451630101e+00 8.648123371878937427e-01 2.114241320741019337e-01
1.041404692365044404e+00 8.669149821257516875e-01 2.091061407871446787e-01
1.050084258957969308e+00 8.689944861758859274e-01 2.067960012034412154e-01
1.058784505218763217e+00 8.710509292488423094e-01 2.044939913536039100e-01
1.067505200948724253e+00 8.730843940151906679e-01 2.022003851999047974e-01
1.076246116789485674e+00 8.750949658644898710e-01 1.999154525664936788e-01
1.085007024249997398e+00 8.770827328635693032e-01 1.976394590723991873e-01
1.093787695733088094e+00 8.790477857141544282e-01 1.953726660673169024e-01
1.102587904561598942e+00 8.809902177098637432e-01 1.931153305701862610e-01
1.111407425004085736e+00 8.829101246926059909e-01 1.908677052105555993e-01
1.120246032300080463e+00 8.848076050084046074e-01 1.886300381727334941e-01
1.129103502684910110e+00 8.866827594626776055e-01 1.864025731427215449e-01
1.137979613414064506e+00 8.885356912750007607e-01 1.841855492579228259e-01
1.146874142787109641e+00 8.903665060333817438e-01 1.819792010596176235e-01
1.155786870171141567e+00 8.921753116480726220e-01 1.797837584481966622e-01
1.164717576023775791e+00 8.939622183049489301e-01 1.775994466411403849e-01
1.173666041915669034e+00 8.957273384184815113e-01 1.754264861337305192e-01
1.182632050552568481e+00 8.974707865843294385e-01 1.732650926624793863e-01
1.191615385796884752e+00 8.991926795315809962e-01 1.711154771712600497e-01
1.200615832688786355e+00 9.008931360746686989e-01 1.689778457801192624e-01
1.209633177466811427e+00 9.025722770649867721e-01 1.668523997567536443e-01
1.218667207587994072e+00 9.042302253422354053e-01 1.647393354906280249e-01
1.227717711747503548e+00 9.058671056855204240e-01 1.626388444697133562e-01
1.236784479897792277e+00 9.074830447642326936e-01 1.605511132598204938e-01
1.245867303267252924e+00 9.090781710887340106e-01 1.584763234865049220e-01
1.254965974378380089e+00 9.106526149608744625e-01 1.564146518195157487e-01
1.264080287065438180e+00 9.122065084243672350e-01 1.543662699597619092e-01
1.273210036491630337e+00 9.137399852150456248e-01 1.523313446287665185e-01
1.282355019165771104e+00 9.152531807110263484e-01 1.503100375605800620e-01
1.291515032958459930e+00 9.167462318828046852e-01 1.483025054961213118e-01
1.300689877117754856e+00 9.182192772433049877e-01 1.463089001799144917e-01
1.309879352284347043e+00 9.196724567979099874e-01 1.443293683591897469e-01
1.319083260506235478e+00 9.211059119944934315e-01 1.423640517853136112e-01
1.328301405252902523e+00 9.225197856734779212e-01 1.404130872175148592e-01
1.337533591428989421e+00 9.239142220179415999e-01 1.384766064288703302e-01
1.346779625387473756e+00 9.252893665037958959e-01 1.365547362145150823e-01
1.356039314942349527e+00 9.266453658500564128e-01 1.346475984020398253e-01
1.365312469380809191e+00 9.279823679692283944e-01 1.327553098640382456e-01
1.374598899474931635e+00 9.293005219178279708e-01 1.308779825327662516e-01
1.383898417492875232e+00 9.305999778470612771e-01 1.290157234168743117e-01
1.393210837209579278e+00 9.318808869536802097e-01 1.271686346201737761e-01
1.402535973916974266e+00 9.331434014310362457e-01 1.253368133623973257e-01
1.411873644433704111e+00 9.343876744203516438e-01 1.235203520019131640e-01
1.421223667114361877e+00 9.356138599622273455e-01 1.217193380603525388e-01
1.430585861858242547e+00 9.368221129484065601e-01 1.199338542491090592e-01
1.439960050117614410e+00 9.380125890738124639e-01 1.181639784976685759e-01
1.449346054905511938e+00 9.391854447888784430e-01 1.164097839837275328e-01
1.458743700803054155e+00 9.403408372521879777e-01 1.146713391650576452e-01
1.468152813966290715e+00 9.414789242834417093e-01 1.129487078130744226e-01
1.477573222132578801e+00 9.425998643167687874e-01 1.112419490480667517e-01
1.487004754626496172e+00 9.437038163543984837e-01 1.095511173760444629e-01
1.496447242365291475e+00 9.447909399207082837e-01 1.078762627271607349e-01
1.505900517863878019e+00 9.458613950166636641e-01 1.062174304956659959e-01
1.515364415239373486e+00 9.469153420746653227e-01 1.045746615813497316e-01
1.524838770215189987e+00 9.479529419138174040e-01 1.029479924324265411e-01
1.534323420124679593e+00 9.489743556956325987e-01 1.013374550898227533e-01
1.543818203914338660e+00 9.499797448801857724e-01 9.974307723281976290e-02
1.553322962146576058e+00 9.509692711827316680e-01 9.816488222601021940e-02
1.562837537002050192e+00 9.519430965307977832e-01 9.660288916752321486e-02
1.572361772281579251e+00 9.529013830217663017e-01 9.505711293847457499e-02
1.581895513407629350e+00 9.538442928809558463e-01 9.352756425359844139e-02
1.591438607425387008e+00 9.547719884202158225e-01 9.201424971301631894e-02
1.600990903003419064e+00 9.556846319970435655e-01 9.051717185509984553e-02
1.610552250433927579e+00 9.565823859742355051e-01 8.903632921038370784e-02
1.620122501632602630e+00 9.574654126800827836e-01 8.757171635648514085e-02
1.629701510138081177e+00 9.583338743691205419e-01 8.612332397398660133e-02
1.639289131111015152e+00 9.591879331834408662e-01 8.469113890323842764e-02
1.648885221332756057e+00 9.600277511145782761e-01 8.327514420203842305e-02
1.658489639203661659e+00 9.608534899659757489e-01 8.187531920414548026e-02
1.668102244741029416e+00 9.616653113160406052e-01 8.049163957858457286e-02
1.677722899576663762e+00 9.624633764817965842e-01 7.912407738970067550e-02
1.687351466954083223e+00 9.632478464831405462e-01 7.777260115791957695e-02
1.696987811725373385e+00 9.640188820077094656e-01 7.643717592117345305e-02
1.706631800347690575e+00 9.647766433763655947e-01 7.511776329694971888e-02
1.716283300879424267e+00 9.655212905093044640e-01 7.381432154492184594e-02
1.725942182976024197e+00 9.662529828927923781e-01 7.252680563012101067e-02
1.735608317885496188e+00 9.669718795465378491e-01 7.125516728660800936e-02
1.745281578443577564e+00 9.676781389917020748e-01 6.999935508160513853e-02
1.754961839068593044e+00 9.683719192195531233e-01 6.875931448004789226e-02
1.764648975756002658e+00 9.690533776607673788e-01 6.753498790951717456e-02
1.774342866072644798e+00 9.697226711553822431e-01 6.632631482551258617e-02
1.784043389150682168e+00 9.703799559234026484e-01 6.513323177702820543e-02
1.793750425681257310e+00 9.710253875360651543e-01 6.395567247239242192e-02
1.803463857907864343e+00 9.716591208877616292e-01 6.279356784533396407e-02
1.813183569619442270e+00 9.722813101686241799e-01 6.164684612123663698e-02
1.822909446143198275e+00 9.728921088377735504e-01 6.051543288354582079e-02
1.832641374337167228e+00 9.734916695972325451e-01 5.939925114029027953e-02
1.842379242582511845e+00 9.740801443665045856e-01 5.829822139068317755e-02
1.852122940775574600e+00 9.746576842578187350e-01 5.721226169176690801e-02
1.861872360319682507e+00 9.752244395520415221e-01 5.614128772506671999e-02
1.871627394116717191e+00 9.757805596752546773e-01 5.508521286321874100e-02
1.881387936558451823e+00 9.763261931759992240e-01 5.404394823653844993e-02
1.891153883517664669e+00 9.768614877031848165e-01 5.301740279949635620e-02
1.900925132339035928e+00 9.773865899846631011e-01 5.200548339706802942e-02
1.910701581829831852e+00 9.779016458064638817e-01 5.100809483092635932e-02
1.920483132250385916e+00 9.784067999926921999e-01 5.002513992544443261e-02
1.930269685304381921e+00 9.789021963860847775e-01 4.905651959347803737e-02
1.940061144128945481e+00 9.793879778292221561e-01 4.810213290189738894e-02
1.949857413284551200e+00 9.798642861463957576e-01 4.716187713683835103e-02
1.959658398744752450e+00 9.803312621261255355e-01 4.623564786864397397e-02
1.969464007885738388e+00 9.807890455043252187e-01 4.532333901646788676e-02
1.979274149475726441e+00 9.812377749481117073e-01 4.442484291251166950e-02
1.989088733664196029e+00 9.816775880402556220e-01 4.354005036586898469e-02
1.998907671970970634e+00 9.821086212642673452e-01 4.266885072594998884e-02
2.008730877275152427e+00 9.825310099901154448e-01 4.181113194546007272e-02
2.018558263803918340e+00 9.829448884605728187e-01 4.096678064290779769e-02
2.028389747121182474e+00 9.833503897781850078e-01 4.013568216461742277e-02
2.038225244116131929e+00 9.837476458928562373e-01 3.931772064622229834e-02
2.048064672991639412e+00 9.841367875900478568e-01 3.851277907361587427e-02
2.057907953252563260e+00 9.845179444795834067e-01 3.772073934333793760e-02
2.067755005693937775e+00 9.848912449850543149e-01 3.694148232237429164e-02
2.077605752389059646e+00 9.852568163338211171e-01 3.617488790734885856e-02
2.087460116677479327e+00 9.856147845476029845e-01 3.542083508308781908e-02
2.097318023152898725e+00 9.859652744336500074e-01 3.467920198053619368e-02
2.107179397650984942e+00 9.863084095764910186e-01 3.394986593400792924e-02
2.117044167237105423e+00 9.866443123302509610e-01 3.323270353775127639e-02
2.126912260193986270e+00 9.869731038115300281e-01 3.252759070181193007e-02
2.136783606009304393e+00 9.872949038928376941e-01 3.183440270717722426e-02
2.146658135363216147e+00 9.876098311965751941e-01 3.115301426018523417e-02
2.156535780115828249e+00 9.879180030895579057e-01 3.048329954618346146e-02
2.166416473294617173e+00 9.882195356780701934e-01 2.982513228242249237e-02
2.176300149081800583e+00 9.885145438034460552e-01 2.917838577017063673e-02
2.186186742801668359e+00 9.888031410381663555e-01 2.854293294603639855e-02
2.196076190907876757e+00 9.890854396824656503e-01 2.791864643248621186e-02
2.205968430970710603e+00 9.893615507614398341e-01 2.730539858754567686e-02
2.215863401664319721e+00 9.896315840226469485e-01 2.670306155367318038e-02
2.225761042753934049e+00 9.898956479341921577e-01 2.611150730579549564e-02
2.235661295083060995e+00 9.901538496832892333e-01 2.553060769849567133e-02
2.245564100560671239e+00 9.904062951752894417e-01 2.496023451234417184e-02
2.255469402148377434e+00 9.906530890331695094e-01 2.440025949936495270e-02
2.265377143847609354e+00 9.908943345974698946e-01 2.385055442762881728e-02
2.275287270686792152e+00 9.911301339266744836e-01 2.331099112496708148e-02
2.285199728708528166e+00 9.913605877980230519e-01 2.278144152179920751e-02
2.295114464956791167e+00 9.915857957087477192e-01 2.226177769306880022e-02
2.305031427464133476e+00 9.918058558777238520e-01 2.175187189928293532e-02
2.314950565238913072e+00 9.920208652475275279e-01 2.125159662665048951e-02
2.324871828252542461e+00 9.922309194868890181e-01 2.076082462631573949e-02
2.334795167426763740e+00 9.924361129935350689e-01 2.027942895268416285e-02
2.344720534620954755e+00 9.926365388974088821e-01 1.980728300083796703e-02
2.354647882619468113e+00 9.928322890642604648e-01 1.934426054303949732e-02
2.364577165119009283e+00 9.930234540995969139e-01 1.889023576432127816e-02
2.374508336716056434e+00 9.932101233529843087e-01 1.844508329716201128e-02
2.384441352894321575e+00 9.933923849226919955e-01 1.800867825524847879e-02
2.394376170012264105e+00 9.935703256606693845e-01 1.758089626632382968e-02
2.404312745290653641e+00 9.937440311778469315e-01 1.716161350412329784e-02
2.414251036800186601e+00 9.939135858497522014e-01 1.675070671939899239e-02
2.424191003449162718e+00 9.940790728224311312e-01 1.634805327003584913e-02
2.434132604971220193e+00 9.942405740186663898e-01 1.595353115026146643e-02
2.444075801913135670e+00 9.943981701444827292e-01 1.556701901895297599e-02
2.454020555622690836e+00 9.945519406959317799e-01 1.518839622704464855e-02
2.463966828236607398e+00 9.947019639661452972e-01 1.481754284404041694e-02
2.473914582668553575e+00 9.948483170526504216e-01 1.445433968363597256e-02
2.483863782597226511e+00 9.949910758649352926e-01 1.409866832845555439e-02
2.493814392454510642e+00 9.951303151322590246e-01 1.375041115390900591e-02
2.503766377413715105e+00 9.952661084116946055e-01 1.340945135117513343e-02
2.513719703377893300e+00 9.953985280963983939e-01 1.307567294931778062e-02
2.523674336968245502e+00 9.955276454240955530e-01 1.274896083654151330e-02
2.533630245512608958e+00 9.956535304857744295e-01 1.242920078059413756e-02
2.543587397034033248e+00 9.957762522345804390e-01 1.211627944832372600e-02
2.553545760239448459e+00 9.958958784949012433e-01 1.181008442439815745e-02
2.563505304508423510e+00 9.960124759716353360e-01 1.151050422919555442e-02
2.573465999882017741e+00 9.961261102596347117e-01 1.121742833587435068e-02
2.583427817051728859e+00 9.962368458533151783e-01 1.093074718663204423e-02
2.593390727348537261e+00 9.963447461564244323e-01 1.065035220816202069e-02
2.603354702732048498e+00 9.964498734919607914e-01 1.037613582631813011e-02
2.613319715779736541e+00 9.965522891122353677e-01 1.010799147999701109e-02
2.623285739676287420e+00 9.966520532090682449e-01 9.845813634248403931e-03
2.633252748203045446e+00 9.967492249241125535e-01 9.589497792623989658e-03
2.643220715727564674e+00 9.968438623592980052e-01 9.338940508775529087e-03
2.653189617193263850e+00 9.969360225873870052e-01 9.094039397313317605e-03
2.663159428109187044e+00 9.970257616626353458e-01 8.854693143936196581e-03
2.673130124539873975e+00 9.971131346315507127e-01 8.620801514844579280e-03
2.683101683095335588e+00 9.971981955437418943e-01 8.392265365448141681e-03
2.693074080921140201e+00 9.972809974628515928e-01 8.168986648380009014e-03
2.703047295688608020e+00 9.973615924775656172e-01 7.950868420829466585e-03
2.713021305585117560e+00 9.974400317126925763e-01 7.737814851205347504e-03
2.722996089304522638e+00 9.975163653403065211e-01 7.529731225142434654e-03
2.732971626037681290e+00 9.975906425909466524e-01 7.326523950863316620e-03
2.742947895463095254e+00 9.976629117648673217e-01 7.128100563908279508e-03
2.752924877737664477e+00 9.977332202433322195e-01 6.934369731245926781e-03
2.762902553487554425e+00 9.978016144999466430e-01 6.745241254777305934e-03
2.772880903799175289e+00 9.978681401120219618e-01 6.560626074246413662e-03
2.782859910210276233e+00 9.979328417719661726e-01 6.380436269570036179e-03
2.792839554701154192e+00 9.979957632986948823e-01 6.204585062599919480e-03
2.802819819685974601e+00 9.980569476490571690e-01 6.032986818330347660e-03
2.812800688004208904e+00 9.981164369292707672e-01 5.865557045564220341e-03
2.822782142912185321e+00 9.981742724063611405e-01 5.702212397050772374e-03
2.832764168074754174e+00 9.982304945195997758e-01 5.542870669108081530e-03
2.842746747557066911e+00 9.982851428919357062e-01 5.387450800743532470e-03
2.852729865816471033e+00 9.983382563414158195e-01 5.235872872285399215e-03
2.862713507694516935e+00 9.983898728925896249e-01 5.088058103538688377e-03
2.872697658409081090e+00 9.984400297878924802e-01 4.943928851478389744e-03
2.882682303546600711e+00 9.984887634990041727e-01 4.803408607493218387e-03
2.892667429054423422e+00 9.985361097381771911e-01 4.666421994192922890e-03
2.902653021233269293e+00 9.985821034695313569e-01 4.532894761792169262e-03
2.912639066729805215e+00 9.986267789203100431e-01 4.402753784083957185e-03
2.922625552529333870e+00 9.986701695920943145e-01 4.275927054015464523e-03
2.932612465948591485e+00 9.987123082719704392e-01 4.152343678879137114e-03
2.942599794628658838e+00 9.987532270436479953e-01 4.031933875131767098e-03
2.952587526527983286e+00 9.987929572985239091e-01 3.914628962854208548e-03
2.962575649915510922e+00 9.988315297466897613e-01 3.800361359864283702e-03
2.972564153363927097e+00 9.988689744278781424e-01 3.689064575495335559e-03
2.982553025743008401e+00 9.989053207223453912e-01 3.580673204052768968e-03
2.992542256213081675e+00 9.989405973616874990e-01 3.475122917960805219e-03
3.002531834218591378e+00 9.989748324395854029e-01 3.372350460611558097e-03
3.012521749481773092e+00 9.990080534224780040e-01 3.272293638928403144e-03
3.022511991996435832e+00 9.990402871601590240e-01 3.174891315655488291e-03
3.032502552021846043e+00 9.990715598962958133e-01 3.080083401385083977e-03
3.042493420076720856e+00 9.991018972788665575e-01 2.987810846334331208e-03
3.052484586933320809e+00 9.991313243705145508e-01 2.898015631882801171e-03
3.062476043611649601e+00 9.991598656588166483e-01 2.810640761882114355e-03
3.072467781373754203e+00 9.991875450664635672e-01 2.725630253748720973e-03
3.082459791718125341e+00 9.992143859613501489e-01 2.642929129350770571e-03
3.092452066374201003e+00 9.992404111665733613e-01 2.562483405699840858e-03
3.102444597296966755e+00 9.992656429703365983e-01 2.484240085458121455e-03
3.112437376661657762e+00 9.992901031357578345e-01 2.408147147271473901e-03
3.122430396858554502e+00 9.993138129105807455e-01 2.334153535938613636e-03
3.132423650487878408e+00 9.993367930367859087e-01 2.262209152426481861e-03
3.142417130354781207e+00 9.993590637601025284e-01 2.192264843741687386e-03
3.152410829464430631e+00 9.993806448394172426e-01 2.124272392667719486e-03
3.162404741017187604e+00 9.994015555560801234e-01 2.058184507377442806e-03
3.172398858403877142e+00 9.994218147231063165e-01 1.993954810930195862e-03
3.182393175201150726e+00 9.994414406942717655e-01 1.931537830662625587e-03
3.192387685166938827e+00 9.994604513731026874e-01 1.870888987482195861e-03
3.202382382235992697e+00 9.994788642217571351e-01 1.811964585072116949e-03
3.212377260515515864e+00 9.994966962697986457e-01 1.754721799016244980e-03
3.222372314280880001e+00 9.995139641228606431e-01 1.699118665852306998e-03
3.232367537971428728e+00 9.995306839712007063e-01 1.645114072061608888e-03
3.242362926186367567e+00 9.995468715981448149e-01 1.592667743003189007e-03
3.252358473680734718e+00 9.995625423884207938e-01 1.541740231800179523e-03
3.262354175361457109e+00 9.995777113363798483e-01 1.492292908185942563e-03
3.272350026283487701e+00 9.995923930541071867e-01 1.444287947317349175e-03
3.282346021646021406e+00 9.996066017794199565e-01 1.397688318562372890e-03
3.292342156788793606e+00 9.996203513837531585e-01 1.352457774268972556e-03
3.302338427188454162e+00 9.996336553799333169e-01 1.308560838522040276e-03
3.312334828455020030e+00 9.996465269298396850e-01 1.265962795894998378e-03
3.322331356328404262e+00 9.996589788519528730e-01 1.224629680202432005e-03
3.332328006675018273e+00 9.996710236287910112e-01 1.184528263259948359e-03
3.342324775484449617e+00 9.996826734142334470e-01 1.145626043657265369e-03
3.352321658866211251e+00 9.996939400407326426e-01 1.107891235550335918e-03
3.362318653046563632e+00 9.997048350264139405e-01 1.071292757478125961e-03
3.372315754365406093e+00 9.997153695820634178e-01 1.035800221209476867e-03
3.382312959273237052e+00 9.997255546180047192e-01 1.001383920625292584e-03
3.392310264328184832e+00 9.997354007508646445e-01 9.680148206411098681e-04
3.402307666193102875e+00 9.997449183102282699e-01 9.356645461749222431e-04
3.412305161632732453e+00 9.997541173451842678e-01 9.043053711649514173e-04
3.422302747510930665e+00 9.997630076307599811e-01 8.739102076418770945e-04
3.432300420787960604e+00 9.997715986742483629e-01 8.444525948598591639e-04
3.442298178517845475e+00 9.997798997214260019e-01 8.159066884905122460e-04
3.452296017845784881e+00 9.997879197626634573e-01 7.882472498838183394e-04
3.462293936005629291e+00 9.997956675389286785e-01 7.614496353997937412e-04
3.472291930317416675e+00 9.998031515476841768e-01 7.354897858145579333e-04
3.482289998184966873e+00 9.998103800486783932e-01 7.103442158042871067e-04
3.492288137093531475e+00 9.998173610696324820e-01 6.859900035103713928e-04
3.502286344607502766e+00 9.998241024118231790e-01 6.624047801889352757e-04
3.512284618368176847e+00 9.998306116555626399e-01 6.395667199477234489e-04
3.522282956091570494e+00 9.998368961655759168e-01 6.174545295731986893e-04
3.532281355566291303e+00 9.998429630962771819e-01 5.960474384505471844e-04
3.542279814651461578e+00 9.998488193969459203e-01 5.753251885791374519e-04
3.552278331274691503e+00 9.998544718168033141e-01 5.552680246858333847e-04
3.562276903430104280e+00 9.998599269099908149e-01 5.358566844384176448e-04
3.572275529176409226e+00 9.998651910404507959e-01 5.170723887612426383e-04
3.582274206635024605e+00 9.998702703867110575e-01 4.988968322550882796e-04
3.592272933988246209e+00 9.998751709465745208e-01 4.813121737230712091e-04
3.602271709477463002e+00 9.998798985417137741e-01 4.643010268043205619e-04
3.612270531401419404e+00 9.998844588221735830e-01 4.478464507170051216e-04
3.622269398114520200e+00 9.998888572707806954e-01 4.319319411121728741e-04
3.632268308025180303e+00 9.998930992074626101e-01 4.165414210397416815e-04
3.642267259594217155e+00 9.998971897934771924e-01 4.016592320278608032e-04
3.652266251333285307e+00 9.999011340355533628e-01 3.872701252767467642e-04
3.662265281803350092e+00 9.999049367899439655e-01 3.733592529679848038e-04
3.672264349613203915e+00 9.999086027663929288e-01 3.599121596901767644e-04
3.682263453418020305e+00 9.999121365320167154e-01 3.469147739817101360e-04
3.692262591917946146e+00 9.999155425151021737e-01 3.343533999913188368e-04
3.702261763856733445e+00 9.999188250088214547e-01 3.222147092570057489e-04
3.712260968020404839e+00 9.999219881748651062e-01 3.104857326037996660e-04
3.722260203235957743e+00 9.999250360469950083e-01 2.991538521607243367e-04
3.732259468370101807e+00 9.999279725345182612e-01 2.882067934972659391e-04
3.742258762328031452e+00 9.999308014256823585e-01 2.776326178795362055e-04
3.752258084052232601e+00 9.999335263909941984e-01 2.674197146462433013e-04
3.762257432521320943e+00 9.999361509864630460e-01 2.575567937044988655e-04
3.772256806748912616e+00 9.999386786567694418e-01 2.480328781454102559e-04
3.782256205782527747e+00 9.999411127383601716e-01 2.388372969793299528e-04
3.792255628702521086e+00 9.999434564624720689e-01 2.299596779905589976e-04
3.802255074621047282e+00 9.999457129580843207e-01 2.213899407112307049e-04
3.812254542681050573e+00 9.999478852548012719e-01 2.131182895140314160e-04
3.822254032055286910e+00 9.999499762856670637e-01 2.051352068233493610e-04
3.832253541945370934e+00 9.999519888899123243e-01 1.974314464443788079e-04
3.842253071580851831e+00 9.999539258156352473e-01 1.899980270096464786e-04
3.852252620218314938e+00 9.999557897224177205e-01 1.828262255423684197e-04
3.862252187140509108e+00 9.999575831838775075e-01 1.759075711359901404e-04
3.872251771655500718e+00 9.999593086901574779e-01 1.692338387492094880e-04
3.882251373095850333e+00 9.999609686503543315e-01 1.627970431157312883e-04
3.892250990817813339e+00 9.999625653948858162e-01 1.565894327679539881e-04
3.902250624200566342e+00 9.999641011777995470e-01 1.506034841737432205e-04
3.912250272645453553e+00 9.999655781790235398e-01 1.448318959854028921e-04
3.922249935575256696e+00 9.999669985065596789e-01 1.392675833999137936e-04
3.932249612433488029e+00 9.999683641986214511e-01 1.339036726294699396e-04
3.942249302683700218e+00 9.999696772257169464e-01 1.287334954813064447e-04
3.952249005808821991e+00 9.999709394926781236e-01 1.237505840457775604e-04
3.962248721310509758e+00 9.999721528406375626e-01 1.189486654916109830e-04
3.972248448708521451e+00 9.999733190489534795e-01 1.143216569672338747e-04
3.982248187540106787e+00 9.999744398370847831e-01 1.098636606070372277e-04
3.992247937359418408e+00 9.999755168664160587e-01 1.055689586414185015e-04
4.002247697736939891e+00 9.999765517420349248e-01 1.014320086094176227e-04
4.012247468258931526e+00 9.999775460144613159e-01 9.744743867273838349e-05
4.022247248526893415e+00 9.999785011813305813e-01 9.361004302992595612e-05
4.032247038157043661e+00 9.999794186890316183e-01 8.991477742945194404e-05
4.042246836779814778e+00 9.999802999343001542e-01 8.635675478044033549e-05
4.052246644039365187e+00 9.999811462657690608e-01 8.293124085975178987e-05
4.062246459593104930e+00 9.999819589854755941e-01 7.963365011412887318e-05
4.072246283111238263e+00 9.999827393503277762e-01 7.645954155609218760e-05
4.082246114276318671e+00 9.999834885735299217e-01 7.340461475226537323e-05
4.092245952782818996e+00 9.999842078259681966e-01 7.046470590279735129e-05
4.102245798336713989e+00 9.999848982375580952e-01 6.763578401054107095e-05
4.112245650655079743e+00 9.999855608985533939e-01 6.491394713864120480e-05
4.122245509465701119e+00 9.999861968608186880e-01 6.229541875517666510e-05
4.132245374506694269e+00 9.999868071390652924e-01 5.977654416349967954e-05
4.142245245526142483e+00 9.999873927120522810e-01 5.735378701690918059e-05
4.152245122281741807e+00 9.999879545237525535e-01 5.502372591629421618e-05
4.162245004540458204e+00 9.999884934844861517e-01 5.278305108938177498e-05
4.172244892078197154e+00 9.999890104720198236e-01 5.062856115022335831e-05
4.182244784679484795e+00 9.999895063326352806e-01 4.855715993755554575e-05
4.192244682137155287e+00 9.999899818821657016e-01 4.656585343067170542e-05
4.202244584252054160e+00 9.999904379070024829e-01 4.465174674144502920e-05
4.212244490832747879e+00 9.999908751650712357e-01 4.281204118114676583e-05
4.222244401695243177e+00 9.999912943867799164e-01 4.104403140070828890e-05
4.232244316662717054e+00 9.999916962759380912e-01 3.934510260308126756e-05
4.242244235565255650e+00 9.999920815106486671e-01 3.771272782635640830e-05
4.252244158239600225e+00 9.999924507441729782e-01 3.614446529630849323e-05
4.262244084528906463e+00 9.999928046057700026e-01 3.463795584704326035e-05
4.272244014282503777e+00 9.999931437015093794e-01 3.319092040843022969e-05
4.282243947355669711e+00 9.999934686150603325e-01 3.180115755901468630e-05
4.292243883609410560e+00 9.999937799084563927e-01 3.046654114311210087e-05
4.302243822910248205e+00 9.999940781228359166e-01 2.918501795079839228e-05
4.312243765130013173e+00 9.999943637791605111e-01 2.795460545952066140e-05
4.322243710145648343e+00 9.999946373789108112e-01 2.677338963606440273e-05
4.332243657839017104e+00 9.999948994047607176e-01 2.563952279762522838e-05
4.342243608096717722e+00 9.999951503212303194e-01 2.455122153074559699e-05
4.352243560809905709e+00 9.999953905753183880e-01 2.350676466688994567e-05
4.362243515874121513e+00 9.999956205971151091e-01 2.250449131344490447e-05
4.372243473189124430e+00 9.999958408003949417e-01 2.154279893894493384e-05
4.382243432658732729e+00 9.999960515831913810e-01 2.062014151133779977e-05
4.392243394190667338e+00 9.999962533283521804e-01 1.973502768811854862e-05
4.402243357696406179e+00 9.999964464040780321e-01 1.888601905717539521e-05
4.412243323091035840e+00 9.999966311644428174e-01 1.807172842720573754e-05
4.422243290293116580e+00 9.999968079498978701e-01 1.729081816657575090e-05
4.432243259224546428e+00 9.999969770877591424e-01 1.654199858951232877e-05
4.442243229810432403e+00 9.999971388926788274e-01 1.582402638853177071e-05
4.452243201978967946e+00 9.999972936671016610e-01 1.513570311202532464e-05
4.462243175661311234e+00 9.999974417017061246e-01 1.447587368593762388e-05
4.472243150791470612e+00 9.999975832758305483e-01 1.384342497849013230e-05
4.482243127306190900e+00 9.999977186578860033e-01 1.323728440691783543e-05
4.492243105144850368e+00 9.999978481057548718e-01 1.265641858520371019e-05
4.502243084249354155e+00 9.999979718671759832e-01 1.209983201181183867e-05
4.512243064564035677e+00 9.999980901801174271e-01 1.156656579643644341e-05
4.522243046035559821e+00 9.999982032731362658e-01 1.105569642480057110e-05
4.532243028612833236e+00 9.999983113657262557e-01 1.056633456055462951e-05
4.542243012246911960e+00 9.999984146686538011e-01 1.009762388334149322e-05
4.552242996890917937e+00 9.999985133842825835e-01 9.648739962111356412e-06
4.562242982499956412e+00 9.999986077068866441e-01 9.218889162786029863e-06
4.572242969031035997e+00 9.999986978229534751e-01 8.807307589388791344e-06
4.582242956442992288e+00 9.999987839114757859e-01 8.413260057772326163e-06
4.592242944696415030e+00 9.999988661442340554e-01 8.036039101093643807e-06
4.602242933753576182e+00 9.999989446860685360e-01 7.674964006201143515e-06
4.612242923578362408e+00 9.999990196951422661e-01 7.329379880115201925e-06
4.622242914136210246e+00 9.999990913231946443e-01 6.998656745799788535e-06
4.632242905394043042e+00 9.999991597157862344e-01 6.682188666438632962e-06
4.642242897320208783e+00 9.999992250125347981e-01 6.379392897445385413e-06
4.652242889884422361e+00 9.999992873473433352e-01 6.089709065452998796e-06
4.662242883057712284e+00 9.999993468486195747e-01 5.812598373543260645e-06
4.672242876812362056e+00 9.999994036394879160e-01 5.547542831992907138e-06
4.682242871121862215e+00 9.999994578379938215e-01 5.294044513828186096e-06
4.692242865960858822e+00 9.999995095573007697e-01 5.051624834494969770e-06
4.702242861305106381e+00 9.999995589058801038e-01 4.819823854966610627e-06
4.712242857131421658e+00 9.999996059876944399e-01 4.598199607626689427e-06
4.722242853417638386e+00 9.999996509023736380e-01 4.386327444278559347e-06
4.732242850142565516e+00 9.999996937453849988e-01 4.183799405648201209e-06
4.742242847285947249e+00 9.999997346081973548e-01 3.990223611761315465e-06
4.752242844828422186e+00 9.999997735784383890e-01 3.805223672589835108e-06
4.762242842751487792e+00 9.999998107400471792e-01 3.628438118377089175e-06
4.772242841037463101e+00 9.999998461734204147e-01 3.459519849064718802e-06
4.782242839669453183e+00 9.999998799555531726e-01 3.298135602258128631e-06
4.792242838631317170e+00 9.999999121601751417e-01 3.143965439180733941e-06
4.802242837907634510e+00 9.999999428578810745e-01 2.996702248080546628e-06
4.812242837483677427e+00 9.999999721162567967e-01 2.856051264565734881e-06
4.822242837345378064e+00 1.000000000000000222e+00 2.721729608358660393e-06
