0.000000000000000000e+00 0.000000000000000000e+00 5.093837600002768529e-01
2.546918800001384106e-05 5.093837491633650821e-03 5.093837166014403284e-01
1.018767454825436955e-04 1.018767346046329028e-02 5.093834115788112848e-01
2.292226397368794192e-04 1.528150396826305837e-02 5.093825799180300429e-01
4.075067853576776243e-04 2.037532240816976314e-02 5.093809529077938381e-01
6.367290173740025681e-04 2.546911946779988750e-02 5.093782581602278592e-01
9.168890640108503815e-04 3.056288309265722120e-02 5.093742196481094719e-01
1.247986519086853987e-03 3.565659844998483874e-02 5.093685577560872479e-01
1.630020814053273611e-03 4.075024789318946322e-02 5.093609893435950831e-01
2.062991189680546573e-03 4.584381092694558846e-02 5.093512278176105523e-01
2.546896667399662327e-03 5.093726417307000570e-02 5.093389832137612538e-01
3.081736020306459923e-03 5.603058133724403422e-02 5.093239622845668890e-01
3.667507743837667214e-03 6.112373317664963196e-02 5.093058685938361974e-01
4.304210026128114583e-03 6.621668746857689580e-02 5.092844026164209392e-01
4.991840718059088744e-03 7.130940898005309891e-02 5.092592618426803330e-01
5.730397303008275510e-03 7.640185943853773642e-02 5.092301408871305890e-01
6.519876866312148724e-03 8.149399750372315898e-02 5.091967316008529920e-01
7.360276064452042459e-03 8.658577874047659884e-02 5.091587231873148101e-01
8.251591093975489677e-03 9.167715559295627759e-02 5.091158023213232520e-01
9.193817660164719727e-03 9.676807735993181447e-02 5.090676532708869884e-01
1.018695094546449506e-02 1.018584901713369129e-01 5.090139580218017157e-01
1.123098557768175375e-02 1.069483369660809841e-01 5.089543964048132141e-01
1.232591559796976030e-02 1.120375574711447580e-01 5.088886462252407705e-01
1.347173442860974055e-02 1.171260881819839866e-01 5.088163833949651549e-01
1.466843484060318704e-02 1.222138623442646094e-01 5.087372820667057649e-01
1.591600892108827048e-02 1.273008099369517809e-01 5.086510147705251006e-01
1.721444804059400063e-02 1.323868576567749922e-01 5.085572525525121623e-01
1.856374282014600779e-02 1.374719289040905734e-01 5.084556651156025842e-01
1.996388309823803053e-02 1.425559437701631460e-01 5.083459209625026398e-01
2.141485789768338838e-02 1.476388190258865196e-01 5.082276875406875893e-01
2.291665539236096422e-02 1.527204681119649354e-01 5.081006313894476101e-01
2.446926287387036353e-02 1.578008011305749303e-01 5.079644182889581083e-01
2.607266671811120373e-02 1.628797248385278063e-01 5.078187134113500978e-01
2.772685235180159108e-02 1.679571426419528835e-01 5.076631814737568860e-01
2.943180421895113391e-02 1.730329545925208268e-01 5.074974868933117556e-01
3.118750574730396255e-02 1.781070573852266969e-01 5.073212939440703284e-01
3.299393931476745506e-02 1.831793443577516278e-01 5.071342669158271921e-01
3.485108621584255550e-02 1.882497054914221701e-01 5.069360702747957026e-01
3.675892662807175165e-02 1.933180274137854537e-01 5.067263688261145482e-01
3.871743957852095963e-02 1.983841934028184317e-01 5.065048278781413282e-01
4.072660291031173635e-02 2.034480833927888588e-01 5.062711134084902920e-01
4.278639324922045573e-02 2.085095739817851013e-01 5.060248922317661657e-01
4.489678597036115409e-02 2.135685384409315990e-01 5.057658321689416647e-01
4.705775516496907285e-02 2.186248467253060768e-01 5.054936022183217359e-01
4.926927360730192634e-02 2.236783654865740212e-01 5.052078727280326920e-01
5.153131272167615212e-02 2.287289580873555217e-01 5.049083155699690684e-01
5.384384254965556699e-02 2.337764846173384370e-01 5.045946043151271487e-01
5.620683171740994272e-02 2.388208019111515701e-01 5.042664144102472212e-01
5.862024740326116090e-02 2.438617635680104812e-01 5.039234233556831866e-01
6.108405530543473128e-02 2.488992199731477895e-01 5.035653108844120318e-01
6.359821961003460367e-02 2.539330183210388170e-01 5.031917591420907998e-01
6.616270295925923139e-02 2.589630026404327046e-01 5.028024528680637983e-01
6.877746641987703136e-02 2.639890138211978265e-01 5.023970795772173537e-01
7.144246945197937904e-02 2.690108896429896368e-01 5.019753297425739724e-01
7.415766987802945021e-02 2.740284648057478289e-01 5.015368969785144460e-01
7.692302385222518635e-02 2.790415709620279183e-01 5.010814782245098797e-01
7.973848583019478575e-02 2.840500367511727409e-01 5.006087739292409688e-01
8.260400853904309448e-02 2.890536878353260897e-01 5.001184882349785088e-01
8.551954294776736853e-02 2.940523469372912091e-01 4.996103291620932474e-01
8.848503823806086466e-02 2.990458338802343685e-01 4.990840087935594083e-01
9.150044177552267566e-02 3.040339656292327941e-01 4.985392434593117206e-01
9.456569908129222601e-02 3.090165563346650712e-01 4.979757539203115146e-01
9.768075380412692688e-02 3.139934173774397985e-01 4.973932655521743906e-01
1.008455476929412675e-01 3.189643574160579975e-01 4.967915085282070264e-01
1.040600205698256342e-01 3.239291824355020055e-01 4.961702180016978048e-01
1.073241103035631888e-01 3.288876957979433024e-01 4.955291342873027749e-01
1.106377527836628211e-01 3.338396982952584469e-01 4.948680030413646347e-01
1.140008818949262565e-01 3.387849882033426852e-01 4.941865754410001976e-01
1.174134294925672783e-01 3.437233613382073005e-01 4.934846083617889234e-01
1.208753253779007303e-01 3.486546111138462134e-01 4.927618645538920927e-01
1.243864972746190067e-01 3.535785286018551798e-01 4.920181128164310969e-01
1.279468708056733794e-01 3.584949025927854915e-01 4.912531281699506480e-01
1.315563694707775066e-01 3.634035196592116934e-01 4.904666920267908292e-01
1.352149146245500422e-01 3.683041642204922805e-01 4.896585923591917355e-01
1.389224254553132198e-01 3.731966186091988380e-01 4.888286238649517390e-01
1.426788189645640248e-01 3.780806631391892547e-01 4.879765881304610198e-01
1.464840099471341750e-01 3.829560761752970333e-01 4.871022937909306738e-01
1.503379109720549278e-01 3.878226342046084962e-01 4.862055566876379853e-01
1.542404323641424768e-01 3.926801119092963588e-01 4.852862000220080074e-01
1.581914821863194265e-01 3.975282822409778594e-01 4.843440545063527058e-01
1.621909662226871385e-01 4.023669164965627543e-01 4.833789585110893072e-01
1.662387879623641040e-01 4.071957843955550382e-01 4.823907582082602175e-01
1.703348485841041648e-01 4.120146541587708655e-01 4.813793077111789831e-01
1.744790469417090706e-01 4.168232925884324813e-01 4.803444692100282687e-01
1.786712795502486129e-01 4.216214651495975851e-01 4.792861131032368771e-01
1.829114405731014081e-01 4.264089360528803829e-01 4.782041181244672812e-01
1.871994218098294305e-01 4.311854683384199749e-01 4.770983714650454677e-01
1.915351126848979790e-01 4.359508239610494496e-01 4.759687688916696136e-01
1.959184002372534317e-01 4.407047638766179443e-01 4.748152148592368893e-01
2.003491691107695538e-01 4.454470481294158235e-01 4.736376226186310157e-01
2.048273015455734092e-01 4.501774359406519044e-01 4.724359143193179178e-01
2.093526773702611976e-01 4.548956857979301049e-01 4.712100211066003741e-01
2.139251739950134845e-01 4.596015555456712254e-01 4.699598832133878856e-01
2.185446664056192589e-01 4.642948024764245174e-01 4.686854500463420448e-01
2.232110271584172578e-01 4.689751834230119765e-01 4.673866802662640096e-01
2.279241263761626335e-01 4.736424548514472366e-01 4.660635418625950210e-01
2.326838317448265137e-01 4.782963729545694487e-01 4.647160122219078926e-01
2.374900085113351433e-01 4.829366937463315801e-01 4.633440781902721795e-01
2.423425194822549644e-01 4.875631731566813509e-01 4.619477361293832240e-01
2.472412250234292397e-01 4.921755671269715804e-01 4.605269919663514955e-01
2.521859830605710506e-01 4.967736317058366602e-01 4.590818612370549112e-01
2.571766490808173322e-01 5.013571231454697630e-01 4.576123691229648793e-01
2.622130761352470807e-01 5.059257979982355602e-01 4.561185504813632940e-01
2.672951148423673984e-01 5.104794132135512807e-01 4.546004498688758777e-01
2.724226133925692905e-01 5.150177262349698859e-01 4.530581215582544230e-01
2.775954175535549906e-01 5.195404950973969704e-01 4.514916295483487607e-01
2.828133706767378408e-01 5.240474785243729450e-01 4.499010475672169385e-01
2.880763137046152278e-01 5.285384360253518876e-01 4.482864590683312001e-01
2.933840851791136295e-01 5.330131279929078980e-01 4.466479572198444048e-01
2.987365212509053847e-01 5.374713157997991209e-01 4.449856448868910741e-01
3.041334556896950203e-01 5.419127618958200499e-01 4.432996346069055238e-01
3.095747198954726942e-01 5.463372299043719460e-01 4.415900485579478674e-01
3.150601429107316998e-01 5.507444847186816483e-01 4.398570185200381677e-01
3.205895514336460916e-01 5.551342925975984999e-01 4.381006858295068418e-01
3.261627698322038249e-01 5.595064212609006660e-01 4.363212013263791933e-01
3.317796201592903005e-01 5.638606399840395689e-01 4.345187252948202739e-01
3.374399221687162109e-01 5.681967196922550478e-01 4.326934273966753230e-01
3.431434933321831915e-01 5.725144330539909676e-01 4.308454865981496962e-01
3.488901488571797271e-01 5.768135545735442182e-01 4.289750910896813485e-01
3.546797017057993773e-01 5.810938606828779385e-01 4.270824381990672713e-01
3.605119626144729361e-01 5.853551298325330166e-01 4.251677342979144902e-01
3.663867401146045921e-01 5.895971425815709210e-01 4.232311947014942843e-01
3.723038405541027052e-01 5.938196816864823591e-01 4.212730435620870573e-01
3.782630681197940992e-01 5.980225321889975909e-01 4.192935137559140046e-01
3.842642248607105460e-01 6.022054815027337860e-01 4.172928467637589400e-01
3.903071107122358385e-01 6.063683194986182468e-01 4.152712925453931336e-01
3.963915235211008525e-01 6.105108385890248845e-01 4.132291094079226235e-01
4.025172590712128851e-01 6.146328338105642164e-01 4.111665638681860080e-01
4.086841111103062252e-01 6.187341029054688191e-01 4.090839305093377787e-01
4.148918713773993017e-01 6.228144464015155091e-01 4.069814918317598562e-01
4.211403296310433086e-01 6.268736676904289595e-01 4.048595380984510439e-01
4.274292736783472102e-01 6.309115731047126863e-01 4.027183671750502181e-01
4.337584894047629147e-01 6.349279719928536680e-01 4.005582843646569025e-01
4.401277608046142986e-01 6.389226767928499751e-01 3.983796022376179247e-01
4.465368700123526491e-01 6.428955031040117785e-01 3.961826404564554593e-01
4.529855973345214282e-01 6.468462697569884456e-01 3.939677255961175351e-01
4.594737212824122063e-01 6.507747988819749807e-01 3.917351909597369675e-01
4.660010186053935022e-01 6.546809159750549556e-01 3.894853763900899546e-01
4.725672643248933769e-01 6.585644499626367443e-01 3.872186280769507327e-01
4.791722317690168542e-01 6.624252332639440910e-01 3.849352983605424106e-01
4.858156926077781823e-01 6.662631018515222658e-01 3.826357455312884293e-01
4.924974168889281745e-01 6.700778953097243917e-01 3.803203336260728706e-01
4.992171730743562574e-01 6.738694568911434146e-01 3.779894322212213331e-01
5.059747280770463540e-01 6.776376335709586307e-01 3.756434162224164819e-01
5.127698472985654510e-01 6.813822760991667948e-01 3.732826656517656549e-01
5.196022946670644238e-01 6.851032390506707204e-01 3.709075654322399607e-01
5.264718326757681366e-01 6.888003808732000577e-01 3.685185051697056902e-01
5.333782224219344448e-01 6.924735639330410475e-01 3.661158789327715324e-01
5.403212236462590079e-01 6.961226545585550429e-01 3.637000850306748578e-01
5.473005947727044296e-01 6.997475230814669267e-01 3.612715257894322241e-01
5.543160929487310762e-01 7.033480438759072140e-01 3.588306073264790341e-01
5.613674740859068146e-01 7.069240953951939632e-01 3.563777393240237235e-01
5.684544929008734648e-01 7.104755602063426156e-01 3.539133348013411839e-01
5.755769029566465411e-01 7.140023250222949924e-01 3.514378098862296351e-01
5.827344567042264112e-01 7.175042807318586791e-01 3.489515835858544301e-01
5.899269055244970028e-01 7.209813224273535770e-01 3.464550775572002306e-01
5.971539997703895208e-01 7.244333494299611820e-01 3.439487158773521513e-01
6.044154888092884148e-01 7.278602653127774769e-01 3.414329248138237016e-01
6.117111210656560605e-01 7.312619779215695504e-01 3.389081325951471824e-01
6.190406440638537289e-01 7.346383993932407153e-01 3.363747691819400920e-01
6.264038044711357500e-01 7.379894461720097887e-01 3.338332660386570949e-01
6.338003481407942230e-01 7.413150390233113063e-01 3.312840559062350532e-01
6.412300201554308465e-01 7.446151030454283282e-01 3.287275725758336264e-01
6.486925648703345537e-01 7.478895676788689384e-01 3.261642506638716688e-01
6.561877259569410814e-01 7.511383667134995390e-01 3.235945253885542661e-01
6.637152464463531576e-01 7.543614382934529239e-01 3.210188323480815953e-01
6.712748687728979924e-01 7.575587249198265649e-01 3.184376073007261221e-01
6.788663348177019774e-01 7.607301734511923152e-01 3.158512859469597700e-01
6.864893859522582797e-01 7.638757351019382913e-01 3.132603037138074198e-01
6.941437630819683458e-01 7.669953654384659147e-01 3.106650955415983795e-01
7.018292066896336667e-01 7.700890243732676499e-01 3.080660956732816369e-01
7.095454568788788219e-01 7.731566761569106383e-01 3.054637374464654331e-01
7.172922534174830389e-01 7.761982893679558737e-01 3.028584530883355885e-01
7.250693357806015094e-01 7.792138369008407839e-01 3.002506735136015736e-01
7.328764431938553647e-01 7.822032959517575268e-01 2.976408281256128774e-01
7.407133146762699960e-01 7.851666480025585315e-01 2.950293446207822856e-01
7.485796890830432870e-01 7.881038788027237008e-01 2.924166487964465766e-01
7.564753051481238888e-01 7.910149783494236919e-01 2.898031643622885900e-01
7.643999015265804386e-01 7.938999408657156920e-01 2.871893127554382974e-01
7.723532168367438500e-01 7.967587647769092118e-01 2.845755129593641186e-01
7.803349897021042425e-01 7.995914526851400916e-01 2.819621813266592336e-01
7.883449587929447500e-01 8.023980113421923521e-01 2.793497314058207559e-01
7.963828628676946630e-01 8.051784516206079712e-01 2.767385737721136385e-01
8.044484408139861431e-01 8.079327884831262185e-01 2.741291158626041891e-01
8.125414316893960764e-01 8.106610409504947379e-01 2.715217618154419088e-01
8.206615747618588586e-01 8.133632320676945637e-01 2.689169123134610428e-01
8.288086095497332328e-01 8.160393888686232611e-01 2.663149644321676779e-01
8.369822758615089731e-01 8.186895423392800408e-01 2.637163114921713403e-01
8.451823138351372000e-01 8.213137273794978155e-01 2.611213429161134414e-01
8.534084639769720093e-01 8.239119827632668258e-01 2.585304440901385892e-01
8.616604672003075338e-01 8.264843510976962460e-01 2.559439962299492333e-01
8.699380648634988944e-01 8.290308787806593971e-01 2.533623762514765065e-01
8.782409988076522733e-01 8.315516159571684218e-01 2.507859566461958511e-01
8.865690113938734518e-01 8.340466164745261590e-01 2.482151053611082181e-01
8.949218455400613781e-01 8.365159378363002940e-01 2.456501856834029940e-01
9.032992447572359973e-01 8.389596411551685229e-01 2.430915561298125360e-01
9.117009531853889071e-01 8.413777911046802505e-01 2.405395703406628394e-01
9.201267156288467364e-01 8.437704558699820057e-01 2.379945769786188936e-01
9.285762775911365896e-01 8.461377070975545367e-01 2.354569196321184832e-01
9.370493853093438963e-01 8.484796198440069936e-01 2.329269367234827748e-01
9.455457857879543404e-01 8.507962725239757162e-01 2.304049614216866770e-01
9.540652268321696550e-01 8.530877468571740341e-01 2.278913215597678510e-01
9.626074570806905095e-01 8.553541278146391535e-01 2.253863395568475314e-01
9.711722260379576088e-01 8.575955035642220947e-01 2.228903323447326279e-01
9.797592841058446744e-01 8.598119654153668634e-01 2.204036112990637730e-01
9.883683826147949825e-01 8.620036077632227123e-01 2.179264821749696823e-01
9.969992738543967947e-01 8.641705280321365645e-01 2.154592450471846665e-01
1.005651711103390245e+00 8.663128266185676774e-01 2.130021942545817226e-01
1.014325448659100459e+00 8.684306068334699535e-01 2.105556183490702726e-01
1.023020241866292812e+00 8.705239748441848668e-01 2.081198000488041211e-01
1.031735847145444529e+00 8.725930396158876334e-01 2.056950161956419554e-01
1.040472022020427767e+00 8.746379128526290403e-01 2.032815377167992432e-01
1.049228525145602831e+00 8.766587089380145636e-01 2.008796295906281892e-01
1.058005116332315421e+00 8.786555448755616338e-01 1.984895508164587485e-01
1.066801556574796361e+00 8.806285402287750141e-01 1.961115543884319745e-01
1.075617608075460918e+00 8.825778170609808182e-01 1.937458872732540638e-01
1.084453034269605265e+00 8.845034998749566890e-01 1.913927903917974627e-01
1.093307599849498102e+00 8.864057155523974441e-01 1.890524986044734845e-01
1.102181070787867423e+00 8.882845932932523780e-01 1.867252407002987502e-01
1.111073214360778660e+00 8.901402645549723047e-01 1.844112393895764035e-01
1.119983799169905980e+00 8.919728629917000884e-01 1.821107113001114997e-01
1.128912595164194732e+00 8.937825243934415242e-01 1.798238669768783271e-01
1.137859373660916606e+00 8.955693866252490976e-01 1.775509108850567563e-01
1.146823907366115503e+00 8.973335895664531492e-01 1.752920414163533225e-01
1.155805970394447213e+00 8.990752750499720891e-01 1.730474508985220539e-01
1.164805338288412262e+00 9.007945868017335211e-01 1.708173256079993652e-01
1.173821788036983449e+00 9.024916703802369211e-01 1.686018457855666675e-01
1.182855098093630541e+00 9.041666731162874004e-01 1.664011856549541535e-01
1.191905048393742117e+00 9.058197440529305311e-01 1.642155134442987163e-01
1.200971420371449216e+00 9.074510338856150993e-01 1.620449914103690436e-01
1.210053996975850810e+00 9.090606949026116546e-01 1.598897758654707346e-01
1.219152562686645958e+00 9.106488809257133887e-01 1.577500172069444817e-01
1.228266903529172671e+00 9.122157472512443244e-01 1.556258599491707473e-01
1.237396807088861017e+00 9.137614505914001262e-01 1.535174427579943102e-01
1.246542062525098693e+00 9.152861490159444058e-01 1.514248984874830284e-01
1.255702460584517510e+00 9.167900018942839457e-01 1.493483542189354418e-01
1.264877793613701895e+00 9.182731698379456020e-01 1.472879313020523107e-01
1.274067855571323848e+00 9.197358146434746473e-01 1.452437453981884896e-01
1.283272442039709693e+00 9.211780992357756492e-01 1.432159065256017605e-01
1.292491350235842384e+00 9.226001876119162004e-01 1.412045191066167160e-01
1.301724379021803824e+00 9.240022447854108201e-01 1.392096820166222049e-01
1.310971328914663170e+00 9.253844367310040120e-01 1.372314886348225405e-01
1.320232002095814927e+00 9.267469303299691319e-01 1.352700268966633979e-01
1.329506202419772798e+00 9.280898933159397179e-01 1.333253793478544891e-01
1.338793735422425524e+00 9.294134942212886052e-01 1.313976231999127442e-01
1.348094408328757599e+00 9.307179023240694793e-01 1.294868303871504756e-01
1.357408030060043735e+00 9.320032875955358564e-01 1.275930676250350837e-01
1.366734411240520419e+00 9.332698206482499259e-01 1.257163964698472802e-01
1.376073364203542537e+00 9.345176726847936877e-01 1.238568733795672727e-01
1.385424702997229529e+00 9.357470154470955981e-01 1.220145497759189818e-01
1.394788243389607940e+00 9.369580211663827152e-01 1.201894721075043998e-01
1.404163802873257039e+00 9.381508625137694457e-01 1.183816819139613535e-01
1.413551200669463270e+00 9.393257125514926642e-01 1.165912158910796803e-01
1.422950257731890211e+00 9.404827446848025296e-01 1.148181059568122719e-01
1.432360796749770904e+00 9.416221326145177706e-01 1.130623793181190634e-01
1.441782642150629457e+00 9.427440502902533215e-01 1.113240585385835424e-01
1.451215620102537907e+00 9.438486718643273043e-01 1.096031616067429521e-01
1.460659558515915224e+00 9.449361716463552385e-01 1.078997020050749961e-01
1.470114287044876455e+00 9.460067240585368076e-01 1.062136887795853135e-01
1.479579637088138000e+00 9.470605035916415115e-01 1.045451266099416687e-01
1.489055441789486123e+00 9.480976847616978676e-01 1.028940158801022048e-01
1.498541536037815591e+00 9.491184420673912658e-01 1.012603527493869254e-01
1.508037756466746648e+00 9.501229499481749219e-01 9.964412922394280669e-02
1.517543941453826095e+00 9.511113827430967005e-01 9.804533322855459032e-02
1.527059931119320035e+00 9.520839146503458084e-01 9.646394867875493495e-02
1.536585567324606716e+00 9.530407196875217979e-01 9.489995555318882225e-02
1.546120693670174573e+00 9.539819716526287685e-01 9.335332996618882218e-02
1.555665155493233920e+00 9.549078440857956540e-01 9.182404424051911207e-02
1.565218799864950716e+00 9.558185102317245940e-01 9.031206698024758783e-02
1.574781475587306634e+00 9.567141430028689442e-01 8.881736314370682062e-02
1.584353033189596305e+00 9.575949149433410357e-01 8.733989411650600054e-02
1.593933324924565964e+00 9.584609981935497958e-01 8.587961778455720230e-02
1.603522204764202597e+00 9.593125644555691167e-01 8.443648860708082016e-02
1.613119528395181135e+00 9.601497849592356415e-01 8.301045768955600535e-02
1.622725153213974814e+00 9.609728304289756329e-01 8.160147285658353455e-02
1.632338938321638899e+00 9.617818710513601488e-01 8.020947872462942663e-02
1.641960744518272231e+00 9.625770764433868587e-01 7.883441677461894281e-02
1.651590434297166787e+00 9.633586156214867247e-01 7.747622542435175785e-02
1.661227871838649062e+00 9.641266569712541035e-01 7.613484010071017161e-02
1.670872923003624333e+00 9.648813682178974949e-01 7.481019331163328567e-02
1.680525455326827622e+00 9.656229163974090479e-01 7.350221471783111027e-02
1.690185338009789984e+00 9.663514678284497172e-01 7.221083120421363521e-02
1.699852441913528134e+00 9.670671880849467383e-01 7.093596695101087035e-02
1.709526639550962956e+00 9.677702419694016456e-01 6.967754350456059620e-02
1.719207805079074669e+00 9.684607934869033929e-01 6.843547984774192572e-02
1.728895814290801525e+00 9.691390058198444679e-01 6.720969247003309721e-02
1.738590544606689381e+00 9.698050413033356687e-01 6.600009543717323679e-02
1.748291875066299461e+00 9.704590614013149930e-01 6.480660046040839783e-02
1.757999686319378974e+00 9.711012266833475293e-01 6.362911696530301753e-02
1.767713860616805244e+00 9.717316968021105783e-01 6.246755216009870076e-02
1.777434281801306470e+00 9.723506304715602289e-01 6.132181110360301890e-02
1.787160835297968431e+00 9.729581854457747259e-01 6.019179677259159367e-02
1.796893408104532464e+00 9.735545184984686351e-01 5.907741012870751374e-02
1.806631888781492723e+00 9.741397854031742520e-01 5.797855018484274897e-02
1.816376167441997591e+00 9.747141409140834822e-01 5.689511407098679641e-02
1.826126135741563017e+00 9.752777387475460857e-01 5.582699709952848588e-02
1.835881686867604889e+00 9.758307315642176238e-01 5.477409282999735202e-02
1.845642715528795108e+00 9.763732709518523345e-01 5.373629313323158296e-02
1.855409117944249342e+00 9.769055074087344970e-01 5.271348825496006280e-02
1.865180791832552254e+00 9.774275903277428457e-01 5.170556687878653107e-02
1.874957636400625738e+00 9.779396679810417048e-01 5.071241618856441036e-02
1.884739552332448831e+00 9.784418875053926268e-01 4.973392193015124807e-02
1.894526441777631964e+00 9.789343948880808721e-01 4.876996847253222550e-02
1.904318208339854657e+00 9.794173349534492923e-01 4.782043886830261714e-02
1.914114757065171535e+00 9.798908513500343975e-01 4.688521491349945808e-02
1.923915994430192011e+00 9.803550865382972823e-01 4.596417720677315605e-02
1.933721828330140946e+00 9.808101817789423027e-01 4.505720520789009004e-02
1.943532168066804955e+00 9.812562771218186208e-01 4.416417729555767446e-02
1.953346924336370583e+00 9.816935113953952907e-01 4.328497082456370798e-02
1.963166009217160557e+00 9.821220221968052222e-01 4.241946218222217985e-02
1.972989336157273010e+00 9.825419458824496965e-01 4.156752684411803289e-02
1.982816819962129218e+00 9.829534175591567724e-01 4.072903942914377073e-02
1.992648376781936292e+00 9.833565710758866985e-01 3.990387375382107443e-02
2.002483924099068613e+00 9.837515390159765616e-01 3.909190288590087825e-02
2.012323380715375976e+00 9.841384526899178420e-01 3.829299919723574280e-02
2.022166666739420471e+00 9.845174421286584376e-01 3.750703441591864140e-02
2.032013703573650076e+00 9.848886360774231630e-01 3.673387967768249746e-02
2.041864413901512521e+00 9.852521619900433958e-01 3.597340557655521326e-02
2.051718721674515411e+00 9.856081460237907654e-01 3.522548221476516639e-02
2.061576552099236181e+00 9.859567130347051123e-01 3.448997925189239977e-02
2.071437831624288961e+00 9.862979865734109453e-01 3.376676595326102981e-02
2.081302487927251921e+00 9.866320888814134049e-01 3.305571123756878560e-02
2.091170449901558204e+00 9.869591408878670702e-01 3.235668372374959911e-02
2.101041647643359767e+00 9.872792622068095048e-01 3.166955177706577695e-02
2.110916012438363243e+00 9.875925711348515490e-01 3.099418355442625297e-02
2.120793476748646267e+00 9.878991846493173634e-01 3.033044704892787213e-02
2.130673974199456921e+00 9.881992184068256746e-01 2.967821013361685717e-02
2.140557439566002085e+00 9.884927867423047854e-01 2.903734060446788723e-02
2.150443808760226894e+00 9.887800026684335775e-01 2.840770622257847433e-02
2.160333018817591544e+00 9.890609778755004022e-01 2.778917475557659764e-02
2.170225007883847201e+00 9.893358227316719766e-01 2.718161401823982262e-02
2.180119715201819908e+00 9.896046462836649571e-01 2.658489191232438209e-02
2.190017081098198926e+00 9.898675562578114207e-01 2.599887646560299775e-02
2.199917046970341072e+00 9.901246590615109255e-01 2.542343587011041198e-02
2.209819555273090597e+00 9.903760597850610470e-01 2.485843851959598089e-02
2.219724549505617262e+00 9.906218622038585053e-01 2.430375304618279803e-02
2.229631974198281519e+00 9.908621687809628931e-01 2.375924835623325487e-02
2.239541774899524107e+00 9.910970806700151181e-01 2.322479366542103477e-02
2.249453898162789400e+00 9.913266977185025697e-01 2.270025853300994961e-02
2.259368291533480289e+00 9.915511184713630133e-01 2.218551289534020921e-02
2.269284903535952136e+00 9.917704401749195542e-01 2.168042709852302172e-02
2.279203683660548929e+00 9.919847587811385647e-01 2.118487193034465296e-02
2.289124582350680726e+00 9.921941689522025820e-01 2.069871865138139810e-02
2.299047550989951283e+00 9.923987640653906261e-01 2.022183902532711727e-02
2.308972541889333652e+00 9.925986362182575018e-01 1.975410534853531616e-02
2.318899508274400834e+00 9.927938762341051993e-01 1.929539047877797120e-02
2.328828404272611063e+00 9.929845736677372914e-01 1.884556786322358346e-02
2.338759184900653487e+00 9.931708168114897761e-01 1.840451156563724031e-02
2.348691806051854236e+00 9.933526927015295938e-01 1.797209629280565810e-02
2.358626224483647338e+00 9.935302871244139356e-01 1.754819742019050888e-02
2.368562397805113129e+00 9.937036846239019061e-01 1.713269101681354559e-02
2.378500284464584169e+00 9.938729685080115450e-01 1.672545386937736300e-02
2.388439843737325319e+00 9.940382208563139921e-01 1.632636350562579122e-02
2.398381035713286202e+00 9.941995225274574688e-01 1.593529821694827930e-02
2.408323821284930055e+00 9.943569531669137485e-01 1.555213708023280537e-02
2.418268162135142063e+00 9.945105912149390104e-01 1.517675997897212706e-02
2.428214020725218525e+00 9.946605139147428609e-01 1.480904762362844629e-02
2.438161360282936396e+00 9.948067973208563064e-01 1.444888157126177942e-02
2.448110144790710763e+00 9.949495163076929050e-01 1.409614424442757509e-02
2.458060338973836689e+00 9.950887445782954366e-01 1.375071894934937547e-02
2.468011908288819889e+00 9.952245546732600978e-01 1.341248989337253013e-02
2.477964818911797540e+00 9.953570179798323370e-01 1.308134220170519869e-02
2.487919037727050586e+00 9.954862047411661141e-01 1.275716193345313373e-02
2.497874532315611074e+00 9.956121840657399247e-01 1.243983609695492425e-02
2.507831270943961410e+00 9.957350239369233691e-01 1.212925266442460050e-02
2.517789222552833106e+00 9.958547912226858312e-01 1.182530058590874032e-02
2.527748356746101432e+00 9.959715516854420470e-01 1.152786980256538703e-02
2.537708643779779116e+00 9.960853699920265703e-01 1.123685125927231104e-02
2.547670054551111729e+00 9.961963097237913622e-01 1.095213691657234180e-02
2.557632560587772996e+00 9.963044333868196212e-01 1.067361976196367669e-02
2.567596134037164468e+00 9.964098024222488581e-01 1.040119382054327003e-02
2.577560747655817774e+00 9.965124772166974454e-01 1.013475416501157314e-02
2.587526374798901685e+00 9.966125171127880877e-01 9.874196925047073678e-03
2.597492989409835751e+00 9.967099804197618873e-01 9.619419296059245408e-03
2.607460566010009195e+00 9.968049244241768969e-01 9.370319547328687798e-03
2.617429079688608162e+00 9.968974054006850549e-01 9.126797029543370215e-03
2.627398506092551766e+00 9.969874786228812846e-01 8.888752181740058531e-03
2.637368821416534281e+00 9.970751983742193181e-01 8.656086537660128560e-03
2.647340002393180569e+00 9.971606179589882490e-01 8.428702731529118253e-03
2.657312026283307205e+00 9.972437897133437090e-01 8.206504503269478057e-03
2.667284870866299062e+00 9.973247650163886702e-01 7.989396703156107296e-03
2.677258514430592040e+00 9.974035943012979910e-01 7.777285295924381454e-03
2.687232935764271691e+00 9.974803270664813759e-01 7.570077364340464625e-03
2.697208114145779323e+00 9.975550118867789751e-01 7.367681112243811524e-03
2.707184029334734898e+00 9.976276964246857393e-01 7.170005867071844140e-03
2.717160661562866952e+00 9.976984274415974241e-01 6.976962081876883492e-03
2.727137991525060645e+00 9.977672508090749126e-01 6.788461336845472496e-03
2.737116000370514168e+00 9.978342115201211948e-01 6.604416340330316118e-03
2.747094669694009728e+00 9.978993537004660075e-01 6.424740929405107527e-03
2.757073981527297768e+00 9.979627206198541378e-01 6.249350069952574853e-03
2.767053918330593110e+00 9.980243547033317286e-01 6.078159856296125665e-03
2.777034462984184771e+00 9.980842975425273655e-01 5.911087510385500121e-03
2.787015598780157255e+00 9.981425899069220620e-01 5.748051380546888821e-03
2.796997309414227306e+00 9.981992717551052552e-01 5.588970939807982700e-03
2.806979578977688572e+00 9.982543822460115956e-01 5.433766783808444828e-03
2.816962391949473510e+00 9.983079597501348657e-01 5.282360628306316530e-03
2.826945733188323651e+00 9.983600418607153637e-01 5.134675306290852927e-03
2.836929587925072660e+00 9.984106654048957585e-01 4.990634764712297694e-03
2.846913941755042199e+00 9.984598664548431923e-01 4.850164060839094737e-03
2.856898780630546586e+00 9.985076803388324151e-01 4.713189358253011899e-03
2.866884090853509370e+00 9.985541416522875080e-01 4.579637922492631880e-03
2.876869859068190483e+00 9.985992842687784199e-01 4.449438116355645609e-03
2.886856072254020855e+00 9.986431413509685440e-01 4.322519394870336443e-03
2.896842717718550286e+00 9.986857453615104463e-01 4.198812299946605431e-03
2.906829783090499220e+00 9.987271280738867496e-01 4.078248454716849707e-03
2.916817256312921991e+00 9.987673205831929524e-01 3.960760557576937547e-03
2.926805125636477545e+00 9.988063533168587416e-01 3.846282375937480277e-03
2.936793379612804067e+00 9.988442560453060226e-01 3.734748739695525725e-03
2.946782007088004196e+00 9.988810578925398920e-01 3.626095534436734203e-03
2.956770997196231932e+00 9.989167873466703318e-01 3.520259694378019034e-03
2.966760339353386122e+00 9.989514722703622951e-01 3.417179195060557340e-03
2.976750023250908761e+00 9.989851399112116281e-01 3.316793045802987876e-03
2.986740038849685419e+00 9.990178169120437213e-01 3.219041281924524267e-03
2.996730376374048710e+00 9.990495293211340000e-01 3.123864956747616963e-03
3.006721026305883004e+00 9.990803026023470368e-01 3.031206133389696689e-03
3.016711979378831732e+00 9.991101616451925072e-01 2.941007876353433220e-03
3.026703226572602823e+00 9.991391307747964357e-01 2.853214242924827573e-03
3.036694759107375408e+00 9.991672337617849564e-01 2.767770274388349407e-03
3.046686568438302434e+00 9.991944938320798109e-01 2.684621987068216975e-03
3.056678646250113651e+00 9.992209336766033623e-01 2.603716363204792040e-03
3.066670984451812743e+00 9.992465754608911288e-01 2.525001341674943788e-03
3.076663575171471710e+00 9.992714408346115018e-01 2.448425808565107831e-03
3.086656410751118962e+00 9.992955509409899850e-01 2.373939587605638449e-03
3.096649483741722442e+00 9.993189264261371774e-01 2.301493430474917806e-03
3.106642786898263342e+00 9.993415874482793892e-01 2.231039006981551821e-03
3.116636313174904416e+00 9.993635536868903380e-01 2.162528895132847552e-03
3.126630055720246659e+00 9.993848443517230340e-01 2.095916571097621202e-03
3.136624007872677478e+00 9.994054781917408592e-01 2.031156399071247509e-03
3.146618163155806780e+00 9.994254735039466153e-01 1.968203621050715162e-03
3.156612515273991448e+00 9.994448481421090991e-01 1.907014346527310163e-03
3.166607058107945072e+00 9.994636195253864264e-01 1.847545542104391675e-03
3.176601785710435610e+00 9.994818046468446626e-01 1.789755021047587146e-03
3.186596692302066547e+00 9.994994200818722030e-01 1.733601432774571583e-03
3.196591772267141529e+00 9.995164819964882374e-01 1.679044252291450297e-03
3.206587020149611167e+00 9.995330061555458556e-01 1.626043769582607469e-03
3.216582430649103763e+00 9.995490079308284592e-01 1.574561078960727859e-03
3.226577998617031984e+00 9.995645023090398151e-01 1.524558068383546298e-03
3.236573719052784348e+00 9.995795038996868609e-01 1.475997408743721321e-03
3.246569587099989995e+00 9.995940269428553737e-01 1.428842543138071240e-03
3.256565598042863829e+00 9.996080853168783920e-01 1.383057676122257176e-03
3.266561747302627605e+00 9.996216925458969449e-01 1.338607762956839104e-03
3.276558030434003843e+00 9.996348618073133130e-01 1.295458498850470897e-03
3.286554443121786573e+00 9.996476059391370406e-01 1.253576308205848165e-03
3.296550981177483131e+00 9.996599374472227018e-01 1.212928333873859385e-03
3.306547640536027899e+00 9.996718685124008630e-01 1.173482426421239462e-03
3.316544417252568433e+00 9.996834109975017979e-01 1.135207133416864852e-03
3.326541307499318645e+00 9.996945764542718438e-01 1.098071688741674530e-03
3.336538307562483485e+00 9.997053761301832875e-01 1.062046001927045846e-03
3.346535413839249351e+00 9.997158209751377811e-01 1.027100647526300783e-03
3.356532622834841106e+00 9.997259216480633981e-01 9.932068545238609096e-04
3.366529931159644828e+00 9.997356885234062185e-01 9.603364957864222269e-04
3.376527335526395390e+00 9.997451316975165536e-01 9.284620775603649387e-04
3.386524832747427549e+00 9.997542609949306991e-01 8.975567290194643539e-04
3.396522419731987430e+00 9.997630859745478826e-01 8.675941918668213281e-04
3.406520093483607514e+00 9.997716159357037391e-01 8.385488099947802825e-04
3.416517851097541136e+00 9.997798599241412010e-01 8.103955192064600478e-04
3.426515689758254712e+00 9.997878267378780270e-01 7.831098370023745680e-04
3.436513606736981252e+00 9.997955249329731897e-01 7.566678524354798806e-04
3.446511599389327607e+00 9.998029628291920101e-01 7.310462160378420823e-04
3.456509665152939892e+00 9.998101485155707069e-01 7.062221298219806959e-04
3.466507801545224421e+00 9.998170898558818021e-01 6.821733373598038320e-04
3.476506006161121043e+00 9.998237944940002730e-01 6.588781139419184031e-04
3.486504276670930214e+00 9.998302698591718940e-01 6.363152568199604078e-04
3.496502610818194245e+00 9.998365231711843215e-01 6.144640755344630200e-04
3.506501006417626964e+00 9.998425614454421462e-01 5.933043823306476203e-04
3.516499461353094436e+00 9.998483914979463538e-01 5.728164826643958362e-04
3.526497973575647205e+00 9.998540199501794179e-01 5.529811658005361931e-04
3.536496541101596947e+00 9.998594532338964669e-01 5.337796955054548370e-04
3.546495162010644631e+00 9.998646975958246363e-01 5.151938008359194417e-04
3.556493834444052649e+00 9.998697591022699394e-01 4.972056670258862606e-04
3.566492556602862685e+00 9.998746436436339868e-01 4.797979264729444922e-04
3.576491326746159327e+00 9.998793569388410019e-01 4.629536498259379570e-04
3.586490143189377644e+00 9.998839045396762382e-01 4.466563371751922540e-04
3.596489004302652503e+00 9.998882918350368021e-01 4.308899093466668690e-04
3.606487908509210971e+00 9.998925240550958771e-01 4.156386993012449156e-04
3.616486854283804231e+00 9.998966062753813500e-01 4.008874436402687261e-04
3.626485840151183027e+00 9.999005434207703935e-01 3.866212742183271602e-04
3.636484864684609963e+00 9.999043402694004490e-01 3.728257098642027067e-04
3.646483926504410888e+00 9.999080014564979413e-01 3.594866482107875703e-04
3.656483024276565352e+00 9.999115314781262809e-01 3.465903576346852401e-04
3.666482156711333040e+00 9.999149346948529304e-01 3.341234693061207383e-04
3.676481322561916620e+00 9.999182153353384228e-01 3.220729693496946584e-04
3.686480520623160562e+00 9.999213774998471083e-01 3.104261911164277903e-04
3.696479749730284148e+00 9.999244251636810743e-01 2.991708075674595429e-04
3.706479008757649130e+00 9.999273621805387924e-01 2.882948237696812948e-04
3.716478296617559796e+00 9.999301922857991576e-01 2.777865695035056873e-04
3.726477612259096350e+00 9.999329190997319206e-01 2.676346919828964861e-04
3.736476954666979378e+00 9.999355461306363990e-01 2.578281486877083981e-04
3.746476322860464503e+00 9.999380767779084689e-01 2.483562003083142930e-04
3.756475715892269918e+00 9.999405143350380554e-01 2.392084038024276161e-04
3.766475132847531881e+00 9.999428619925374573e-01 2.303746055639595595e-04
3.776474572842787758e+00 9.999451228408020587e-01 2.218449347036865061e-04
3.786474035024991025e+00 9.999472998729043161e-01 2.136097964414396754e-04
3.796473518570549821e+00 9.999493959873224647e-01 2.056598656094689405e-04
3.806473022684395691e+00 9.999514139906042764e-01 1.979860802665743503e-04
3.816472546599076754e+00 9.999533565999680906e-01 1.905796354225433782e-04
3.826472089573877078e+00 9.999552264458414497e-01 1.834319768723777612e-04
3.836471650893961804e+00 9.999570260743384509e-01 1.765347951397429219e-04
3.846471229869545372e+00 9.999587579496771461e-01 1.698800195290232212e-04
3.856470825835085048e+00 9.999604244565383215e-01 1.634598122853197577e-04
3.866470438148496669e+00 9.999620279023659908e-01 1.572665628616815611e-04
3.876470066190393471e+00 9.999635705196110447e-01 1.512928822928191817e-04
3.886469709363348013e+00 9.999650544679198338e-01 1.455315976745078530e-04
3.896469367091173641e+00 9.999664818362671292e-01 1.399757467478490497e-04
3.906469038818229045e+00 9.999678546450363470e-01 1.346185725875224308e-04
3.916468724008742353e+00 9.999691748480464826e-01 1.294535183931247002e-04
3.926468422146154769e+00 9.999704443345278637e-01 1.244742223826593940e-04
3.936468132732485525e+00 9.999716649310471661e-01 1.196745127872102021e-04
3.946467855287713711e+00 9.999728384033830242e-01 1.150484029458007768e-04
3.956467589349180081e+00 9.999739664583527921e-01 1.105900864994168923e-04
3.966467334471005746e+00 9.999750507455922310e-01 1.062939326831405386e-04
3.976467090223530398e+00 9.999760928592881237e-01 1.021544817153215336e-04
3.986466856192764308e+00 9.999770943398655909e-01 9.816644028268980439e-05
3.996466631979860740e+00 9.999780566756303335e-01 9.432467712029039342e-05
4.006466417200602592e+00 9.999789813043676867e-01 9.062421868510426421e-05
4.016466211484902793e+00 9.999798696148984867e-01 8.706024492219990873e-05
4.026466014476326016e+00 9.999807229485930815e-01 8.362808512224478982e-05
4.036465825831617948e+00 9.999815426008447083e-01 8.032321386919055587e-05
4.046465645220254537e+00 9.999823298225021251e-01 7.714124707693298161e-05
4.056465472324005006e+00 9.999830858212639395e-01 7.407793811373514735e-05
4.066465306836502869e+00 9.999838117630336365e-01 7.112917401319211004e-05
4.076465148462839139e+00 9.999845087732380788e-01 6.829097177050572401e-05
4.086464996919161763e+00 9.999851779381087047e-01 6.555947472283024657e-05
4.096464851932289264e+00 9.999858203059273087e-01 6.293094901244246494e-05
4.106464713239339481e+00 9.999864368882366294e-01 6.040178013148449774e-05
4.116464580587366306e+00 9.999870286610170744e-01 5.796846954702262642e-05
4.126464453733010629e+00 9.999875965658298060e-01 5.562763140516228672e-05
4.136464332442161052e+00 9.999881415109272975e-01 5.337598931295686982e-05
4.146464216489627042e+00 9.999886643723323587e-01 5.121037319684660087e-05
4.156464105658820962e+00 9.999891659948859646e-01 4.912771623636338962e-05
4.166463999741453428e+00 9.999896471932644415e-01 4.712505187183814426e-05
4.176463898537233099e+00 9.999901087529676769e-01 4.519951088484853720e-05
4.186463801853583355e+00 9.999905514312783517e-01 4.334831855014752882e-05
4.196463709505362516e+00 9.999909759581925295e-01 4.156879185781620816e-05
4.206463621314596502e+00 9.999913830373236001e-01 3.985833680438847994e-05
4.216463537110218596e+00 9.999917733467789116e-01 3.821444575170000670e-05
4.226463456727818979e+00 9.999921475400104232e-01 3.663469485221922871e-05
4.236463380009404034e+00 9.999925062466400449e-01 3.511674153962459320e-05
4.246463306803159199e+00 9.999928500732604419e-01 3.365832208339902267e-05
4.256463236963224261e+00 9.999931796042108578e-01 3.225724920622022101e-05
4.266463170349473977e+00 9.999934954023306233e-01 3.091140976293347333e-05
4.276463106827307570e+00 9.999937980096887946e-01 2.961876247990251955e-05
4.286463046267444454e+00 9.999940879482916989e-01 2.837733575354315201e-05
4.296462988545725281e+00 9.999943657207691627e-01 2.718522550685420919e-05
4.306462933542924532e+00 9.999946318110390919e-01 2.604059310277074147e-05
4.316462881144564001e+00 9.999948866849517337e-01 2.494166331317504423e-05
4.326462831240736051e+00 9.999951307909139553e-01 2.388672234241234017e-05
4.336462783725933079e+00 9.999953645604936492e-01 2.287411590416953383e-05
4.346462738498880540e+00 9.999955884090055980e-01 2.190224735058746917e-05
4.356462695462379742e+00 9.999958027360786872e-01 2.096957585248941650e-05
4.366462654523150633e+00 9.999960079262053547e-01 2.007461462962122038e-05
4.376462615591685257e+00 9.999962043492731656e-01 1.921592922981148652e-05
4.386462578582102978e+00 9.999963923610797334e-01 1.839213585597350407e-05
4.396462543412013702e+00 9.999965723038313214e-01 1.760189973988404743e-05
4.406462510002383759e+00 9.999967445066250127e-01 1.684393356168803542e-05
4.416462478277405346e+00 9.999969092859155584e-01 1.611699591409194735e-05
4.426462448164374841e+00 9.999970669459669059e-01 1.541988981022312928e-05
4.436462419593572015e+00 9.999972177792891825e-01 1.475146123414641294e-05
4.446462392498145455e+00 9.999973620670613572e-01 1.411059773304403913e-05
4.456462366813998877e+00 9.999975000795399138e-01 1.349622705007948147e-05
4.466462342479687209e+00 9.999976320764542015e-01 1.290731579698056280e-05
4.476462319436310899e+00 9.999977583073887955e-01 1.234286816539211320e-05
4.486462297627417328e+00 9.999978790121526462e-01 1.180192467606336714e-05
4.496462276998903995e+00 9.999979944211365712e-01 1.128356096495035245e-05
4.506462257498927926e+00 9.999981047556585345e-01 1.078688660532856876e-05
4.516462239077814189e+00 9.999982102282969354e-01 1.031104396502638610e-05
4.526462221687970633e+00 9.999983110432132394e-01 9.855207097904747986e-06
4.536462205283807947e+00 9.999984073964635067e-01 9.418580668723880800e-06
4.546462189821657063e+00 9.999984994762990409e-01 9.000398910552904048e-06
4.556462175259693659e+00 9.999985874634571559e-01 8.599924613893328223e-06
4.566462161557864441e+00 9.999986715314417296e-01 8.216448146702566994e-06
4.576462148677816089e+00 9.999987518467940983e-01 7.849286504518615114e-06
4.586462136582826865e+00 9.999988285693550694e-01 7.497782389902111251e-06
4.596462125237740892e+00 9.999989018525171636e-01 7.161303320426895839e-06
4.606462114608905090e+00 9.999989718434686425e-01 6.839240764465113998e-06
4.616462104664108779e+00 9.999990386834285427e-01 6.531009304027668859e-06
4.626462095372524175e+00 9.999991025078740492e-01 6.236045823935565659e-06
4.636462086704649543e+00 9.999991634467593205e-01 5.953808726612294877e-06
4.646462078632257686e+00 9.999992216247269861e-01 5.683777171801897095e-06
4.656462071128340874e+00 9.999992771613119835e-01 5.425450340531754409e-06
4.666462064167062884e+00 9.999993301711381788e-01 5.178346722653413827e-06
4.676462057723709265e+00 9.999993807641081034e-01 4.942003427308893553e-06
4.686462051774642035e+00 9.999994290455854751e-01 4.715975515683920286e-06
4.696462046297254389e+00 9.999994751165719453e-01 4.499835355423416653e-06
4.706462041269928953e+00 9.999995190738765194e-01 4.293171996098269681e-06
4.716462036671996927e+00 9.999995610102797583e-01 4.095590565125985762e-06
4.726462032483696341e+00 9.999996010146913195e-01 3.906711683561231681e-06
4.736462028686136527e+00 9.999996391723022793e-01 3.726170901185522880e-06
4.746462025261259932e+00 9.999996755647314606e-01 3.553618150338399548e-06
4.756462022191809247e+00 9.999997102701668750e-01 3.388717217945338257e-06
4.766462019461291000e+00 9.999997433635013921e-01 3.231145235210401871e-06
4.776462017053945353e+00 9.999997749164638572e-01 3.080592184454183950e-06
4.786462014954715016e+00 9.999998049977453229e-01 2.936760422590000577e-06
4.796462013149214165e+00 9.999998336731202864e-01 2.799364220743489578e-06
4.806462011623701791e+00 9.999998610055637061e-01 2.668129319532796503e-06
4.816462010365051505e+00 9.999998870553634678e-01 2.542792499538372057e-06
4.826462009360726668e+00 9.999999118802286313e-01 2.423101166503061689e-06
4.836462008598757301e+00 9.999999355353939023e-01 2.308812950814621648e-06
4.846462008067712546e+00 9.999999580737197746e-01 2.199695320834088855e-06
4.856462007756678467e+00 9.999999795457890084e-01 2.095525209644501820e-06
4.866462007655235844e+00 9.999999999999995559e-01 1.996088654805381336e-06
