0.000000000000000000e+00 0.000000000000000000e+00 5.671297722681893916e-01
2.835648861340946884e-05 5.671297587676739360e-03 5.671297180658639858e-01
1.134259462930614263e-04 1.134259326315847569e-02 5.671293338028806641e-01
2.552083317499189178e-04 1.701388202044664191e-02 5.671282759366115256e-01
4.537035362113247075e-04 2.268515534417631790e-02 5.671261861479007793e-01
7.089113475907929569e-04 2.835640106264338337e-02 5.671226915387577172e-01
1.020831413201383521e-03 3.402760320378889897e-02 5.671174050088889640e-01
1.389463201049660280e-03 3.969874185549523982e-02 5.671099257315300735e-01
1.814805959757433314e-03 4.536979303093392063e-02 5.670998396820527976e-01
2.296858677163920136e-03 5.104072853934309151e-02 5.670867201918037281e-01
2.835620037663575017e-03 5.671151586239822628e-02 5.670701285108283862e-01
3.431088378335780779e-03 6.238211803621249163e-02 5.670496143698831037e-01
4.083261643922558859e-03 6.805249353892965647e-02 5.670247165362681807e-01
4.792137340709856294e-03 7.372259618383153468e-02 5.669949633605665396e-01
5.557712489367073148e-03 7.939237501786129692e-02 5.669598733129617152e-01
6.379983576798463688e-03 8.506177422545622979e-02 5.669189555087903454e-01
7.258946507058959552e-03 9.073073303758297237e-02 5.668717102235881766e-01
8.194596551385933611e-03 9.639918564587325600e-02 5.668176293982453151e-01
9.186928297397423115e-03 1.020670611217650015e-01 5.667561971350912886e-01
1.023593559750642958e-02 1.077342833405628419e-01 5.666868901858312935e-01
1.134161151660009227e-02 1.134007709103411615e-01 5.666091784322910829e-01
1.250394827903182626e-02 1.190664371056226606e-01 5.665225253609258438e-01
1.372293721497388000e-02 1.247311898057746893e-01 5.664263885320159897e-01
1.499856870617723159e-02 1.303949314380746238e-01 5.663202200444269474e-01
1.633083213118531954e-02 1.360575589254041928e-01 5.662034669967540568e-01
1.771971581004772728e-02 1.417189636385401963e-01 5.660755719456133095e-01
1.916520694857963211e-02 1.473790313530170260e-01 5.659359733617748134e-01
2.066729158221268514e-02 1.530376422105421963e-01 5.657841060847725867e-01
2.222595451948273723e-02 1.586946706849528543e-01 5.656194017765633353e-01
2.384117928519980528e-02 1.643499855527063291e-01 5.654412893747432500e-01
2.551294806334562446e-02 1.700034498679024175e-01 5.652491955457752404e-01
2.724124163974406265e-02 1.756549209418397373e-01 5.650425451386211773e-01
2.902603934454980536e-02 1.813042503271118655e-01 5.648207616391184294e-01
3.086731899460073286e-02 1.869512838062521720e-01 5.645832676253893512e-01
3.276505683567954713e-02 1.925958613849389212e-01 5.643294852245206439e-01
3.471922748473028203e-02 1.982378172897743263e-01 5.640588365707012164e-01
3.672980387207556985e-02 2.038769799706528496e-01 5.637707442649628753e-01
3.879675718368058579e-02 2.095131721077354847e-01 5.634646318366206552e-01
4.092005680350982444e-02 2.151462106230469795e-01 5.631399242064705213e-01
4.309967025602307739e-02 2.207759066967141526e-01 5.627960481517579883e-01
4.533556314885703320e-02 2.264020657878623999e-01 5.624324327728941197e-01
4.762769911573922627e-02 2.320244876601880724e-01 5.620485099618560687e-01
4.997603975968114426e-02 2.376429664122227670e-01 5.616437148721737938e-01
5.238054459649751915e-02 2.432572905123049078e-01 5.612174863903676147e-01
5.484117099869890988e-02 2.488672428382723012e-01 5.607692676086702965e-01
5.735787413980489302e-02 2.544726007218873765e-01 5.602985062988311560e-01
5.993060693912516390e-02 2.600731359980051338e-01 5.598046553867720432e-01
6.255932000705610729e-02 2.656686150584906536e-01 5.592871734278309637e-01
6.524396159094031367e-02 2.712587989108908859e-01 5.587455250823036845e-01
6.798447752153652379e-02 2.768434432418619418e-01 5.581791815909630250e-01
7.078081116014769969e-02 2.824222984853500540e-01 5.575876212502108853e-01
7.363290334645461455e-02 2.879951098955208511e-01 5.569703298864906449e-01
7.654069234710245140e-02 2.935616176244271180e-01 5.563268013295661341e-01
7.950411380508766446e-02 2.991215568044021667e-01 5.556565378842468483e-01
8.252310068999244019e-02 3.046746576351608837e-01 5.549590508001200906e-01
8.559758324911351246e-02 3.102206454755859766e-01 5.542338607388288541e-01
8.872748895953218307e-02 3.157592409401730471e-01 5.534804982384156080e-01
9.191274248117201062e-02 3.212901600001021318e-01 5.526985041742329408e-01
9.515326561089010315e-02 3.268131140888991260e-01 5.518874302159078038e-01
9.844897723764792219e-02 3.323278102126449585e-01 5.510468392798280046e-01
1.017997932988065624e-01 3.378339510646849453e-01 5.501763059766083819e-01
1.052056267375915677e-01 3.433312351447854183e-01 5.492754170529796642e-01
1.086663874617712078e-01 3.488193568826787883e-01 5.483437718275331330e-01
1.121819823035919150e-01 3.542980067659334265e-01 5.473809826197454376e-01
1.157523149810137375e-01 3.597668714720770877e-01 5.463866751716979220e-01
1.193772860602880098e-01 3.652256340048992134e-01 5.453604890619002665e-01
1.230567929199185839e-01 3.706739738348490132e-01 5.443020781106236994e-01
1.267907297160471569e-01 3.761115670434422298e-01 5.432111107761439239e-01
1.305789873493022890e-01 3.815380864715822162e-01 5.420872705412945747e-01
1.344214534331508726e-01 3.869532018716956290e-01 5.409302562897306821e-01
1.383180122637895360e-01 3.923565800635769873e-01 5.397397826713039581e-01
1.422685447916125501e-01 3.977478850938296895e-01 5.385155804559552672e-01
1.462729285942916679e-01 4.031267783987865228e-01 5.372573968755346430e-01
1.503310378515020640e-01 4.084929189707852126e-01 5.359649959529655394e-01
1.544427433213272916e-01 4.138459635276701687e-01 5.346381588181798872e-01
1.586079123183747885e-01 4.191855666853850360e-01 5.332766840102587391e-01
1.628264086936321020e-01 4.245113811335152754e-01 5.318803877652269474e-01
1.670980928160928913e-01 4.298230578136347235e-01 5.304491042889624142e-01
1.714228215561795499e-01 4.351202461003048083e-01 5.289826860146972232e-01
1.758004482709885907e-01 4.404025939845694348e-01 5.274810038446027249e-01
1.802308227913827776e-01 4.456697482597840598e-01 5.259439473749702998e-01
1.847137914109524270e-01 4.509213547096128649e-01 5.243714251045198393e-01
1.892491968768669208e-01 4.561570582980224442e-01 5.227633646253875277e-01
1.938368783826353026e-01 4.613765033610972011e-01 5.211197127963691500e-01
1.984766715627934996e-01 4.665793338004967095e-01 5.194404358980191372e-01
2.031684084895335474e-01 4.717651932783717972e-01 5.177255197692305355e-01
2.079119176712883599e-01 4.769337254135522786e-01 5.159749699249478461e-01
2.127070240532841217e-01 4.820845739788163220e-01 5.141888116546950993e-01
2.175535490200699029e-01 4.872173830990478294e-01 5.123670901016272872e-01
2.224513104000324371e-01 4.923317974500858729e-01 5.105098703218475809e-01
2.274001224719020831e-01 4.974274624580675708e-01 5.086172373237611843e-01
2.323997959732537755e-01 5.025040244990640614e-01 5.066892960872710905e-01
2.374501381110050713e-01 5.075611310988068503e-01 5.047261715626530920e-01
2.425509525739109606e-01 5.125984311323007470e-01 5.027280086489823718e-01
2.477020395470534431e-01 5.176155750231182795e-01 5.006949721520187468e-01
2.529031957283215948e-01 5.226122149421704721e-01 4.986272467214914461e-01
2.581542143468757433e-01 5.275880050057466519e-01 4.965250367677621623e-01
2.634548851835877836e-01 5.325426014726185597e-01 4.943885663578804213e-01
2.688049945934467555e-01 5.374756629400015973e-01 4.922180790910811732e-01
2.742043255299175808e-01 5.423868505381688188e-01 4.900138379538124256e-01
2.796526575712383056e-01 5.472758281235134969e-01 4.877761251544164289e-01
2.851497669486394715e-01 5.521422624698573145e-01 4.855052419376249540e-01
2.906954265764667977e-01 5.569858234578031198e-01 4.832015083790661691e-01
2.962894060841869126e-01 5.618061842619341828e-01 4.808652631600159877e-01
3.019314718502533190e-01 5.666030215356631095e-01 4.784968633226638346e-01
3.076213870378086135e-01 5.713760155935372342e-01 4.760966840061973682e-01
3.133589116321959245e-01 5.761248505908103112e-01 4.736651181640461616e-01
3.191438024802517592e-01 5.808492147000942074e-01 4.712025762626583236e-01
3.249758133313500053e-01 5.855488002849073004e-01 4.687094859622177867e-01
3.308546948801650567e-01 5.902233040699419453e-01 4.661862917797425787e-01
3.367801948111207588e-01 5.948724273078765945e-01 4.636334547350359769e-01
3.427520578444890886e-01 5.994958759425641492e-01 4.610514519799933653e-01
3.487700257841022111e-01 6.040933607684314532e-01 4.584407764117967021e-01
3.548338375666389433e-01 6.086645975859337199e-01 4.558019362705576505e-01
3.609432293124451019e-01 6.132093073529091276e-01 4.531354547219964557e-01
3.670979343778465465e-01 6.177272163316880338e-01 4.504418694257700251e-01
3.732976834089115070e-01 6.222180562318170294e-01 4.477217320900866437e-01
3.795422043966175107e-01 6.266815643482626097e-01 4.449756080132674652e-01
3.858312227333773325e-01 6.311174836949682287e-01 4.422040756129361760e-01
3.921644612708766187e-01 6.355255631336444999e-01 4.394077259435375526e-01
3.985416403791754436e-01 6.399055574976788563e-01 4.365871622029040555e-01
4.049624780070236185e-01 6.442572277110596435e-01 4.337429992286050418e-01
4.114266897433404568e-01 6.485803409022151689e-01 4.308758629848281063e-01
4.179339888798065950e-01 6.528746705126780014e-01 4.279863900405546095e-01
4.244840864745166309e-01 6.571399964004901451e-01 4.250752270398023280e-01
4.310766914166389574e-01 6.613761049382747004e-01 4.221430301647172145e-01
4.377115104920296096e-01 6.655827891059056256e-01 4.191904645923033579e-01
4.443882484497451157e-01 6.697598485777165322e-01 4.162182039455858962e-01
4.511066080694005054e-01 6.739070898041963353e-01 4.132269297400049668e-01
4.578662902293159087e-01 6.780243260881287926e-01 4.102173308258406093e-01
4.646669939753971246e-01 6.821113776551391839e-01 4.071901028274684808e-01
4.715084165906933134e-01 6.861680717186215972e-01 4.041459475802444690e-01
4.783902536655756932e-01 6.901942425390260594e-01 4.010855725658125648e-01
4.853121991684812286e-01 6.941897314774945205e-01 3.980096903466250891e-01
4.922739455171639689e-01 6.981543870438409183e-01 3.949190180004570339e-01
4.992751836503981355e-01 7.020880649388802075e-01 3.918142765556882900e-01
5.063156031000763946e-01 7.059906280911165677e-01 3.886961904281162061e-01
5.133948920636467461e-01 7.098619466878109963e-01 3.855654868600502105e-01
5.205127374768319104e-01 7.137018982004542655e-01 3.824228953624255190e-01
5.276688250865759766e-01 7.175103674046788838e-01 3.792691471606592923e-01
5.348628395241622480e-01 7.212872463946514712e-01 3.761049746449558473e-01
5.420944643784479933e-01 7.250324345919934022e-01 3.729311108257499230e-01
5.493633822691605939e-01 7.287458387492840028e-01 3.697482887949583574e-01
5.566692749202026835e-01 7.324273729482085882e-01 3.665572411936907082e-01
5.640118232329115466e-01 7.360769585924180625e-01 3.633586996870478147e-01
5.713907073592215946e-01 7.396945243951745796e-01 3.601533944466159820e-01
5.788056067746771838e-01 7.432800063618631992e-01 3.569420536412402645e-01
5.862562003512451492e-01 7.468333477674549137e-01 3.537254029366376229e-01
5.937421664298775381e-01 7.503544991290125310e-01 3.505041650043854151e-01
6.012631828927748057e-01 7.538434181733346673e-01 3.472790590407950351e-01
6.088189272353010661e-01 7.573000697998411024e-01 3.440508002961550349e-01
6.164090766375058816e-01 7.607244260388031920e-01 3.408200996148011419e-01
6.240333080352046258e-01 7.641164660050315804e-01 3.375876629864437706e-01
6.316912981905737912e-01 7.674761758471352335e-01 3.343541911091556518e-01
6.393827237622172754e-01 7.708035486924695867e-01 3.311203789643955009e-01
6.471072613746612356e-01 7.740985845878973759e-01 3.278869154044146139e-01
6.548645876872359883e-01 7.773612904364861631e-01 3.246544827523661914e-01
6.626543794623047656e-01 7.805916799302720088e-01 3.214237564154079352e-01
6.704763136328016904e-01 7.837897734792200755e-01 3.181954045110618745e-01
6.783300673690404459e-01 7.869555981365163877e-01 3.149700875070656214e-01
6.862153181447580019e-01 7.900891875203260861e-01 3.117484578749229462e-01
6.941317438023590913e-01 7.931905817321566188e-01 3.085311597573325293e-01
7.020790226173279081e-01 7.962598272719652037e-01 3.053188286496477111e-01
7.100568333617749417e-01 7.992969769501517829e-01 3.021120910954920857e-01
7.180648553670889722e-01 8.023020897965790210e-01 2.989115643966293590e-01
7.261027685856651370e-01 8.052752309667626784e-01 2.957178563371603564e-01
7.341702536516809818e-01 8.082164716453760223e-01 2.925315649220936454e-01
7.422669919408948491e-01 8.111258889472116040e-01 2.893532781303118639e-01
7.503926656294418462e-01 8.140035658157448450e-01 2.861835736819312026e-01
7.585469577516043005e-01 8.168495909194430915e-01 2.830230188200274499e-01
7.667295522565340526e-01 8.196640585459634698e-01 2.798721701066797518e-01
7.749401340639072711e-01 8.224470684943824272e-01 2.767315732332600864e-01
7.831783891184919133e-01 8.251987259655994000e-01 2.736017628448753625e-01
7.914440044436110711e-01 8.279191414510546076e-01 2.704832623788488433e-01
7.997366681934855448e-01 8.306084306199019718e-01 2.673765839171061698e-01
8.080560697044407714e-01 8.332667142047740505e-01 2.642822280523143830e-01
8.164018995449650040e-01 8.358941178862772103e-01 2.612006837676021931e-01
8.247738495646070866e-01 8.384907721763503741e-01 2.581324283296739242e-01
8.331716129417019445e-01 8.410568123006215702e-01 2.550779271951124083e-01
8.415948842299156851e-01 8.435923780798922911e-01 2.520376339296507284e-01
8.500433594036018725e-01 8.460976138108786682e-01 2.490119901401788016e-01
8.585167359019613142e-01 8.485726681463351406e-01 2.460014254192364747e-01
8.670147126720013642e-01 8.510176939746844083e-01 2.430063573017323952e-01
8.755369902102889679e-01 8.534328482992745712e-01 2.400271912336163216e-01
8.840832706034948973e-01 8.558182921173818070e-01 2.370643205522215691e-01
8.926532575677278425e-01 8.581741902990733806e-01 2.341181264779843285e-01
9.012466564866561392e-01 8.605007114660435663e-01 2.311889781172376257e-01
9.098631744484185768e-01 8.627980278705316142e-01 2.282772324757698368e-01
9.185025202813253964e-01 8.650663152744275664e-01 2.253832344828298750e-01
9.271644045883512542e-01 8.673057528286693962e-01 2.225073170252552246e-01
9.358485397804242600e-01 8.695165229530303908e-01 2.196498009913935845e-01
9.445546401085154198e-01 8.716988112163933655e-01 2.168109953244835297e-01
9.532824216945333662e-01 8.738528062176048605e-01 2.139911970851565426e-01
9.620316025610312627e-01 8.759786994669981341e-01 2.111906915227189929e-01
9.708019026597318746e-01 8.780766852686714419e-01 2.084097521548706200e-01
9.795930438988805777e-01 8.801469606036047555e-01 2.056486408555144585e-01
9.884047501694334104e-01 8.821897250136930824e-01 2.029076079503121521e-01
9.972367473700902707e-01 8.842051804867727682e-01 2.001868923196384320e-01
1.006088763431184141e+00 8.861935313427130589e-01 1.974867215085889804e-01
1.014960528337436552e+00 8.881549841206414220e-01 1.948073118436969842e-01
1.023851774149591165e+00 8.900897474673680199e-01 1.921488685560155119e-01
1.032762235024937691e+00 8.919980320270717300e-01 1.895115859102248224e-01
1.041691647236740348e+00 8.938800503323056645e-01 1.868956473394266793e-01
1.050639749192581185e+00 8.957360166963780346e-01 1.843012255852912729e-01
1.059606281451636045e+00 8.975661471071593178e-01 1.817284828432257637e-01
1.068590986740895810e+00 8.993706591223653568e-01 1.791775709122380988e-01
1.077593609970346922e+00 9.011497717663610185e-01 1.766486313491742177e-01
1.086613898247128285e+00 9.029037054285267150e-01 1.741417956270120138e-01
1.095651600888680521e+00 9.046326817632270867e-01 1.716571852969010215e-01
1.104706469434902028e+00 9.063369235914171540e-01 1.691949121536421019e-01
1.113778257659330029e+00 9.080166548039196872e-01 1.667550784043084489e-01
1.122866721579362848e+00 9.096721002664027722e-01 1.643377768397146776e-01
1.131971619465540035e+00 9.113034857260855492e-01 1.619430910084483366e-01
1.141092711849898800e+00 9.129110377201956616e-01 1.595710953931845366e-01
1.150229761533424266e+00 9.144949834862001747e-01 1.572218555890119163e-01
1.159382533592609787e+00 9.160555508738288388e-01 1.548954284835052375e-01
1.168550795385147723e+00 9.175929682589054615e-01 1.525918624382876509e-01
1.177734316554766902e+00 9.191074644590015996e-01 1.503111974718333022e-01
1.186932869035236093e+00 9.205992686509232303e-01 1.480534654432686115e-01
1.196146227053551003e+00 9.220686102900397252e-01 1.458186902369384141e-01
1.205374167132325258e+00 9.235157190314609021e-01 1.436068879475113358e-01
1.214616468091400447e+00 9.249408246530677058e-01 1.414180670654066330e-01
1.223872911048696999e+00 9.263441569803968489e-01 1.392522286623326944e-01
1.233143279420323424e+00 9.277259458133815251e-01 1.371093665767356973e-01
1.242427358919960589e+00 9.290864208549447500e-01 1.349894675989648518e-01
1.251724937557543438e+00 9.304258116414422242e-01 1.328925116559684927e-01
1.261035805637254592e+00 9.317443474749494969e-01 1.308184719953441044e-01
1.270359755754850939e+00 9.330422573573851075e-01 1.287673153685721383e-01
1.279696582794339621e+00 9.343197699264617073e-01 1.267390022132726113e-01
1.289046083924024533e+00 9.355771133934540629e-01 1.247334868343305814e-01
1.298408058591937086e+00 9.368145154827719479e-01 1.227507175837445480e-01
1.307782308520673453e+00 9.380322033733248244e-01 1.207906370390596645e-01
1.317168637701654044e+00 9.392304036416631030e-01 1.188531821802550209e-01
1.326566852388822548e+00 9.404093422068798835e-01 1.169382845649619002e-01
1.335976761091803189e+00 9.415692442772563009e-01 1.150458705018970046e-01
1.345398174568533056e+00 9.427103342986317136e-01 1.131758612224021410e-01
1.354830905817386855e+00 9.438328359044791949e-01 1.113281730499886685e-01
1.364274770068810483e+00 9.449369718676663421e-01 1.095027175677920489e-01
1.373729584776480550e+00 9.460229640538800888e-01 1.076994017838486667e-01
1.383195169608006925e+00 9.470910333766920930e-01 1.059181282941134006e-01
1.392671346435193414e+00 9.481413997542439409e-01 1.041587954431433261e-01
1.402157939323873670e+00 9.491742820675261871e-01 1.024212974823786731e-01
1.411654774523337208e+00 9.501898981202284711e-01 1.007055247259587838e-01
1.421161680455363063e+00 9.511884646001350641e-01 9.901136370401622533e-02
1.430678487702872870e+00 9.521701970420408667e-01 9.733869731339850340e-02
1.440205028998222669e+00 9.531353097921607676e-01 9.568740496577177179e-02
1.449741139211144780e+00 9.540840159740076043e-01 9.405736273306697370e-02
1.459286655336356597e+00 9.550165274557108619e-01 9.244844349023348395e-02
1.468841416480848983e+00 9.559330548187491283e-01 9.086051705527072031e-02
1.478405263850869122e+00 9.568338073280694411e-01 8.929345032651278546e-02
1.487978040738611618e+00 9.577189929035655469e-01 8.774710741714611406e-02
1.497559592508631132e+00 9.585888180928873181e-01 8.622134978694424856e-02
1.507149766583988804e+00 9.594434880455536829e-01 8.471603637120837804e-02
1.516748412432147752e+00 9.602832064883410901e-01 8.323102370690642349e-02
1.526355381550626777e+00 9.611081757019189764e-01 8.176616605600711685e-02
1.535970527452428458e+00 9.619185964987048143e-01 8.032131552600953184e-02
1.545593705651250316e+00 9.627146682019104285e-01 7.889632218767200778e-02
1.555224773646493031e+00 9.634965886257517154e-01 7.749103418994773840e-02
1.564863590908076363e+00 9.642645540567933438e-01 7.610529787213761443e-02
1.574510018861073668e+00 9.650187592364016798e-01 7.473895787327397566e-02
1.584163920870177211e+00 9.657593973442776258e-01 7.339185723875170375e-02
1.593825162224003167e+00 9.664866599830418403e-01 7.206383752422600153e-02
1.603493610119248070e+00 9.672007371638454698e-01 7.075473889679854966e-02
1.613169133644706488e+00 9.679018172929795272e-01 6.946440023351639625e-02
1.622851603765159245e+00 9.685900871594556039e-01 6.819265921720996104e-02
1.632540893305143070e+00 9.692657319235319369e-01 6.693935242969882571e-02
1.642236876932608780e+00 9.699289351061586295e-01 6.570431544239581367e-02
1.651939431142479986e+00 9.705798785793156025e-01 6.448738290434181952e-02
1.661648434240117878e+00 9.712187425572187394e-01 6.328838862770537477e-02
1.671363766324703404e+00 9.718457055883679141e-01 6.210716567078262973e-02
1.681085309272544182e+00 9.724609445484134751e-01 6.094354641853475668e-02
1.690812946720313459e+00 9.730646346338148733e-01 5.979736266070110468e-02
1.700546564048229126e+00 9.736569493562695632e-01 5.866844566752763002e-02
1.710286048363182099e+00 9.742380605378866409e-01 5.755662626315107694e-02
1.720031288481818965e+00 9.748081383070832384e-01 5.646173489668043777e-02
1.729782174913587767e+00 9.753673510951800241e-01 5.538360171101800594e-02
1.739538599843752475e+00 9.759158656336740512e-01 5.432205660946291814e-02
1.749300457116383933e+00 9.764538469521668596e-01 5.327692932014097688e-02
1.759067642217333249e+00 9.769814583769256267e-01 5.224804945830469061e-02
1.768840052257194095e+00 9.774988615300576056e-01 5.123524658654825259e-02
1.778617585954259006e+00 9.780062163292758681e-01 5.023835027298218653e-02
1.788400143617476790e+00 9.785036809882371456e-01 4.925719014741285900e-02
1.798187627129416377e+00 9.789914120174313394e-01 4.829159595557205864e-02
1.807979939929240887e+00 9.794695642256041612e-01 4.734139761144197378e-02
1.817776986995700561e+00 9.799382907216933614e-01 4.640642524772092825e-02
1.827578674830145689e+00 9.803977429172608948e-01 4.548650926447507514e-02
1.837384911439567281e+00 9.808480705294021496e-01 4.458148037602116531e-02
1.847195606319668837e+00 9.812894215841158063e-01 4.369116965608528524e-02
1.857010670437974076e+00 9.817219424201166778e-01 4.281540858128216054e-02
1.866830016216974641e+00 9.821457776930753170e-01 4.195402907295931599e-02
1.876653557517323323e+00 9.825610703802676316e-01 4.110686353744997384e-02
1.886481209621074351e+00 9.829679617856197371e-01 4.027374490477817620e-02
1.896312889214976760e+00 9.833665915451321737e-01 3.945450666585907651e-02
1.906148514373824376e+00 9.837570976326684979e-01 3.864898290823682442e-02
1.915988004543863976e+00 9.841396163660943719e-01 3.785700835040196194e-02
1.925831280526267841e+00 9.845142824137529391e-01 3.707841837472953400e-02
1.935678264460672482e+00 9.848812288012628313e-01 3.631304905907856151e-02
1.945528879808786638e+00 9.852405869186252607e-01 3.556073720709277547e-02
1.955383051338071221e+00 9.855924865276285418e-01 3.482132037724185170e-02
1.965240705105496311e+00 9.859370557695360526e-01 3.409463691064162222e-02
1.975101768441374750e+00 9.862744211730471999e-01 3.338052595769099712e-02
1.984966169933277902e+00 9.866047076625183987e-01 3.267882750356253252e-02
1.994833839410034004e+00 9.869280385664336297e-01 3.198938239258278943e-02
2.004704707925812901e+00 9.872445356261134730e-01 3.131203235153780934e-02
2.014578707744299368e+00 9.875543190046519593e-01 3.064662001193818944e-02
2.024455772322955927e+00 9.878575072960706915e-01 2.999298893127745613e-02
2.034335836297378464e+00 9.881542175346811341e-01 2.935098361331648156e-02
2.044218835465748008e+00 9.884445652046446318e-01 2.872044952742592097e-02
2.054104706773375977e+00 9.887286642497216116e-01 2.810123312701773637e-02
2.063993388297351128e+00 9.890066270832000850e-01 2.749318186709603234e-02
2.073884819231285093e+00 9.892785645979960130e-01 2.689614422095652421e-02
2.083778939870158720e+00 9.895445861769164297e-01 2.630996969606314018e-02
2.093675691595274557e+00 9.898047997030768874e-01 2.573450884912934292e-02
2.103575016859311475e+00 9.900593115704662273e-01 2.516961330043093747e-02
2.113476859171487199e+00 9.903082266946509060e-01 2.461513574737625096e-02
2.123381163082827872e+00 9.905516485236107727e-01 2.407092997735871612e-02
2.133287874171547305e+00 9.907896790487005223e-01 2.353685087991608249e-02
2.143196939028535919e+00 9.910224188157291669e-01 2.301275445821961141e-02
2.153108305242961151e+00 9.912499669361508614e-01 2.249849783991580976e-02
2.163021921387979773e+00 9.914724210983616448e-01 2.199393928734244205e-02
2.172937737006565229e+00 9.916898775790946585e-01 2.149893820713978665e-02
2.182855702597447323e+00 9.919024312549086231e-01 2.101335515927729020e-02
2.192775769601169156e+00 9.921101756137642447e-01 2.053705186551502138e-02
2.202697890386258628e+00 9.923132027666820010e-01 2.006989121731859310e-02
2.212622018235518517e+00 9.925116034594764214e-01 1.961173728324545895e-02
2.222548107332432021e+00 9.927054670845619766e-01 1.916245531581982006e-02
2.232476112747689978e+00 9.928948816928250265e-01 1.872191175791261195e-02
2.242405990425833551e+00 9.930799340055570523e-01 1.828997424864244048e-02
2.252337697172019038e+00 9.932607094264449543e-01 1.786651162881260774e-02
2.262271190638901253e+00 9.934372920536129747e-01 1.745139394589880974e-02
2.272206429313639031e+00 9.936097646917126935e-01 1.704449245860135270e-02
2.282143372505021528e+00 9.937782088640561007e-01 1.664567964097526248e-02
2.292081980330713975e+00 9.939427048247881924e-01 1.625482918615098540e-02
2.302022213704628673e+00 9.941033315710946505e-01 1.587181600965787559e-02
2.311964034324415884e+00 9.942601668554409411e-01 1.549651625236208967e-02
2.321907404659078189e+00 9.944132871978386135e-01 1.512880728303001888e-02
2.331852287936706958e+00 9.945627678981356912e-01 1.476856770052788377e-02
2.341798648132342731e+00 9.947086830483272690e-01 1.441567733566763085e-02
2.351746449955957718e+00 9.948511055448825413e-01 1.407001725270881978e-02
2.361695658840562650e+00 9.949901071010858189e-01 1.373146975052576615e-02
2.371646240930437077e+00 9.951257582593865392e-01 1.339991836344877306e-02
2.381598163069482244e+00 9.952581284037572695e-01 1.307524786178788923e-02
2.391551392789697861e+00 9.953872857720544864e-01 1.275734425204727573e-02
2.401505898299783670e+00 9.955132974683804647e-01 1.244609477683788351e-02
2.411461648473862240e+00 9.956362294754426134e-01 1.214138791449581416e-02
2.421418612840328777e+00 9.957561466669077044e-01 1.184311337841343313e-02
2.431376761570821277e+00 9.958731128197478855e-01 1.155116211608996600e-02
2.441336065469314587e+00 9.959871906265758135e-01 1.126542630790807950e-02
2.451296495961339694e+00 9.960984417079662423e-01 1.098579936564262824e-02
2.461258025083324696e+00 9.962069266247616239e-01 1.071217593070753968e-02
2.471220625472058341e+00 9.963127048903582805e-01 1.044445187214655853e-02
2.481184270354277022e+00 9.964158349829718153e-01 1.018252428437336696e-02
2.491148933536374788e+00 9.965163743578786537e-01 9.926291484666376758e-03
2.501114589394234589e+00 9.966143794596307171e-01 9.675653010423328204e-03
2.511081212863182088e+00 9.967099057342424517e-01 9.430509616180644816e-03
2.521048779428061160e+00 9.968030076413459950e-01 9.190763270402335303e-03
2.531017265113430170e+00 9.968937386663133671e-01 8.956317152043090021e-03
2.540986646473880395e+00 9.969821513323436912e-01 8.727075646890094379e-03
2.550956900584474774e+00 9.970682972125117782e-01 8.502944343687954959e-03
2.560928005031306576e+00 9.971522269417780748e-01 8.283830030051026611e-03
2.570899937902177523e+00 9.972339902289554248e-01 8.069640688167322926e-03
2.580872677777396262e+00 9.973136358686328640e-01 7.860285490298133532e-03
2.590846203720696295e+00 9.973912117530528976e-01 7.655674794077352817e-03
2.600820495270271149e+00 9.974667648839409262e-01 7.455720137614495202e-03
2.610795532429927235e+00 9.975403413842846012e-01 7.260334234405290549e-03
2.620771295660357048e+00 9.976119865100616657e-01 7.069430968053704717e-03
2.630747765870526056e+00 9.976817446619137275e-01 6.882925386809192990e-03
2.640724924409177721e+00 9.977496593967646321e-01 6.700733697922955923e-03
2.650702753056454863e+00 9.978157734393815481e-01 6.522773261826932470e-03
2.660681234015634722e+00 9.978801286938770998e-01 6.348962586139245308e-03
2.670660349904979913e+00 9.979427662551502154e-01 6.179221319499794175e-03
2.680640083749703972e+00 9.980037264202651359e-01 6.013470245239683522e-03
2.690620418974048800e+00 9.980630486997659201e-01 5.851631274888153406e-03
2.700601339393475797e+00 9.981207718289251130e-01 5.693627441520690384e-03
2.710582829206969802e+00 9.981769337789255792e-01 5.539382892951976063e-03
2.720564872989453153e+00 9.982315717679730582e-01 5.388822884777363063e-03
2.730547455684311231e+00 9.982847222723386649e-01 5.241873773266536932e-03
2.740530562596028563e+00 9.983364210373292247e-01 5.098463008113065902e-03
2.750514179382932856e+00 9.983867030881851123e-01 4.958519125043524788e-03
2.760498292050049596e+00 9.984356027409025947e-01 4.821971738289905322e-03
2.770482886942062350e+00 9.984831536129811225e-01 4.688751532929031317e-03
2.780467950736381866e+00 9.985293886340926850e-01 4.558790257092721308e-03
2.790453470436320860e+00 9.985743400566728933e-01 4.432020714052443966e-03
2.800439433364373620e+00 9.986180394664323501e-01 4.308376754182234938e-03
2.810425827155601741e+00 9.986605177927869725e-01 4.187793266803660312e-03
2.820412639751122441e+00 9.987018053192061595e-01 4.070206171916625724e-03
2.830399859391700801e+00 9.987419316934780245e-01 3.955552411819844918e-03
2.840387474611444141e+00 9.987809259378895854e-01 3.843769942624799315e-03
2.850375474231596762e+00 9.988188164593225782e-01 3.734797725667032310e-03
2.860363847354436384e+00 9.988556310592617837e-01 3.628575718818635460e-03
2.870352583357270504e+00 9.988913969437169804e-01 3.525044867705798453e-03
2.880341671886530008e+00 9.989261407330560782e-01 3.424147096835301277e-03
2.890331102851962264e+00 9.989598884717491023e-01 3.325825300633842175e-03
2.900320866420919685e+00 9.989926656380222481e-01 3.230023334404095829e-03
2.910310953012745561e+00 9.990244971534211205e-01 3.136686005201407956e-03
2.920301353293254909e+00 9.990554073922824907e-01 3.045759062635034192e-03
2.930292058169309488e+00 9.990854201911132382e-01 2.957189189597831183e-03
2.940283058783485171e+00 9.991145588578768111e-01 2.870923992928313406e-03
2.950274346508833467e+00 9.991428461811855399e-01 2.786911994008979716e-03
2.960265912943733202e+00 9.991703044393990263e-01 2.705102619304815357e-03
2.970257749906832778e+00 9.991969554096271633e-01 2.625446190845865616e-03
2.980249849432083042e+00 9.992228203766382322e-01 2.547893916657765611e-03
2.990242203763857187e+00 9.992479201416706314e-01 2.472397881144108075e-03
3.000234805352159473e+00 9.992722750311483493e-01 2.398911035424501972e-03
3.010227646847920546e+00 9.992959049052999587e-01 2.327387187632175627e-03
3.020220721098378025e+00 9.993188291666796896e-01 2.257780993174945093e-03
3.030214021142541458e+00 9.993410667685915794e-01 2.190047944963355482e-03
3.040207540206742109e+00 9.993626362234153682e-01 2.124144363609774353e-03
3.050201271700264449e+00 9.993835556108346951e-01 2.060027387602193696e-03
3.060195209211060696e+00 9.994038425859662622e-01 1.997654963456464532e-03
3.070189346501544847e+00 9.994235143873910765e-01 1.936985835850660396e-03
3.080183677504466644e+00 9.994425878450865497e-01 1.877979537745230179e-03
3.090178196318865922e+00 9.994610793882598987e-01 1.820596380492566120e-03
3.100172897206102451e+00 9.994790050530825143e-01 1.764797443939573711e-03
3.110167774585964828e+00 9.994963804903255200e-01 1.710544566526790364e-03
3.120162823032853083e+00 9.995132209728961881e-01 1.657800335387557208e-03
3.130158037272039007e+00 9.995295414032753234e-01 1.606528076450704570e-03
3.140153412175997083e+00 9.995453563208558379e-01 1.556691844550160513e-03
3.150148942760810478e+00 9.995606799091821815e-01 1.508256413544850844e-03
3.160144624182648521e+00 9.995755260030916300e-01 1.461187266452200007e-03
3.170140451734314802e+00 9.995899080957560967e-01 1.415450585598495431e-03
3.180136420841865430e+00 9.996038393456266880e-01 1.371013242789320902e-03
3.190132527061295242e+00 9.996173325832787837e-01 1.327842789503208987e-03
3.200128766075294617e+00 9.996304003181603060e-01 1.285907447111604446e-03
3.210125133690069799e+00 9.996430547452416215e-01 1.245176097128173742e-03
3.220121625832232048e+00 9.996553077515685226e-01 1.205618271490429627e-03
3.230118238545749865e+00 9.996671709227178404e-01 1.167204142876584506e-03
3.240114967988967809e+00 9.996786555491568027e-01 1.129904515060477059e-03
3.250111810431684400e+00 9.996897726325058020e-01 1.093690813307354867e-03
3.260108762252296621e+00 9.997005328917054623e-01 1.058535074813230685e-03
3.270105819935003044e+00 9.997109467690883378e-01 1.024409939190459341e-03
3.280102980067066909e+00 9.997210244363556875e-01 9.912886390021206397e-04
3.290100239336139598e+00 9.997307758004599920e-01 9.591449903477178860e-04
3.300097594527643174e+00 9.997402105093933233e-01 9.279533835026390664e-04
3.310095042522208431e+00 9.997493379578825667e-01 8.976887736137520533e-04
3.320092580293170226e+00 9.997581672929919394e-01 8.683266714534383082e-04
3.330090204904118778e+00 9.997667074196332493e-01 8.398431342342962611e-04
3.340087913506505579e+00 9.997749670059845606e-01 8.122147564866747478e-04
3.350085703337302157e+00 9.997829544888180431e-01 7.854186610011244622e-04
3.360083571716712569e+00 9.997906780787376713e-01 7.594324898377831715e-04
3.370081516045937420e+00 9.997981457653269954e-01 7.342343954046383434e-04
3.380079533804989822e+00 9.998053653222085391e-01 7.098030316065370021e-04
3.390077622550559333e+00 9.998123443120148224e-01 6.861175450667420439e-04
3.400075779913927843e+00 9.998190900912719004e-01 6.631575664227586792e-04
3.410074003598931647e+00 9.998256098151961924e-01 6.409032016980850590e-04
3.420072291379972373e+00 9.998319104424057135e-01 6.193350237514667683e-04
3.430070641100074536e+00 9.998379987395458190e-01 5.984340638051637452e-04
3.440069050668987494e+00 9.998438812858310154e-01 5.781818030536654352e-04
3.450067518061334493e+00 9.998495644775028390e-01 5.585601643542200583e-04
3.460066041314804774e+00 9.998550545322054672e-01 5.395515040004707913e-04
3.470064618528388767e+00 9.998603574932792837e-01 5.211386035804232552e-04
3.480063247860656794e+00 9.998654792339732866e-01 5.033046619198972482e-04
3.490061927528077756e+00 9.998704254615777831e-01 4.860332871125469805e-04
3.500060655803380882e+00 9.998752017214774801e-01 4.693084886374652748e-04
3.510059431013956566e+00 9.998798134011263050e-01 4.531146695653193255e-04
3.520058251540296279e+00 9.998842657339446216e-01 4.374366188538983879e-04
3.530057115814471125e+00 9.998885638031400624e-01 4.222595037338873090e-04
3.540056022318649465e+00 9.998927125454525333e-01 4.075688621856145949e-04
3.550054969583649189e+00 9.998967167548246104e-01 3.933505955074590387e-04
3.560053956187529511e+00 9.999005810859976640e-01 3.795909609765352340e-04
3.570052980754215177e+00 9.999043100580355947e-01 3.662765646022157436e-04
3.580052041952157982e+00 9.999079080577762957e-01 3.533943539729861609e-04
3.590051138493030702e+00 9.999113793432118369e-01 3.409316111970686430e-04
3.600050269130455671e+00 9.999147280467989285e-01 3.288759459371901344e-04
3.610049432658766211e+00 9.999179581786999949e-01 3.172152885398134389e-04
3.620048627911798267e+00 9.999210736299561919e-01 3.059378832590915667e-04
3.630047853761716237e+00 9.999240781755928120e-01 2.950322815757502144e-04
3.640047109117867219e+00 9.999269754776585195e-01 2.844873356110484892e-04
3.650046392925665906e+00 9.999297690881994161e-01 2.742921916359140422e-04
3.660045704165509672e+00 9.999324624521683802e-01 2.644362836752971201e-04
3.670045041851722534e+00 9.999350589102710130e-01 2.549093272077359988e-04
3.680044405031524857e+00 9.999375617017490780e-01 2.457013129600775828e-04
3.690043792784034604e+00 9.999399739671022136e-01 2.368025007972474896e-04
3.700043204219291226e+00 9.999422987507494698e-01 2.282034137069174483e-04
3.710042638477309307e+00 9.999445390036305614e-01 2.198948318788713900e-04
3.720042094727156190e+00 9.999466975857488338e-01 2.118677868788273111e-04
3.730041572166054475e+00 9.999487772686562748e-01 2.041135559164288730e-04
3.740041070018510716e+00 9.999507807378816837e-01 1.966236562070782228e-04
3.750040587535465875e+00 9.999527105953027739e-01 1.893898394272415151e-04
3.760040123993471539e+00 9.999545693614637631e-01 1.824040862628188524e-04
3.770039678693887453e+00 9.999563594778382303e-01 1.756586010501327648e-04
3.780039250962101693e+00 9.999580833090394583e-01 1.691458065090523533e-04
3.790038840146773946e+00 9.999597431449782636e-01 1.628583385677352538e-04
3.800038445619097427e+00 9.999613412029695336e-01 1.567890412784352929e-04
3.810038066772084786e+00 9.999628796297884703e-01 1.509309618237913140e-04
3.820037703019871334e+00 9.999643605036773186e-01 1.452773456129808325e-04
3.830037353797041355e+00 9.999657858363033558e-01 1.398216314670926879e-04
3.840037018557969972e+00 9.999671575746694741e-01 1.345574468930433969e-04
3.850036696776187206e+00 9.999684776029776900e-01 1.294786034453349706e-04
3.860036387943758918e+00 9.999697477444468019e-01 1.245790921749251236e-04
3.870036091570685066e+00 9.999709697630849714e-01 1.198530791644564089e-04
3.880035807184317509e+00 9.999721453654181191e-01 1.152949011490663221e-04
3.890035534328792455e+00 9.999732762021746879e-01 1.108990612219784653e-04
3.900035272564481126e+00 9.999743638699283288e-01 1.066602246240529991e-04
3.910035021467457295e+00 9.999754099126987317e-01 1.025732146164547436e-04
3.920034780628977700e+00 9.999764158235112665e-01 9.863300843557812553e-05
3.930034549654981557e+00 9.999773830459171009e-01 9.483473332935030858e-05
3.940034328165601618e+00 9.999783129754735711e-01 9.117366267401707614e-05
3.950034115794692546e+00 9.999792069611866951e-01 8.764521217050045307e-05
3.960033912189372618e+00 9.999800663069156048e-01 8.424493611940242857e-05
3.970033717009577856e+00 9.999808922727400073e-01 8.096852377371580685e-05
3.980033529927632596e+00 9.999816860762921200e-01 7.781179576829055434e-05
3.990033350627830266e+00 9.999824488940527445e-01 7.477070062509285828e-05
4.000033178806028822e+00 9.999831818626132574e-01 7.184131133328344580e-05
4.010033014169256838e+00 9.999838860799030726e-01 6.901982200313260527e-05
4.020032856435335589e+00 9.999845626063846860e-01 6.630254459278055613e-05
4.030032705332507348e+00 9.999852124662161890e-01 6.368590570684452205e-05
4.040032560599079225e+00 9.999858366483816985e-01 6.116644346586722178e-05
4.050032421983076780e+00 9.999864361077913655e-01 5.874080444559562342e-05
4.060032289241909176e+00 9.999870117663510749e-01 5.640574068507406486e-05
4.070032162142044108e+00 9.999875645140019476e-01 5.415810676253187875e-05
4.080032040458692499e+00 9.999880952097317532e-01 5.199485693804231976e-05
4.090031923975504746e+00 9.999886046825576802e-01 4.991304236192724731e-05
4.100031812484275839e+00 9.999890937324813489e-01 4.790980834788043129e-05
4.110031705784659373e+00 9.999895631314172917e-01 4.598239170978137252e-05
4.120031603683891319e+00 9.999900136240948978e-01 4.412811816117144829e-05
4.130031505996522689e+00 9.999904459289343794e-01 4.234439977636462722e-05
4.140031412544161071e+00 9.999908607388983128e-01 4.062873251216629172e-05
4.150031323155219276e+00 9.999912587223181992e-01 3.897869378917554275e-05
4.160031237664674642e+00 9.999916405236969341e-01 3.739194013164876055e-05
4.170031155913831888e+00 9.999920067644888499e-01 3.586620486490547444e-05
4.180031077750099300e+00 9.999923580438560000e-01 3.439929586926105092e-05
4.190031003026769341e+00 9.999926949394030151e-01 3.298909338947506633e-05
4.200030931602803719e+00 9.999930180078896447e-01 3.163354789870903469e-05
4.210030863342631768e+00 9.999933277859229808e-01 3.033067801599227407e-05
4.220030798115950610e+00 9.999936247906284770e-01 2.907856847620067834e-05
4.230030735797533303e+00 9.999939095203013162e-01 2.787536815155921893e-05
4.240030676267045884e+00 9.999941824550379055e-01 2.671928812368582176e-05
4.250030619408865284e+00 9.999944440573488302e-01 2.560859980520133205e-05
4.260030565111908807e+00 9.999946947727527125e-01 2.454163310993778780e-05
4.270030513269466255e+00 9.999949350303525275e-01 2.351677467078516450e-05
4.280030463779039174e+00 9.999951652433937133e-01 2.253246610422504111e-05
4.290030416542183644e+00 9.999953858098058479e-01 2.158720232060820917e-05
4.300030371464361068e+00 9.999955971127271193e-01 2.067952987924226628e-05
4.310030328454793391e+00 9.999957995210129180e-01 1.980804538736441340e-05
4.320030287426320115e+00 9.999959933897285547e-01 1.897139394208430138e-05
4.330030248295265949e+00 9.999961790606263223e-01 1.816826761439153994e-05
4.340030210981306702e+00 9.999963568626077937e-01 1.739740397433253824e-05
4.350030175407346711e+00 9.999965271121720178e-01 1.665758465647173108e-05
4.360030141499393608e+00 9.999966901138486186e-01 1.594763396476266292e-05
4.370030109186443745e+00 9.999968461606181247e-01 1.526641751596521032e-05
4.380030078400365845e+00 9.999969955343183114e-01 1.461284092075608901e-05
4.390030049075793528e+00 9.999971385060374418e-01 1.398584850169089816e-05
4.400030021150018733e+00 9.999972753364956279e-01 1.338442204718716734e-05
4.410029994562891353e+00 9.999974062764129812e-01 1.280757960070927289e-05
4.420029969256718871e+00 9.999975315668663267e-01 1.225437428434756582e-05
4.430029945176173101e+00 9.999976514396345939e-01 1.172389315599567658e-05
4.440029922268198703e+00 9.999977661175321053e-01 1.121525609934168303e-05
4.450029900481924372e+00 9.999978758147316515e-01 1.072761474590059510e-05
4.460029879768579342e+00 9.999979807370769080e-01 1.026015142832749515e-05
4.470029860081411677e+00 9.999980810823838606e-01 9.812078164262594219e-06
4.480029841375606559e+00 9.999981770407332382e-01 9.382635669971429337e-06
4.490029823608214343e+00 9.999982687947521764e-01 8.971092403055438345e-06
4.500029806738074178e+00 9.999983565198874436e-01 8.576743633520191487e-06
4.510029790725746501e+00 9.999984403846685632e-01 8.198910542500581955e-06
4.520029775533441985e+00 9.999985205509629438e-01 7.836939347954351165e-06
4.530029761124957588e+00 9.999985971742217927e-01 7.490200456647365096e-06
4.540029747465615273e+00 9.999986704037179264e-01 7.158087641766067266e-06
4.550029734522198943e+00 9.999987403827752530e-01 6.840017245504568559e-06
4.560029722262896712e+00 9.999988072489908175e-01 6.535427405985781524e-06
4.570029710657244948e+00 9.999988711344488523e-01 6.243777307887944845e-06
4.580029699676074095e+00 9.999989321659277230e-01 5.964546456159768399e-06
4.590029689291457160e+00 9.999989904650994355e-01 5.697233972219243730e-06
4.600029679476659084e+00 9.999990461487223703e-01 5.441357912042926688e-06
4.610029670206087893e+00 9.999990993288274677e-01 5.196454605564187156e-06
4.620029661455250292e+00 9.999991501128977500e-01 4.962078016810531945e-06
4.630029653200704587e+00 9.999991986040412950e-01 4.737799124221624032e-06
4.640029645420018944e+00 9.999992449011585460e-01 4.523205320601068111e-06
4.650029638091731421e+00 9.999992890991036276e-01 4.317899832166365753e-06
4.660029631195308220e+00 9.999993312888396657e-01 4.121501156172685254e-06
4.670029624711106386e+00 9.999993715575887787e-01 3.933642516597224699e-06
4.680029618620336507e+00 9.999994099889768506e-01 3.753971337381972972e-06
4.690029612905028955e+00 9.999994466631729750e-01 3.582148732743581569e-06
4.700029607547999255e+00 9.999994816570235701e-01 3.417849014069851676e-06
4.710029602532814330e+00 9.999995150441821634e-01 3.260759212933012334e-06
4.720029597843763192e+00 9.999995468952345146e-01 3.110578619760505955e-06
4.730029593465824966e+00 9.999995772778184078e-01 2.967018337714416021e-06
4.740029589384641362e+00 9.999996062567402255e-01 2.829800851340952583e-06
4.750029585586488245e+00 9.999996338940860818e-01 2.698659609561560408e-06
4.760029582058249886e+00 9.999996602493298470e-01 2.573338622587224348e-06
4.770029578787391422e+00 9.999996853794367313e-01 2.453592072347428074e-06
4.780029575761936655e+00 9.999997093389628722e-01 2.339183936034936029e-06
4.790029572970443184e+00 9.999997321801518124e-01 2.229887622377178498e-06
4.800029570401979306e+00 9.999997539530267598e-01 2.125485620254445471e-06
4.810029568046102710e+00 9.999997747054798491e-01 2.025769159294403434e-06
4.820029565892840928e+00 9.999997944833578511e-01 1.930537882081595075e-06
4.830029563932668246e+00 9.999998133305446624e-01 1.839599527629586897e-06
4.840029562156489717e+00 9.999998312890407970e-01 1.752769625772283356e-06
4.850029560555620733e+00 9.999998483990397702e-01 1.669871202139628540e-06
4.860029559121770149e+00 9.999998646990015949e-01 1.590734493391472103e-06
4.870029557847023405e+00 9.999998802257237251e-01 1.515196672391779750e-06
4.880029556723824768e+00 9.999998950144086685e-01 1.443101583013622113e-06
4.890029555744964007e+00 9.999999090987299333e-01 1.374299484273477238e-06
4.900029554903559514e+00 9.999999225108944234e-01 1.308646803501336466e-06
4.910029554193044987e+00 9.999999352817032783e-01 1.246005898260902686e-06
4.920029553607154327e+00 9.999999474406099376e-01 1.186244826741825681e-06
4.930029553139910981e+00 9.999999590157759854e-01 1.129237126353421449e-06
4.940029552785613731e+00 9.999999700341247744e-01 1.074861600256674394e-06
4.950029552538823374e+00 9.999999805213931614e-01 1.023002111578532526e-06
4.960029552394353836e+00 9.999999905021812463e-01 9.735473850595620029e-07
4.970029552347257962e+00 9.999999999999998890e-01 9.263908158929424150e-07
