0.000000000000000000e+00 0.000000000000000000e+00 4.739891049518327182e-01
2.369945524759163623e-05 4.739890955884834903e-03 4.739890674939032378e-01
9.479781537099887573e-05 9.479780600402828300e-03 4.739888051799510116e-01
2.132950522625603920e-04 1.421966555950270744e-02 4.739880928584982445e-01
3.791910928112302947e-04 1.895954020603216744e-02 4.739867050620575895e-01
5.924857963558966076e-04 2.369939665661709854e-02 4.739844160152061336e-01
8.531789321079166852e-04 2.843922476862782017e-02 4.739809996439096063e-01
1.161270156543801847e-03 3.317901213724479270e-02 4.739762295861002506e-01
1.516758990769109545e-03 3.791874409263643053e-02 4.739698792035111907e-01
1.919644797854725294e-03 4.265840369726150993e-02 4.739617215947704021e-01
2.369926760146845706e-03 4.739797174330884905e-02 4.739515296097572827e-01
2.867603856552095563e-03 5.213742675028688184e-02 4.739390758652236024e-01
3.412674839799345172e-03 5.687674496277575487e-02 4.739241327616817712e-01
4.005138213679912407e-03 6.161590034835467966e-02 4.739064725015617041e-01
4.644992210267965931e-03 6.635486459571715567e-02 4.738858671086384478e-01
5.332234767123077666e-03 7.109360711298690072e-02 4.738620884487311224e-01
6.066863504476986690e-03 7.583209502624703446e-02 4.738349082516746247e-01
6.848875702406776768e-03 8.057029317829543513e-02 4.738040981345642555e-01
7.678268277996789029e-03 8.530816412763886358e-02 4.737694296262731086e-01
8.555037762491725720e-03 9.004566814773862227e-02 4.737306741932421628e-01
9.479180278443518487e-03 9.478276322652051666e-02 4.736876032665418013e-01
1.045069151685467518e-02 9.951940506616167859e-02 4.736399882702035380e-01
1.146956671432092234e-02 1.042555470831672132e-01 4.735876006508197289e-01
1.253580063017612628e-02 1.089911404087489932e-01 4.735302119084091599e-01
1.364938752364256574e-02 1.137261338895195761e-01 4.734675936285448472e-01
1.481032113098976373e-02 1.184604740885135954e-01 4.733995175157409974e-01
1.601859464270522643e-02 1.231941052865493658e-01 4.733257554280939083e-01
1.727420068068055009e-02 1.279269694839430815e-01 4.732460794131729265e-01
1.857713127541649883e-02 1.326590064025882365e-01 4.731602617451546311e-01
1.992737784325072578e-02 1.373901534884124642e-01 4.730680749631949733e-01
2.132493116361203200e-02 1.421203459142243442e-01 4.729692919110312643e-01
2.276978135630507508e-02 1.468495165829623583e-01 4.728636857778070746e-01
2.426191785882963331e-02 1.515775961313581277e-01 4.727510301401109949e-01
2.580132940373862718e-02 1.563045129340260297e-01 4.726310990052197125e-01
2.738800399603921396e-02 1.610301931079913262e-01 4.725036668555360198e-01
2.902192889064140677e-02 1.657545605176685422e-01 4.723685086942097655e-01
3.070309056985879095e-02 1.704775367803019193e-01 4.722254000919307582e-01
3.243147472096597622e-02 1.751990412718796020e-01 4.720741172348803527e-01
3.420706621381763846e-02 1.799189911335331293e-01 4.719144369738286771e-01
3.602984907853401531e-02 1.846373012784334744e-01 4.717461368743626204e-01
3.789980648325786544e-02 1.893538843991950382e-01 4.715689952682294850e-01
3.981692071198811994e-02 1.940686509757985900e-01 4.713827913057799246e-01
4.178117314249533976e-02 1.987815092840439779e-01 4.711873050094930182e-01
4.379254422432442978e-02 2.034923654045434627e-01 4.709823173285652698e-01
4.585101345689000102e-02 2.082011232322663052e-01 4.707676101945444391e-01
4.795655936767002220e-02 2.129076844866445994e-01 4.705429665779880533e-01
5.010915949050335355e-02 2.176119487222509252e-01 4.703081705461256701e-01
5.230879034399693595e-02 2.223138133400574812e-01 4.700630073215025795e-01
5.455542741004856810e-02 2.270131735992864108e-01 4.698072633415821819e-01
5.684904511249114223e-02 2.317099226298609815e-01 4.695407263192825087e-01
5.918961679586445812e-02 2.364039514454665536e-01 4.692631853044222923e-01
6.157711470432071510e-02 2.410951489572304984e-01 4.689744307460499972e-01
6.401150996066994059e-02 2.457834019880297816e-01 4.686742545556288886e-01
6.649277254557169059e-02 2.504685952874344257e-01 4.683624501710500487e-01
6.902087127687936419e-02 2.551506115472952363e-01 4.680388126214437006e-01
7.159577378914364076e-02 2.598293314179834779e-01 4.677031385927591933e-01
7.421744651328168740e-02 2.645046335252899672e-01 4.673552264940817325e-01
7.688585465641854799e-02 2.691763944879910775e-01 4.669948765246537681e-01
7.960096218190770845e-02 2.738444889360881485e-01 4.666218907415680128e-01
8.236273178953731899e-02 2.785087895297271854e-01 4.662360731280972281e-01
8.517112489592913727e-02 2.831691669788047871e-01 4.658372296626255293e-01
8.802610161513689524e-02 2.878254900632662427e-01 4.654251683881449608e-01
9.092762073945123702e-02 2.924776256541014030e-01 4.649996994822797047e-01
9.387563972041802762e-02 2.971254387350431569e-01 4.645606353277996758e-01
9.687011465007724920e-02 3.017687924249732867e-01 4.641077905835840900e-01
9.991100024242946520e-02 3.064075480010401420e-01 4.636409822559943716e-01
1.029982498151370690e-01 3.110415649224919088e-01 4.631600297706156000e-01
1.061318152714674362e-01 3.156707008552288585e-01 4.626647550443238055e-01
1.093116470824851971e-01 3.202948116970778525e-01 4.621549825576359849e-01
1.125376942695009430e-01 3.249137516037915452e-01 4.616305394272991469e-01
1.158099043867834438e-01 3.295273730157742831e-01 4.610912554790727036e-01
1.191282235045428711e-01 3.341355266855370321e-01 4.605369633206590763e-01
1.224925961921921741e-01 3.387380617058816656e-01 4.599674984147355539e-01
1.259029655018939486e-01 3.433348255388162795e-01 4.593826991520398306e-01
1.293592729524001284e-01 3.479256640452011440e-01 4.587824069244609837e-01
1.328614585131917825e-01 3.525104215151256271e-01 4.581664661980871522e-01
1.364094605889263068e-01 3.570889406990149784e-01 4.575347245861597356e-01
1.400032160041994045e-01 3.616610628394661409e-01 4.568870329218839288e-01
1.436426599886289346e-01 3.662266277038104811e-01 4.562232453310443026e-01
1.473277261622681911e-01 3.707854736174018839e-01 4.555432193043739142e-01
1.510583465213554966e-01 3.753374374976266026e-01 4.548468157696242131e-01
1.548344514244076320e-01 3.798823548886325896e-01 4.541338991632831723e-01
1.586559695786640134e-01 3.844200599967736443e-01 4.534043375018879107e-01
1.625228280268889991e-01 3.889503857267646580e-01 4.526580024528781832e-01
1.664349521345392102e-01 3.934731637185426290e-01 4.518947694049359476e-01
1.703922655773029704e-01 3.979882243848286705e-01 4.511145175377568317e-01
1.743946903290188033e-01 4.024953969493842432e-01 4.503171298911975984e-01
1.784421466499800657e-01 4.069945094859558354e-01 4.495024934337447098e-01
1.825345530756323498e-01 4.114853889579003776e-01 4.486704991302482015e-01
1.866718264056704546e-01 4.159678612584845059e-01 4.478210420088648558e-01
1.908538816935418381e-01 4.204417512518486832e-01 4.469540212271543300e-01
1.950806322363628775e-01 4.249068828146279619e-01 4.460693401372723410e-01
1.993519895652546003e-01 4.293630788782201169e-01 4.451669063502044499e-01
2.036678634361043794e-01 4.338101614716906584e-01 4.442466317989841595e-01
2.080281618207596717e-01 4.382479517653051215e-01 4.433084328008389252e-01
2.124327908986602675e-01 4.426762701146770285e-01 4.423522301182077898e-01
2.168816550489151007e-01 4.470949361055200910e-01 4.413779490185748555e-01
2.213746568428294204e-01 4.515037685989928828e-01 4.403855193330623585e-01
2.259116970368884036e-01 4.559025857776225488e-01 4.393748755137278361e-01
2.304926745662027876e-01 4.602912051917952829e-01 4.383459566895101522e-01
2.351174865384222656e-01 4.646694438067988098e-01 4.372987067207689260e-01
2.397860282281219779e-01 4.690371180504034898e-01 4.362330742523635174e-01
2.444981930716673690e-01 4.733940438609661183e-01 4.351490127652165585e-01
2.492538726625627421e-01 4.777400367360421507e-01 4.340464806263094055e-01
2.540529567472883388e-01 4.820749117814893125e-01 4.329254411370556666e-01
2.588953332216308856e-01 4.863984837610468848e-01 4.317858625800008454e-01
2.637808881275122141e-01 4.907105671463735108e-01 4.306277182637966994e-01
2.687095056503204793e-01 4.950109761675255404e-01 4.294509865663986847e-01
2.736810681167483050e-01 4.992995248638585348e-01 4.282556509764371966e-01
2.786954559931419939e-01 5.035760271353332262e-01 4.270417001327128093e-01
2.837525478843657134e-01 5.078402967942063917e-01 4.258091278617676667e-01
2.888522205331843784e-01 5.120921476170881004e-01 4.245579332134854500e-01
2.939943488201690602e-01 5.163313933973450176e-01 4.232881204946738474e-01
2.991788057641278087e-01 5.205578479978283379e-01 4.219996993005844521e-01
3.044054625230654398e-01 5.247713254039076958e-01 4.206926845443257346e-01
3.096741883956751207e-01 5.289716397767876277e-01 4.193670964841269000e-01
3.149848508233644151e-01 5.331586055070857144e-01 4.180229607484108878e-01
3.203373153928182338e-01 5.373320372686509749e-01 4.166603083586359335e-01
3.257314458391011858e-01 5.414917500725989763e-01 4.152791757498677794e-01
3.311671040493012752e-01 5.456375593215408992e-01 4.138796047890442864e-01
3.366441500667167186e-01 5.497692808639841333e-01 4.124616427908972538e-01
3.421624420955874935e-01 5.538867310488795326e-01 4.110253425314964182e-01
3.477218365063730054e-01 5.579897267802930161e-01 4.095707622593836583e-01
3.533221878415772066e-01 5.620780855721754232e-01 4.080979657042653197e-01
3.589633488221213309e-01 5.661516256032075312e-01 4.066070220832339044e-01
3.646451703542658573e-01 5.702101657716942551e-01 4.050980061044909819e-01
3.703675015370812562e-01 5.742535257504843837e-01 4.035709979685453419e-01
3.761301896704680181e-01 5.782815260418887604e-01 4.020260833668620748e-01
3.819330802637257993e-01 5.822939880325722628e-01 4.004633534779403203e-01
3.877760170446712396e-01 5.862907340483939356e-01 3.988829049607990895e-01
3.936588419693036744e-01 5.902715874091687409e-01 3.972848399458523971e-01
3.995813952320182438e-01 5.942363724833248373e-01 3.956692660231571623e-01
4.055435152763646189e-01 5.981849147424301849e-01 3.940362962280190562e-01
4.115450388063505160e-01 6.021170408155623877e-01 3.923860490239436394e-01
4.175858007982878317e-01 6.060325785434937940e-01 3.907186482829219099e-01
4.236656345131796231e-01 6.099313570326670986e-01 3.890342232630421004e-01
4.297843715096457684e-01 6.138132067089329125e-01 3.873329085834203434e-01
4.359418416573845878e-01 6.176779593710236549e-01 3.856148441964464824e-01
4.421378731511678706e-01 6.215254482437364558e-01 3.838801753573425346e-01
4.483722925253660896e-01 6.253555080307976466e-01 3.821290525910329139e-01
4.546449246690006940e-01 6.291679749673833033e-01 3.803616316563295241e-01
4.609555928413194836e-01 6.329626868722678656e-01 3.785780735074345538e-01
4.673041186878919007e-01 6.367394831995741855e-01 3.767785442527681883e-01
4.736903222572192984e-01 6.404982050900989154e-01 3.749632151111292333e-01
4.801140220178565787e-01 6.442386954221859252e-01 3.731322623651991410e-01
4.865750348760400357e-01 6.479607988621216563e-01 3.712858673124027620e-01
4.930731761938165758e-01 6.516643619140259913e-01 3.694242162131400886e-01
4.996082598076694303e-01 6.553492329692121032e-01 3.675475002364067545e-01
5.061800980476344192e-01 6.590152623549897504e-01 3.656559154028222736e-01
5.127885017569017156e-01 6.626623023828860370e-01 3.637496625250875582e-01
5.194332803118965058e-01 6.662902073962578831e-01 3.618289471458956963e-01
5.261142416428326030e-01 6.698988338172708890e-01 3.598939794733211905e-01
5.328311922547328550e-01 6.734880401932196170e-01 3.579449743137160245e-01
5.395839372489091845e-01 6.770576872421649739e-01 3.559821510021425883e-01
5.463722803448954890e-01 6.806076378978627162e-01 3.540057333303753273e-01
5.531960239028259618e-01 6.841377573539612067e-01 3.520159494725055294e-01
5.600549689462522851e-01 6.876479131074422213e-01 3.500130319081854458e-01
5.669489151853907005e-01 6.911379750012834888e-01 3.479972173435498806e-01
5.738776610407918533e-01 6.946078152663184291e-01 3.459687466298557168e-01
5.808410036674254151e-01 6.980573085622711060e-01 3.439278646798812900e-01
5.878387389791704942e-01 7.014863320179444139e-01 3.418748203821301290e-01
5.948706616737038377e-01 7.048947652705395139e-01 3.398098665128844731e-01
6.019365652577768344e-01 7.082824905040847607e-01 3.377332596461571357e-01
6.090362420728717696e-01 7.116493924869544685e-01 3.356452600615907333e-01
6.161694833212294498e-01 7.149953586084561996e-01 3.335461316503560147e-01
6.233360790922370942e-01 7.183202789144675915e-01 3.314361418191025255e-01
6.305358183891686119e-01 7.216240461421026264e-01 3.293155613920160651e-01
6.377684891562659386e-01 7.249065557533899140e-01 3.271846645110396690e-01
6.450338783061523307e-01 7.281677059679440012e-01 3.250437285343160121e-01
6.523317717475674016e-01 7.314073977946120575e-01 3.228930339329107446e-01
6.596619544134134649e-01 7.346255350620800595e-01 3.207328641858777640e-01
6.670242102891025260e-01 7.378220244484211543e-01 3.185635056737289861e-01
6.744183224411930411e-01 7.409967755095713260e-01 3.163852475703718969e-01
6.818440730463070087e-01 7.441497007067167102e-01 3.141983817335806117e-01
6.893012434203145133e-01 7.472807154325791235e-01 3.120032025940662201e-01
6.967896140477756184e-01 7.503897380365847081e-01 3.098000070432140318e-01
7.043089646116290625e-01 7.534766898489044795e-01 3.075890943195564997e-01
7.118590740231148795e-01 7.565414952033528984e-01 3.053707658940510994e-01
7.194397204519205058e-01 7.595840814591339196e-01 3.031453253542339410e-01
7.270506813565384974e-01 7.626043790214229734e-01 3.009130782873209453e-01
7.346917335148245298e-01 7.656023213607754396e-01 2.986743321623284153e-01
7.423626530547432489e-01 7.685778450313510701e-01 2.964293962112866110e-01
7.500632154852900912e-01 7.715308896879471412e-01 2.941785813096199909e-01
7.577931957275784169e-01 7.744613981018306781e-01 2.919221998557688935e-01
7.655523681460779661e-01 7.773693161753642000e-01 2.896605656501273773e-01
7.733405065799938694e-01 7.802545929554169923e-01 2.873939937733735461e-01
7.811573843747738888e-01 7.831171806455577977e-01 2.851228004642675784e-01
7.890027744137311227e-01 7.859570346170222654e-01 2.828473029969944541e-01
7.968764491497705160e-01 7.887741134184526048e-01 2.805678195581282064e-01
8.047781806372064084e-01 7.915683787844048913e-01 2.782846691232943037e-01
8.127077405636590202e-01 7.943397956426219153e-01 2.759981713336073228e-01
8.206649002820177730e-01 7.970883321200696869e-01 2.737086463719616281e-01
8.286494308424581234e-01 7.998139595477362640e-01 2.714164148392516074e-01
8.366611030245011404e-01 8.025166524641930144e-01 2.691217976305991799e-01
8.446996873691015040e-01 8.051963886179182017e-01 2.668251158116654032e-01
8.527649542107533787e-01 8.078531489683844491e-01 2.645266904951229514e-01
8.608566737096005062e-01 8.104869176859125224e-01 2.622268427173664596e-01
8.689746158835388590e-01 8.130976821502930996e-01 2.599258933155365048e-01
8.771185506402991994e-01 8.156854329481810773e-01 2.576241628049334986e-01
8.852882478094978858e-01 8.182501638692660784e-01 2.553219712568965960e-01
8.934834771746427151e-01 8.207918719012246012e-01 2.530196381772228942e-01
9.017040085050826992e-01 8.233105572234588054e-01 2.507174823852008072e-01
9.099496115878886737e-01 8.258062231996300406e-01 2.484158218933313900e-01
9.182200562596539717e-01 8.282788763689922229e-01 2.461149737878104982e-01
9.265151124382018377e-01 8.307285264365348310e-01 2.438152541098439208e-01
9.348345501541884817e-01 8.331551862619434035e-01 2.415169777378667615e-01
9.431781395825901138e-01 8.355588718473867527e-01 2.392204582707372074e-01
9.515456510740617491e-01 8.379396023241415525e-01 2.369260079119742401e-01
9.599368551861566790e-01 8.402973999380649595e-01 2.346339373551076246e-01
9.683515227143949522e-01 8.426322900339260347e-01 2.323445556702073700e-01
9.767894247231692084e-01 8.449443010386090691e-01 2.300581701916586119e-01
9.852503325764773168e-01 8.472334644432012452e-01 2.277750864072472514e-01
9.937340179684703845e-01 8.494998147839774028e-01 2.254956078486195781e-01
1.002240252953804811e+00 8.517433896222972312e-01 2.232200359831785497e-01
1.010768809977788285e+00 8.539642295234283198e-01 2.209486701074774850e-01
1.019319461906308399e+00 8.561623780343112777e-01 2.186818072421711778e-01
1.027891982055534115e+00 8.583378816602820205e-01 2.164197420285821905e-01
1.036486144221378636e+00 8.604907898407683220e-01 2.141627666269393937e-01
1.045101722708714931e+00 8.626211549239772847e-01 2.119111706163437081e-01
1.053738492360333012e+00 8.647290321405911584e-01 2.096652408965148651e-01
1.062396228585628544e+00 8.668144795764899380e-01 2.074252615913708686e-01
1.071074707389015002e+00 8.688775581445191687e-01 2.051915139544910061e-01
1.079773705398047623e+00 8.709183315553218341e-01 2.029642762765106745e-01
1.088492999891252255e+00 8.729368662872540874e-01 2.007438237944952075e-01
1.097232368825648230e+00 8.749332315554048112e-01 1.985304286033380550e-01
1.105991590863957041e+00 8.769074992797395440e-01 1.963243595692265031e-01
1.114770445401488175e+00 8.788597440523895354e-01 1.941258822452169019e-01
1.123568712592693863e+00 8.807900431041072453e-01 1.919352587889591177e-01
1.132386173377384342e+00 8.826984762699098264e-01 1.897527478826082914e-01
1.141222609506594932e+00 8.845851259539333489e-01 1.875786046549600405e-01
1.150077803568098744e+00 8.864500770935189733e-01 1.854130806058433834e-01
1.158951539011555676e+00 8.882934171225548292e-01 1.832564235328037472e-01
1.167843600173292140e+00 8.901152359340963605e-01 1.811088774601065376e-01
1.176753772300702439e+00 8.919156258422881178e-01 1.789706825700898007e-01
1.185681841576266438e+00 8.936946815436114244e-01 1.768420751368925681e-01
1.194627595141176668e+00 8.954525000774808952e-01 1.747232874625835874e-01
1.203590821118567966e+00 8.971891807862142354e-01 1.726145478157128932e-01
1.212571308636343659e+00 8.989048252744002987e-01 1.705160803723073659e-01
1.221568847849593187e+00 9.005995373676889404e-01 1.684281051593286005e-01
1.230583229962593617e+00 9.022734230710279801e-01 1.663508380006101794e-01
1.239614247250391932e+00 9.039265905263721423e-01 1.642844904652890625e-01
1.248661693079962109e+00 9.055591499698885105e-01 1.622292698187440818e-01
1.257725361930930319e+00 9.071712136886841416e-01 1.601853789760522562e-01
1.266805049415866469e+00 9.087628959770809312e-01 1.581530164579721676e-01
1.275900552300136104e+00 9.103343130924628213e-01 1.561323763494611994e-01
1.285011668521308659e+00 9.118855832107211068e-01 1.541236482607318825e-01
1.294138197208117624e+00 9.134168263813225996e-01 1.521270172908504303e-01
1.303279938698970408e+00 9.149281644820270731e-01 1.501426639938789331e-01
1.312436694560003891e+00 9.164197211732781900e-01 1.481707643475602132e-01
1.321608267602681464e+00 9.178916218522946702e-01 1.462114897245434531e-01
1.330794461900930425e+00 9.193439936068857898e-01 1.442650068661455731e-01
1.339995082807815541e+00 9.207769651690175250e-01 1.423314778586427520e-01
1.349209936971747625e+00 9.221906668681539854e-01 1.404110601120839019e-01
1.358438832352224734e+00 9.235852305843998966e-01 1.385039063416162453e-01
1.367681578235103057e+00 9.249607897014684443e-01 1.366101645513115859e-01
1.376937985247397522e+00 9.263174790595002372e-01 1.347299780204800068e-01
1.386207865371609449e+00 9.276554349077572592e-01 1.328634852924560628e-01
1.395491031959581019e+00 9.289747948572175673e-01 1.310108201658407023e-01
1.404787299745875018e+00 9.302756978330941617e-01 1.291721116881807685e-01
1.414096484860679181e+00 9.315582840273030074e-01 1.273474841520660650e-01
1.423418404842236029e+00 9.328226948509038552e-01 1.255370570936226449e-01
1.432752878648796191e+00 9.340690728865380654e-01 1.237409452933791731e-01
1.442099726670096338e+00 9.352975618408867486e-01 1.219592587794818966e-01
1.451458770738362603e+00 9.365083064971726490e-01 1.201921028332321728e-01
1.460829834138837935e+00 9.377014526677290851e-01 1.184395779969191626e-01
1.470212741619837171e+00 9.388771471466581531e-01 1.167017800839187658e-01
1.479607319402328036e+00 9.400355376626017279e-01 1.149788001910287405e-01
1.489013395189040967e+00 9.411767728316464687e-01 1.132707247130083777e-01
1.498430798173109091e+00 9.423010021103852552e-01 1.115776353592899534e-01
1.507859359046239023e+00 9.434083757491561473e-01 1.098996091728280527e-01
1.517298910006415369e+00 9.444990447454807425e-01 1.082367185510513946e-01
1.526749284765140713e+00 9.455731607977225783e-01 1.065890312688809183e-01
1.536210318554213083e+00 9.466308762589853432e-01 1.049566105037767066e-01
1.545681848132044234e+00 9.476723440912717678e-01 1.033395148627750809e-01
1.555163711789520509e+00 9.486977178199227367e-01 1.017377984114765516e-01
1.564655749355409853e+00 9.497071514883561605e-01 1.001515107049439496e-01
1.574157802201316958e+00 9.507007996131234817e-01 9.858069682046947946e-02
1.583669713246191879e+00 9.516788171393036899e-01 9.702539739216835268e-02
1.593191326960393672e+00 9.526413593962517190e-01 9.548564864735585578e-02
1.602722489369313275e+00 9.535885820537199908e-01 9.396148244466409616e-02
1.612263048056559844e+00 9.545206410783688700e-01 9.245292631385364224e-02
1.621812852166713670e+00 9.554376926906841261e-01 9.096000349727495493e-02
1.631371752407651421e+00 9.563398933223167253e-01 8.948273299293349470e-02
1.640939601052445740e+00 9.572273995738612706e-01 8.802112959911208290e-02
1.650516251940846058e+00 9.581003681730881905e-01 8.657520396050341627e-02
1.660101560480342853e+00 9.589589559336446634e-01 8.514496261580518921e-02
1.669695383646822018e+00 9.598033197142383788e-01 8.373040804672980675e-02
1.679297579984813993e+00 9.606336163783185667e-01 8.233153872838021303e-02
1.688908009607341221e+00 9.614500027542673966e-01 8.094834918094320764e-02
1.698526534195370585e+00 9.622526355961145139e-01 7.958083002265098349e-02
1.708153016996875939e+00 9.630416715447872589e-01 7.822896802396175908e-02
1.717787322825515606e+00 9.638172670899088912e-01 7.689274616290973918e-02
1.727429318058930185e+00 9.645795785321557014e-01 7.557214368157483264e-02
1.737078870636667993e+00 9.653287619461843327e-01 7.426713614362220883e-02
1.746735850057741235e+00 9.660649731441396382e-01 7.297769549286173274e-02
1.756400127377821141e+00 9.667883676397529547e-01 7.170379011277734638e-02
1.766071575206077160e+00 9.674991006130402305e-01 7.044538488697645040e-02
1.775750067701665103e+00 9.681973268756093320e-01 6.920244126050920097e-02
1.785435480569873112e+00 9.688832008365844128e-01 6.797491730200813653e-02
1.795127691057927910e+00 9.695568764691556707e-01 6.676276776659817447e-02
1.804826577950471744e+00 9.702185072777618213e-01 6.556594415952761434e-02
1.814532021564713382e+00 9.708682462659123935e-01 6.438439480047072894e-02
1.824243903745260020e+00 9.715062459046561738e-01 6.321806488845288508e-02
1.833962107858638113e+00 9.721326581017014634e-01 6.206689656734943467e-02
1.843686518787508444e+00 9.727476341711944752e-01 6.093082899190979673e-02
1.853417022924582103e+00 9.733513248041603116e-01 5.980979839425876188e-02
1.863153508166244032e+00 9.739438800396108542e-01 5.870373815082717550e-02
1.872895863905891245e+00 9.745254492363241150e-01 5.761257884966478060e-02
1.882643981026992375e+00 9.750961810452983825e-01 5.653624835808836180e-02
1.892397751895875224e+00 9.756562233828846020e-01 5.547467189061887349e-02
1.902157070354247859e+00 9.762057234045987686e-01 5.442777207716172072e-02
1.911921831711463460e+00 9.767448274796178831e-01 5.339546903138496503e-02
1.921691932736530939e+00 9.772736811659596956e-01 5.237768041925079665e-02
1.931467271649883299e+00 9.777924291863491213e-01 5.137432152765616933e-02
1.941247748114905969e+00 9.783012154047711073e-01 5.038530533313925752e-02
1.951033263229235537e+00 9.788001828037103946e-01 4.941054257060892990e-02
1.960823719515833785e+00 9.792894734620789521e-01 4.844994180205523804e-02
1.970619020913844333e+00 9.797692285338303053e-01 4.750340948519953671e-02
1.980419072769238786e+00 9.802395882272594285e-01 4.657085004204369882e-02
1.990223781825259941e+00 9.807006917849878658e-01 4.565216592727851935e-02
2.000033056212667582e+00 9.811526774646317506e-01 4.474725769651232560e-02
2.009846805439794437e+00 9.815956825201516134e-01 4.385602407428147720e-02
2.019664940382419616e+00 9.820298431838800912e-01 4.297836202180536219e-02
2.029487373273465067e+00 9.824552946492269845e-01 4.211416680444927951e-02
2.039314017692522629e+00 9.828721710540561096e-01 4.126333205885947264e-02
2.049144788555218089e+00 9.832806054647327265e-01 4.042574985973541868e-02
2.058979602102419815e+00 9.836807298608358785e-01 3.960131078620537926e-02
2.068818375889296401e+00 9.840726751205330913e-01 3.878990398777213550e-02
2.078661028774233088e+00 9.844565710066119912e-01 3.799141724979667595e-02
2.088507480907610070e+00 9.848325461531638458e-01 3.720573705848861240e-02
2.098357653720452021e+00 9.852007280529152533e-01 3.643274866537288270e-02
2.108211469912953273e+00 9.855612430452012074e-01 3.567233615120342372e-02
2.118068853442887534e+00 9.859142163045744311e-01 3.492438248929528172e-02
2.127929729513904356e+00 9.862597718300453176e-01 3.418876960824760586e-02
2.137794024563723472e+00 9.865980324349454822e-01 3.346537845403102507e-02
2.147661666252229651e+00 9.869291197374093771e-01 3.275408905141374838e-02
2.157532583449475627e+00 9.872531541514666387e-01 3.205478056470170006e-02
2.167406706223598878e+00 9.875702548787379520e-01 3.136733135776906961e-02
2.177283965828659351e+00 9.878805399007279942e-01 3.069161905335649615e-02
2.187164294692400368e+00 9.881841259717074610e-01 3.002752059161515122e-02
2.197047626403945575e+00 9.884811286121766294e-01 2.937491228787589281e-02
2.206933895701428838e+00 9.887716621029026820e-01 2.873366988962369056e-02
2.216823038459570849e+00 9.890558394795228025e-01 2.810366863265841356e-02
2.226714991677202438e+00 9.893337725277047134e-01 2.748478329642408888e-02
2.236609693464742588e+00 9.896055717788558859e-01 2.687688825848964791e-02
2.246507083031638263e+00 9.898713465063742056e-01 2.627985754816515931e-02
2.256407100673766042e+00 9.901312047224292145e-01 2.569356489923844619e-02
2.266309687760806657e+00 9.903852531752672661e-01 2.511788380181798064e-02
2.276214786723594230e+00 9.906335973470300482e-01 2.455268755326882324e-02
2.286122341041447292e+00 9.908763414520778134e-01 2.399784930822932566e-02
2.296032295229483378e+00 9.911135884358084347e-01 2.345324212769721306e-02
2.305944594825926064e+00 9.913454399739628498e-01 2.291873902717455821e-02
2.315859186379407131e+00 9.915719964724063473e-01 2.239421302386209248e-02
2.325776017436268717e+00 9.917933570673777011e-01 2.187953718289411403e-02
2.335695036527869473e+00 9.920096196261959376e-01 2.137458466260616988e-02
2.345616193157901375e+00 9.922208807484143023e-01 2.087922875882854482e-02
2.355539437789719859e+00 9.924272357674126521e-01 2.039334294819942009e-02
2.365464721833691275e+00 9.926287787524180617e-01 1.991680093049237946e-02
2.375391997634563435e+00 9.928256025109437610e-01 1.944947666995381144e-02
2.385321218458862802e+00 9.930177985916361916e-01 1.899124443564651626e-02
2.395252338482320997e+00 9.932054572875209653e-01 1.854197884079662739e-02
2.405185312777336826e+00 9.933886676396369575e-01 1.810155488114172442e-02
2.415120097300476054e+00 9.935675174410489863e-01 1.766984797227881196e-02
2.425056648880013377e+00 9.937420932412288632e-01 1.724673398601152957e-02
2.434994925203520122e+00 9.939124803507953798e-01 1.683208928569672122e-02
2.444934884805499919e+00 9.940787628466021264e-01 1.642579076059117599e-02
2.454876487055079437e+00 9.942410235771640403e-01 1.602771585920010136e-02
2.464819692143751961e+00 9.943993441684126910e-01 1.563774262162948361e-02
2.474764461073182709e+00 9.945538050297696442e-01 1.525574971094522531e-02
2.484710755643074975e+00 9.947044853605290227e-01 1.488161644354255887e-02
2.494658538439102013e+00 9.948514631565382738e-01 1.451522281852985798e-02
2.504607772820907297e+00 9.949948152171682603e-01 1.415644954613158937e-02
2.514558422910175395e+00 9.951346171525624618e-01 1.380517807511572395e-02
2.524510453578777902e+00 9.952709433911552939e-01 1.346129061925151020e-02
2.534463830436994414e+00 9.954038671874504418e-01 1.312467018280405115e-02
2.544418519821812996e+00 9.955334606300495492e-01 1.279520058507267743e-02
2.554374488785312813e+00 9.956597946499209373e-01 1.247276648398060704e-02
2.564331705083129798e+00 9.957829390289001381e-01 1.215725339872389225e-02
2.574290137163008474e+00 9.959029624084118071e-01 1.184854773148812969e-02
2.584249754153443490e+00 9.960199322984044645e-01 1.154653678824186722e-02
2.594210525852408633e+00 9.961339150864884084e-01 1.125110879861609438e-02
2.604172422716181767e+00 9.962449760472680271e-01 1.096215293487960533e-02
2.614135415848260813e+00 9.963531793518591861e-01 1.067955933002045013e-02
2.624099476988378310e+00 9.964585880775834736e-01 1.040321909494406824e-02
2.634064578501611020e+00 9.965612642178293124e-01 1.013302433479906783e-02
2.644030693367592999e+00 9.966612686920727215e-01 9.868868164441954235e-03
2.653997795169824592e+00 9.967586613560479591e-01 9.610644723052471847e-03
2.663965858085088012e+00 9.968535010120606055e-01 9.358249187911501371e-03
2.673934856872965504e+00 9.969458454194336516e-01 9.111577787353782043e-03
2.683904766865460978e+00 9.970357513050798204e-01 8.870527812907997439e-03
2.693875563956730002e+00 9.971232743741906823e-01 8.634997630637009786e-03
2.703847224592916376e+00 9.972084693210352402e-01 8.404886691691306963e-03
2.713819725762097956e+00 9.972913898398605426e-01 8.180095542088922436e-03
2.723793044984339939e+00 9.973720886358861115e-01 7.960525831735310379e-03
2.733767160301860955e+00 9.974506174363847455e-01 7.746080322696864695e-03
2.743742050269309285e+00 9.975270270018423702e-01 7.536662896741933709e-03
2.753717693944150557e+00 9.976013671371899427e-01 7.332178562163351419e-03
2.763694070877169118e+00 9.976736867030996381e-01 7.132533459896647603e-03
2.773671161103082650e+00 9.977440336273390997e-01 6.937634868948247373e-03
2.783648945131268704e+00 9.978124549161765389e-01 6.747391211148064463e-03
2.793627403936608022e+00 9.978789966658297983e-01 6.561712055241010477e-03
2.803606518950440663e+00 9.979437040739534970e-01 6.380508120332021270e-03
2.813586272051639359e+00 9.980066214511570388e-01 6.203691278699279693e-03
2.823566645557794796e+00 9.980677922325478235e-01 6.031174557990367710e-03
2.833547622216519901e+00 9.981272589892934421e-01 5.862872142816129457e-03
2.843529185196867815e+00 9.981850634401969735e-01 5.698699375757058060e-03
2.853511318080866221e+00 9.982412464632790527e-01 5.538572757797036346e-03
2.863494004855167141e+00 9.982958481073619383e-01 5.382409948199272896e-03
2.873477229902813068e+00 9.983489076036494714e-01 5.230129763839259233e-03
2.883460977995118579e+00 9.984004633772972648e-01 5.081652178009571363e-03
2.893445234283668288e+00 9.984505530589693478e-01 4.936898318711290326e-03
2.903429984292428045e+00 9.984992134963740495e-01 4.795790466446792945e-03
2.913415213909975154e+00 9.985464807657764563e-01 4.658252051528604179e-03
2.923400909381839607e+00 9.985923901834806715e-01 4.524207650918940851e-03
2.933387057302962120e+00 9.986369763172787684e-01 4.393582984614502820e-03
2.943373644610266737e+00 9.986802729978613291e-01 4.266304911590991338e-03
2.953360658575346243e+00 9.987223133301851297e-01 4.142301425321738909e-03
2.963348086797261249e+00 9.987631297047938617e-01 4.021501648884732646e-03
2.973335917195452982e+00 9.988027538090882285e-01 3.903835829672206402e-03
2.983324138002767523e+00 9.988412166385408630e-01 3.789235333716859007e-03
2.993312737758592856e+00 9.988785485078528481e-01 3.677632639648628458e-03
3.003301705302106051e+00 9.989147790620480638e-01 3.568961332295820469e-03
3.013291029765632345e+00 9.989499372875019212e-01 3.463156095944244957e-03
3.023280700568113044e+00 9.989840515229003737e-01 3.360152707267869635e-03
3.033270707408682654e+00 9.990171494701275412e-01 3.259888027944346772e-03
3.043261040260356598e+00 9.990492582050773951e-01 3.162299996968598748e-03
3.053251689363823296e+00 9.990804041883872832e-01 3.067327622677493235e-03
3.063242645221345928e+00 9.991106132760905201e-01 2.974910974498456203e-03
3.073233898590769453e+00 9.991399107301847105e-01 2.884991174434700135e-03
3.083225440479631541e+00 9.991683212291138094e-01 2.797510388299553983e-03
3.093217262139380530e+00 9.991958688781618081e-01 2.712411816712200548e-03
3.103209355059694641e+00 9.992225772197542710e-01 2.629639685866931847e-03
3.113201710962904212e+00 9.992484692436673921e-01 2.549139238087833048e-03
3.123194321798516970e+00 9.992735673971412380e-01 2.470856722180611760e-03
3.133187179737841443e+00 9.992978935948952923e-01 2.394739383593082541e-03
3.143180277168712511e+00 9.993214692290451895e-01 2.320735454395607064e-03
3.153173606690314212e+00 9.993443151789178636e-01 2.248794143092584796e-03
3.163167161108100256e+00 9.993664518207644454e-01 2.178865624275874800e-03
3.173160933428811337e+00 9.993878990373687987e-01 2.110901028130813314e-03
3.183154916855588379e+00 9.994086762275503633e-01 2.044852429805276654e-03
3.193149104783180370e+00 9.994288023155600831e-01 1.980672838652018219e-03
3.203143490793244119e+00 9.994482957603680884e-01 1.918316187354289840e-03
3.213138068649738610e+00 9.994671745648424643e-01 1.857737320944536068e-03
3.223132832294408168e+00 9.994854562848171087e-01 1.798891985725724297e-03
3.233127775842357998e+00 9.995031580380489000e-01 1.741736818104653488e-03
3.243122893577717658e+00 9.995202965130624007e-01 1.686229333346357922e-03
3.253118179949391564e+00 9.995368879778819826e-01 1.632327914258499242e-03
3.263113629566898322e+00 9.995529482886506001e-01 1.579991799814414559e-03
3.273109237196293542e+00 9.995684928981338757e-01 1.529181073723261336e-03
3.283104997756179699e+00 9.995835368641106111e-01 1.479856652955480797e-03
3.293100906313795484e+00 9.995980948576476122e-01 1.431980276231571052e-03
3.303096958081190859e+00 9.996121811712596061e-01 1.385514492481943480e-03
3.313093148411482503e+00 9.996258097269534737e-01 1.340422649285408826e-03
3.323089472795187405e+00 9.996389940841569066e-01 1.296668881293619848e-03
3.333085926856635961e+00 9.996517474475311582e-01 1.254218098648577457e-03
3.343082506350464111e+00 9.996640826746682196e-01 1.213035975400086983e-03
3.353079207158179642e+00 9.996760122836717555e-01 1.173088937929833058e-03
3.363076025284805759e+00 9.996875484606227991e-01 1.134344153388528028e-03
3.373072956855596161e+00 9.996987030669295393e-01 1.096769518152371312e-03
3.383069998112825605e+00 9.997094876465622004e-01 1.060333646304847423e-03
3.393067145412651531e+00 9.997199134331723469e-01 1.025005858149678544e-03
3.403064395222045402e+00 9.997299913570980578e-01 9.907561687605404531e-04
3.413061744115793772e+00 9.997397320522544151e-01 9.575552765729427327e-04
3.423059188773569073e+00 9.997491458629103045e-01 9.253745520234747494e-04
3.433056725977066126e+00 9.997582428503517527e-01 8.941860262414126279e-04
3.443054352607204383e+00 9.997670327994327977e-01 8.639623797974891597e-04
3.453052065641396773e+00 9.997755252250136726e-01 8.346769315144287596e-04
3.463049862150881619e+00 9.997837293782876333e-01 8.063036273436602775e-04
3.473047739298116721e+00 9.997916542529972084e-01 7.788170293124277097e-04
3.483045694334235165e+00 9.997993085915396483e-01 7.521923045453331224e-04
3.493043724596562427e+00 9.998067008909635733e-01 7.264052143641623344e-04
3.503041827506192529e+00 9.998138394088565972e-01 7.014321034696616467e-04
3.513040000565622378e+00 9.998207321691254812e-01 6.772498892087576178e-04
3.523038241356442501e+00 9.998273869676693737e-01 6.538360509305359176e-04
3.533036547537085958e+00 9.998338113779469127e-01 6.311686194341251804e-04
3.543034916840631432e+00 9.998400127564384121e-01 6.092261665114617752e-04
3.553033347072659165e+00 9.998459982480036867e-01 5.879877945877495403e-04
3.563031836109162409e+00 9.998517747911374043e-01 5.674331264622637294e-04
3.573030381894508611e+00 9.998573491231215193e-01 5.475422951519932696e-04
3.583028982439453447e+00 9.998627277850774542e-01 5.282959338404588688e-04
3.593027635819203702e+00 9.998679171269178045e-01 5.096751659338944612e-04
3.603026340171529007e+00 9.998729233121993465e-01 4.916615952268318067e-04
3.613025093694923306e+00 9.998777523228781217e-01 4.742372961789820761e-04
3.623023894646810739e+00 9.998824099639680441e-01 4.573848043051703411e-04
3.633022741341800810e+00 9.998869018681038057e-01 4.410871066799392426e-04
3.643021632149985312e+00 9.998912335000095242e-01 4.253276325583052984e-04
3.653020565495282312e+00 9.998954101608741318e-01 4.100902441140210426e-04
3.663019539853822337e+00 9.998994369926347270e-01 3.953592272965688486e-04
3.673018553752376292e+00 9.999033189821692202e-01 3.811192828079899386e-04
3.683017605766825575e+00 9.999070609653990527e-01 3.673555172005305404e-04
3.693016694520672605e+00 9.999106676313038733e-01 3.540534340959726619e-04
3.703015818683591753e+00 9.999141435258487309e-01 3.411989255274021360e-04
3.713014976970018033e+00 9.999174930558254459e-01 3.287782634040581700e-04
3.723014168137773527e+00 9.999207204926092718e-01 3.167780910998020541e-04
3.733013390986732905e+00 9.999238299758318460e-01 3.051854151656394152e-04
3.743012644357523122e+00 9.999268255169722064e-01 2.939875971666311969e-04
3.753011927130260439e+00 9.999297110028666502e-01 2.831723456434325414e-04
3.763011238223319843e+00 9.999324901991385461e-01 2.727277081986051259e-04
3.773010576592140453e+00 9.999351667535502086e-01 2.626420637077591714e-04
3.783009941228064221e+00 9.999377441992770565e-01 2.529041146554947641e-04
3.793009331157204400e+00 9.999402259581059438e-01 2.435028795960284334e-04
3.803008745439348637e+00 9.999426153435586606e-01 2.344276857383108855e-04
3.813008183166891385e+00 9.999449155639419384e-01 2.256681616553645451e-04
3.823007643463796068e+00 9.999471297253250679e-01 2.172142301174951793e-04
3.833007125484587885e+00 9.999492608344467959e-01 2.090561010489608101e-04
3.843006628413375037e+00 9.999513118015518343e-01 2.011842646076127345e-04
3.853006151462896600e+00 9.999532854431594231e-01 1.935894843869582300e-04
3.863005693873599711e+00 9.999551844847639481e-01 1.862627907400318567e-04
3.873005254912742945e+00 9.999570115634697220e-01 1.791954742244023901e-04
3.883004833873523687e+00 9.999587692305608178e-01 1.723790791675856653e-04
3.893004430074234357e+00 9.999604599540071748e-01 1.658053973520791802e-04
3.903004042857440403e+00 9.999620861209078670e-01 1.594664618191823230e-04
3.913003671589183607e+00 9.999636500398734196e-01 1.533545407907176226e-04
3.923003315658209811e+00 9.999651539433473957e-01 1.474621317077209881e-04
3.933002974475217073e+00 9.999665999898695867e-01 1.417819553851256428e-04
3.943002647472129141e+00 9.999679902662808040e-01 1.363069502814222018e-04
3.953002334101388016e+00 9.999693267898713822e-01 1.310302668822382031e-04
3.963002033835270499e+00 9.999706115104735060e-01 1.259452621967434847e-04
3.973001746165222503e+00 9.999718463124995793e-01 1.210454943657530096e-04
3.983001470601214677e+00 9.999730330169270820e-01 1.163247173803660006e-04
3.993001206671119352e+00 9.999741733832309132e-01 1.117768759099502110e-04
4.003000953920103022e+00 9.999752691112652192e-01 1.073961002382516045e-04
4.013000711910041041e+00 9.999763218430940404e-01 1.031767013063834794e-04
4.023000480218947850e+00 9.999773331647739960e-01 9.911316586142485281e-05
4.033000258440424979e+00 9.999783046080883420e-01 9.520015170933547968e-05
4.043000046183128582e+00 9.999792376522343984e-01 9.143248307087450879e-05
4.052999843070248964e+00 9.999801337254646816e-01 8.780514603919101148e-05
4.062999648739012315e+00 9.999809942066835156e-01 8.431328413773762085e-05
4.072999462840193985e+00 9.999818204269994570e-01 8.095219397714365362e-05
4.082999285037645976e+00 9.999826136712348656e-01 7.771732100967007324e-05
4.092999115007844857e+00 9.999833751793933967e-01 7.460425537985710580e-05
4.102998952439448566e+00 9.999841061480869708e-01 7.160872786996469550e-05
4.112998797032870080e+00 9.999848077319216655e-01 6.872660593879721766e-05
4.122998648499863528e+00 9.999854810448455256e-01 6.595388985249630513e-05
4.132998506563124508e+00 9.999861271614575164e-01 6.328670890587969418e-05
4.142998370955904619e+00 9.999867471182792844e-01 6.072131773289921226e-05
4.152998241421633985e+00 9.999873419149903908e-01 5.825409270478770925e-05
4.162998117713561541e+00 9.999879125156282411e-01 5.588152841446239629e-05
4.172997999594402430e+00 9.999884598497527088e-01 5.360023424575135819e-05
4.182997886835999601e+00 9.999889848135777859e-01 5.140693102600988359e-05
4.192997779218996079e+00 9.999894882710691491e-01 4.929844776069487630e-05
4.202997676532518767e+00 9.999899710550100851e-01 4.727171844846766476e-05
4.212997578573869362e+00 9.999904339680358856e-01 4.532377897539909749e-05
4.222997485148230368e+00 9.999908777836375995e-01 4.345176408685512209e-05
4.232997396068377327e+00 9.999913032471355878e-01 4.165290443564622925e-05
4.242997311154401707e+00 9.999917110766242123e-01 3.992452370503038418e-05
4.252997230233443560e+00 9.999921019638882136e-01 3.826403580516605412e-05
4.262997153139433948e+00 9.999924765752912226e-01 3.666894214161971302e-05
4.272997079712843593e+00 9.999928355526370716e-01 3.513682895454082398e-05
4.282997009800441290e+00 9.999931795140054591e-01 3.366536472712649511e-05
4.292996943255061204e+00 9.999935090545616356e-01 3.225229766200816934e-05
4.302996879935379937e+00 9.999938247473412201e-01 3.089545322420308272e-05
4.312996819705694485e+00 9.999941271440105917e-01 2.959273174928474568e-05
4.322996762435716178e+00 9.999944167756044111e-01 2.834210611543826536e-05
4.332996708000366404e+00 9.999946941532391609e-01 2.714161947807890369e-05
4.342996656279580314e+00 9.999949597688050362e-01 2.598938306572500897e-05
4.352996607158119424e+00 9.999952140956360758e-01 2.488357403582987207e-05
4.362996560525387757e+00 9.999954575891587538e-01 2.382243338929082777e-05
4.372996516275256873e+00 9.999956906875203666e-01 2.280426394236817578e-05
4.382996474305897117e+00 9.999959138121969904e-01 2.182742835476104783e-05
4.392996434519611526e+00 9.999961273685827878e-01 2.089034721260234659e-05
4.402996396822678626e+00 9.999963317465594415e-01 1.999149716515014562e-05
4.412996361125202327e+00 9.999965273210479344e-01 1.912940911396852171e-05
4.422996327340960931e+00 9.999967144525421237e-01 1.830266645340665064e-05
4.432996295387269470e+00 9.999968934876252158e-01 1.750990336120114880e-05
4.442996265184840254e+00 9.999970647594691453e-01 1.674980313804289234e-05
4.452996236657653206e+00 9.999972285883177436e-01 1.602109659496615452e-05
4.462996209732827069e+00 9.999973852819539211e-01 1.532256048743457446e-05
4.472996184340497727e+00 9.999975351361514164e-01 1.465301599501534552e-05
4.482996160413702746e+00 9.999976784351120029e-01 1.401132724555000099e-05
4.492996137888263242e+00 9.999978154518871509e-01 1.339639988274729690e-05
4.502996116702677298e+00 9.999979464487868119e-01 1.280717967614088311e-05
4.512996096798015166e+00 9.999980716777735479e-01 1.224265117237174838e-05
4.522996078117816232e+00 9.999981913808436707e-01 1.170183638677272866e-05
4.532996060607990430e+00 9.999983057903958361e-01 1.118379353424977225e-05
4.542996044216725871e+00 9.999984151295865376e-01 1.068761579847202170e-05
4.552996028894397362e+00 9.999985196126741638e-01 1.021243013840018040e-05
4.562996014593480254e+00 9.999986194453507338e-01 9.757396131200009469e-06
4.572996001268463395e+00 9.999987148250621960e-01 9.321704850605175033e-06
4.582995988875771864e+00 9.999988059413184027e-01 8.904577779810960583e-06
4.592995977373687033e+00 9.999988929759916489e-01 8.505265757997659010e-06
4.602995966722271071e+00 9.999989761036049973e-01 8.123047959599640031e-06
4.612995956883295889e+00 9.999990554916109442e-01 7.757230905453210709e-06
4.622995947820174756e+00 9.999991313006599825e-01 7.407147504973433281e-06
4.632995939497894788e+00 9.999992036848595056e-01 7.072156128527003481e-06
4.642995931882950345e+00 9.999992727920243851e-01 6.751639709185093450e-06
4.652995924943286177e+00 9.999993387639178888e-01 6.445004873056787963e-06
4.662995918648232596e+00 9.999994017364846055e-01 6.151681097420312407e-06
4.672995912968453958e+00 9.999994618400745994e-01 5.871119895885680794e-06
4.682995907875889152e+00 9.999995191996600141e-01 5.602794029838684805e-06
4.692995903343700981e+00 9.999995739350437951e-01 5.346196745432280829e-06
4.702995899346226416e+00 9.999996261610604176e-01 5.100841035407406148e-06
4.712995895858925977e+00 9.999996759877702868e-01 4.866258925041061906e-06
4.722995892858337541e+00 9.999997235206461443e-01 4.642000781535125727e-06
4.732995890322031052e+00 9.999997688607534796e-01 4.427634646174817722e-06
4.742995888228566770e+00 9.999998121049238353e-01 4.222745588601010554e-06
4.752995886557452643e+00 9.999998533459217853e-01 4.026935082555642953e-06
4.762995885289105225e+00 9.999998926726064719e-01 3.839820402474382666e-06
4.772995884404808820e+00 9.999999301700860377e-01 3.661034040315373658e-06
4.782995883886682620e+00 9.999999659198673951e-01 3.490223142027378584e-06
4.792995883717641625e+00 1.000000000000000000e+00 3.327048963074899233e-06
