7.246376811594204548e-02 3.903578495022263506e-01
7.637402664042972078e-02 3.916938420180838265e-01
8.029764441558076560e-02 3.930296718553849544e-01
8.423461896505525515e-02 3.943651674778231864e-01
8.818494604806874360e-02 3.957001475031513005e-01
9.214861956012491973e-02 3.970344205491909695e-01
9.612563143241598107e-02 3.983677851195014941e-01
1.001159715302372549e-01 3.997000295192369990e-01
1.041196275506825752e-01 4.010309317945201513e-01
1.081365849198306778e-01 4.023602596905891393e-01
1.121668266895922556e-01 4.036877706253259035e-01
1.162103334343588257e-01 4.050132116757311218e-01
1.202670831475735336e-01 4.063363195756000690e-01
1.243370511383293381e-01 4.076568207231534569e-01
1.284202099280895570e-01 4.089744311977431268e-01
1.325165291476181617e-01 4.102888567850248580e-01
1.366259754342024069e-01 4.115997930101918945e-01
1.407485123292469276e-01 4.129069251790147277e-01
1.448841001763166991e-01 4.142099284265481351e-01
1.490326960197052297e-01 4.155084677734518506e-01
1.531942535036038555e-01 4.168021981899386885e-01
1.573687227719490767e-01 4.180907646674121292e-01
1.615560503690250393e-01 4.193738022978952817e-01
1.657561791408998508e-01 4.206509363613789021e-01
1.699690481377754969e-01 4.219217824212396772e-01
1.741945925173331022e-01 4.231859464278923122e-01
1.784327434491564668e-01 4.244430248308518339e-01
1.826834280203191441e-01 4.256926046993866897e-01
1.869465691422217135e-01 4.269342638519479927e-01
1.912220854587680374e-01 4.281675709945609865e-01
1.955098912559709301e-01 4.293920858683616948e-01
1.998098963730798316e-01 4.306073594064609433e-01
2.041220061153243281e-01 4.318129339003098366e-01
2.084461211683696080e-01 4.330083431757371093e-01
2.127821375145813598e-01 4.341931127788182243e-01
2.171299463511991434e-01 4.353667601717294278e-01
2.214894340105187653e-01 4.365287949387277600e-01
2.258604818821856597e-01 4.376787190023879170e-01
2.302429663377024704e-01 4.388160268502143690e-01
2.346367586572550290e-01 4.399402057717339831e-01
2.390417249589620596e-01 4.410507361061600240e-01
2.434577261306546669e-01 4.421470915007045810e-01
2.478846177642925475e-01 4.432287391795992626e-01
2.523222500931240342e-01 4.442951402238695113e-01
2.567704679316978322e-01 4.453457498618887955e-01
2.612291106188341927e-01 4.463800177707225592e-01
2.656980119636635496e-01 4.473973883882528813e-01
2.701770001948401445e-01 4.483973012360549237e-01
2.746658979130378042e-01 4.493791912529780941e-01
2.791645220468350619e-01 4.503424891393626450e-01
2.836726838120952054e-01 4.512866217118032819e-01
2.881901886749460018e-01 4.522110122683487554e-01
2.927168363184634026e-01 4.531150809640054899e-01
2.972524206131608171e-01 4.539982451963904819e-01
3.017967295913853154e-01 4.548599200013565547e-01
3.063495454257187944e-01 4.556995184583899072e-01
3.109106444114811407e-01 4.565164521055569136e-01
3.154797969534298141e-01 4.573101313637535914e-01
3.200567675567469461e-01 4.580799659699875681e-01
3.246413148224036038e-01 4.588253654193987785e-01
3.292331914469862064e-01 4.595457394157014819e-01
3.338321442270685280e-01 4.602404983297063712e-01
3.384379140682075016e-01 4.609090536655577330e-01
3.430502359986383198e-01 4.615508185342970249e-01
3.476688391877403306e-01 4.621652081343415319e-01
3.522934469693403958e-01 4.627516402384427296e-01
3.569237768699162761e-01 4.633095356866666070e-01
3.615595406417579372e-01 4.638383188849161676e-01
3.662004443011397936e-01 4.643374183084936213e-01
3.708461881715515163e-01 4.648062670101790750e-01
3.754964669320300374e-01 4.652443031322812672e-01
3.801509696706295016e-01 4.656509704220958001e-01
3.848093799430604700e-01 4.660257187501872789e-01
3.894713758365234701e-01 4.663680046308922855e-01
3.941366300387561528e-01 4.666772917444236279e-01
3.988048099123070456e-01 4.669530514599382620e-01
4.034755775740416217e-01 4.671947633589162985e-01
4.081485899798814598e-01 4.674019157581835171e-01
4.128234990147686134e-01 4.675740062318959334e-01
4.174999515878420886e-01 4.677105421317934719e-01
4.221775897328049476e-01 4.678110411050175887e-01
4.268560507134546156e-01 4.678750316087784689e-01
4.315349671343410853e-01 4.679020534211488780e-01
4.362139670565107208e-01 4.678916581472550851e-01
4.408926741182856435e-01 4.678434097201286668e-01
4.455707076610221362e-01 4.677568848954804515e-01
4.502476828597832270e-01 4.676316737396538636e-01
4.549232108588534551e-01 4.674673801100150961e-01
4.595968989120168824e-01 4.672636221270380918e-01
4.642683505275110867e-01 4.670200326373438182e-01
4.689371656175635450e-01 4.667362596669590302e-01
4.736029406524083218e-01 4.664119668640631100e-01
4.782652688186748713e-01 4.660468339305017804e-01
4.829237401820328790e-01 4.656405570413527650e-01
4.875779418539699095e-01 4.651928492518418445e-01
4.922274581625721290e-01 4.647034408909182512e-01
4.968718708271713247e-01 4.641720799408141085e-01
5.015107591367147233e-01 4.635985324019276654e-01
5.061437001317073969e-01 4.629825826423877855e-01
5.107702687895713245e-01 4.623240337316768533e-01
5.153900382132582392e-01 4.616227077577097493e-01
5.200025798229482854e-01 4.608784461267884103e-01
5.246074635506603467e-01 4.600911098458768111e-01
5.292042580375940775e-01 4.592605797866654016e-01
5.337925308340198960e-01 4.583867569309208467e-01
5.383718486015268700e-01 4.574695625966466173e-01
5.429417773174340933e-01 4.565089386446073427e-01
5.475018824811674900e-01 4.555048476648025368e-01
5.520517293223995425e-01 4.544572731425058354e-01
5.565908830107458849e-01 4.533662196035199710e-01
5.611189088668090408e-01 4.522317127383307378e-01
5.656353725743570315e-01 4.510537995048792825e-01
5.701398403934215819e-01 4.498325482097067507e-01
5.746318793740992081e-01 4.485680485672624562e-01
5.791110575708351416e-01 4.472604117372040999e-01
5.835769442569694876e-01 4.459097703395557555e-01
5.880291101393243514e-01 4.445162784476279216e-01
5.924671275726082209e-01 4.430801115586426309e-01
5.968905707734153410e-01 4.416014665420448515e-01
6.012990160335963674e-01 4.400805615655207781e-01
6.056920419327785909e-01 4.385176359987830175e-01
6.100692295498125750e-01 4.369129502952207034e-01
6.144301626729253840e-01 4.352667858515517629e-01
6.187744280083612436e-01 4.335794448456536387e-01
6.231016153872922514e-01 4.318512500527858511e-01
6.274113179707840882e-01 4.300825446404564767e-01
6.317031324526048985e-01 4.282736919422207023e-01
6.359766592596681756e-01 4.264250752107371922e-01
6.402315027499041467e-01 4.245370973504424272e-01
6.444672714073573783e-01 4.226101806302392516e-01
6.486835780343130908e-01 4.206447663766281764e-01
6.528800399402592269e-01 4.186413146477445668e-01
6.570562791274952019e-01 4.166003038887949317e-01
6.612119224732041500e-01 4.145222305694168385e-01
6.653466019078108085e-01 4.124076088035162901e-01
6.694599545894528436e-01 4.102569699521634861e-01
6.735516230743981980e-01 4.080708622101554828e-01
6.776212554832498070e-01 4.058498501768779132e-01
6.816685056627825867e-01 4.035945144121225736e-01
6.856930333432668112e-01 4.013054509775388357e-01
6.896945042911363233e-01 3.989832709644169917e-01
6.936725904568696865e-01 3.966286000085213481e-01
6.976269701179580451e-01 3.942420777927059250e-01
7.015573280168407866e-01 3.918243575380623844e-01
7.054633554936987627e-01 3.893761054843626335e-01
7.093447506140019287e-01 3.868980003605698714e-01
7.132012182907148112e-01 3.843907328462023432e-01
7.170324704010742067e-01 3.818550050243418315e-01
7.208382258978577317e-01 3.792915298270849722e-01
7.246182109150730577e-01 3.767010304742409166e-01
7.283721588680029946e-01 3.740842399060802514e-01
7.320998105475523543e-01 3.714419002109428103e-01
7.358009142088484111e-01 3.687747620485098410e-01
7.394752256540552127e-01 3.660835840695442767e-01
7.431225083093718764e-01 3.633691323328991363e-01
7.467425332961896700e-01 3.606321797205877533e-01
7.503350794963942194e-01 3.578735053517023701e-01
7.538999336118037409e-01 3.550938939959594198e-01
7.574368902177445184e-01 3.522941354876389930e-01
7.609457518107705098e-01 3.494750241406739955e-01
7.644263288505431797e-01 3.466373581656323477e-01
7.678784397958932084e-01 3.437819390893200877e-01
7.713019111350943868e-01 3.409095711777179738e-01
7.746965774103868885e-01 3.380210608629475866e-01
7.780622812367924412e-01 3.351172161749440548e-01
7.813988733152731347e-01 3.321988461784941005e-01
7.847062124402899297e-01 3.292667604162779482e-01
7.879841655018240409e-01 3.263217683585319384e-01
7.912326074819306942e-01 3.233646788599277011e-01
7.944514214458998635e-01 3.203962996242402106e-01
7.976404985281055904e-01 3.174174366773543365e-01
8.007997379126284843e-01 3.144288938491351937e-01
8.039290468087438857e-01 3.114314722646627231e-01
8.070283404213708378e-01 3.084259698453067911e-01
8.100975419165833413e-01 3.054131808200923892e-01
8.131365823822876981e-01 3.023938952477796538e-01
8.161454007841769664e-01 2.993688985500572719e-01
8.191239439170736603e-01 2.963389710562211454e-01
8.220721663517783773e-01 2.933048875596840355e-01
8.249900303775439259e-01 2.902674168866354321e-01
8.278775059402982972e-01 2.872273214771448591e-01
8.307345705767419375e-01 2.841853569789748457e-01
8.335612093444471071e-01 2.811422718543438171e-01
8.363574147480916654e-01 2.780988069998532874e-01
8.391231866619576207e-01 2.750556953797679283e-01
8.418585322488306710e-01 2.720136616728114909e-01
8.445634658754354041e-01 2.689734219326164189e-01
8.472380090245442696e-01 2.659356832619405031e-01
8.498821902038973253e-01 2.629011435007396758e-01
8.524960448520726430e-01 2.598704909281618902e-01
8.550796152414466000e-01 2.568444039785046096e-01
8.576329503783829411e-01 2.538235509711548321e-01
8.601561059007921672e-01 2.508085898545095449e-01
8.626491439731989175e-01 2.478001679638525689e-01
8.651121331794586755e-01 2.447989217931429151e-01
8.675451484132606916e-01 2.418054767806505634e-01
8.699482707665572301e-01 2.388204471083555103e-01
8.723215874160541450e-01 2.358444355150078331e-01
8.746651915079005635e-01 2.328780331227287559e-01
8.769791820407115690e-01 2.299218192770156877e-01
8.792636637470571115e-01 2.269763613999981611e-01
8.815187469735492609e-01 2.240422148567758898e-01
8.837445475596575895e-01 2.211199228346561463e-01
8.859411867153801357e-01 2.182100162350935069e-01
8.881087908978969603e-01 2.153130135781222976e-01
8.902474916873291955e-01 2.124294209190599469e-01
8.923574256617257117e-01 2.095597317772481816e-01
8.944387342713964184e-01 2.067044270765884817e-01
8.964915637127085501e-01 2.038639750976186382e-01
8.985160648014605123e-01 2.010388314408683985e-01
9.005123928459447535e-01 1.982294390012241392e-01
9.024807075198078010e-01 1.954362279530249547e-01
9.044211727348140384e-01 1.926596157456065828e-01
9.063339565136158127e-01 1.899000071090032049e-01
9.082192308626301225e-01 1.871577940695125786e-01
9.100771716451191429e-01 1.844333559748252971e-01
9.119079584545682904e-01 1.817270595284157797e-01
9.137117744884537540e-01 1.790392588328889867e-01
9.154888064224864230e-01 1.763702954419754110e-01
9.172392442854182537e-01 1.737204984208644831e-01
9.189632813344918993e-01 1.710901844145659989e-01
9.206611139316130954e-01 1.684796577239885129e-01
9.223329414203209620e-01 1.658892103894238079e-01
9.239789660036290542e-01 1.633191222811273269e-01
9.255993926228063273e-01 1.607696611966854816e-01
9.271944288371641862e-01 1.582410829648626116e-01
9.287642847049136785e-01 1.557336315556225592e-01
9.303091726651517845e-01 1.532475391960221589e-01
9.318293074210356464e-01 1.507830264916774077e-01
9.333249058241971374e-01 1.483403025535061925e-01
9.347961867604508424e-01 1.459195651294555585e-01
9.362433710368424089e-01 1.435210007409253585e-01
9.376666812700839015e-01 1.411447848236047908e-01
9.390663417764180121e-01 1.387910818724434059e-01
9.404425784629518725e-01 1.364600455904825815e-01
9.417956187204971075e-01 1.341518190412795963e-01
9.431256913179513202e-01 1.318665348046613728e-01
9.444330262982522095e-01 1.296043151355510958e-01
9.457178548759345160e-01 1.273652721256167963e-01
9.469804093363167752e-01 1.251495078674971784e-01
9.482209229363418590e-01 1.229571146213662841e-01
9.494396298070940654e-01 1.207881749836046958e-01
9.506367648580122953e-01 1.186427620573522052e-01
9.518125636828177472e-01 1.165209396247227636e-01
9.529672624671706727e-01 1.144227623204697730e-01
9.541010978980701829e-01 1.123482758068961584e-01
9.552143070750092058e-01 1.102975169498107977e-01
9.563071274228925889e-01 1.082705139953393653e-01
9.573797966067271181e-01 1.062672867474048072e-01
9.584325524480895586e-01 1.042878467456992142e-01
9.594656328433748271e-01 1.023321974439758142e-01
9.604792756838295142e-01 1.004003343884965621e-01
9.614737187773688687e-01 9.849224539647748189e-02
9.624491997721779102e-01 9.660791073438060317e-02
9.634059560820943391e-01 9.474730329590790034e-02
9.643442248137693573e-01 9.291038877955934416e-02
9.652642426956006272e-01 9.109712586562322689e-02
9.661662460084325943e-01 8.930746639247373608e-02
9.670504705180155147e-01 8.754135553205656672e-02
9.679171514092146378e-01 8.579873196444970374e-02
9.687665232219601075e-01 8.407952805139255748e-02
9.695988197889267024e-01 8.238367000868218604e-02
9.704142741749312018e-01 8.071107807734156925e-02
9.712131186180348319e-01 7.906166669346996467e-02
9.719955844723379146e-01 7.743534465669135725e-02
9.727619021524508414e-01 7.583201529712191302e-02
9.735123010796274956e-01 7.425157664078281539e-02
9.742470096295446913e-01 7.269392157338964988e-02
9.749662550817109752e-01 7.115893800245459699e-02
9.756702635704880278e-01 6.964650901764225799e-02
9.763592600377061226e-01 6.815651304932443533e-02
9.770334681868566573e-01 6.668882402528390763e-02
9.776931104388416616e-01 6.524331152552099999e-02
9.783384078892621849e-01 6.381984093512124701e-02
9.789695802672249147e-01 6.241827359514623419e-02
9.795868458956482616e-01 6.103846695151331214e-02
9.801904216530467062e-01 5.968027470183377009e-02
9.807805229367736466e-01 5.834354694018229620e-02
9.813573636277006518e-01 5.702813029977395198e-02
9.819211560563136931e-01 5.573386809352801063e-02
9.824721109702043709e-01 5.446060045250104842e-02
9.830104375029341535e-01 5.320816446217446066e-02
9.835363431442512017e-01 5.197639429658437032e-02
9.840500337116376839e-01 5.076512135028440897e-02
9.845517133231654894e-01 4.957417436813432721e-02
9.850415843716391340e-01 4.840337957290962584e-02
9.855198475000042091e-01 4.725256079072962662e-02
9.859867015779986144e-01 4.612153957430344120e-02
9.864423436800255907e-01 4.501013532399512213e-02
9.868869690642264603e-01 4.391816540671120150e-02
9.873207711527317576e-01 4.284544527261537755e-02
9.877439415130678801e-01 4.179178856967676048e-02
9.881566698406992755e-01 4.075700725605947705e-02
9.885591439426832938e-01 3.974091171036284870e-02
9.889515497224166118e-01 3.874331083972253065e-02
9.893340711654524666e-01 3.776401218578420704e-02
9.897068903263666062e-01 3.680282202856244300e-02
9.900701873166518618e-01 3.585954548819835636e-02
9.904241402936191374e-01 3.493398662463051418e-02
9.907689254502851650e-01 3.402594853519441687e-02
9.911047170062260436e-01 3.313523345016650135e-02
9.914316871993756886e-01 3.226164282626940716e-02
9.917500062787497628e-01 3.140497743815572063e-02
9.920598424980734409e-01 3.056503746788796078e-02
9.923613621102951310e-01 2.974162259243307363e-02
9.926547293629646163e-01 2.893453206919003456e-02
9.929401064944568533e-01 2.814356481956957479e-02
9.932176537310218878e-01 2.736851951064527694e-02
9.934875292846419015e-01 2.660919463489562140e-02
9.937498893516761855e-01 2.586538858805667931e-02
9.940048881122749425e-01 2.513689974510539826e-02
9.942526777305440433e-01 2.442352653439350957e-02
9.944934083554416437e-01 2.372506750995219751e-02
9.947272281223892287e-01 2.304132142198775032e-02
9.949542831555782119e-01 2.237208728558843368e-02
9.951747175709549920e-01 2.171716444766284490e-02
9.953886734798663705e-01 2.107635265213001624e-02
9.955962909933485649e-01 2.044945210338148731e-02
9.957977082270421665e-01 1.983626352803551096e-02
9.959930613067159433e-01 1.923658823500352943e-02
9.961824843743833924e-01 1.865022817388895318e-02
9.963661095949944979e-01 1.807698599173818491e-02
9.965440671636873748e-01 1.751666508816376172e-02
9.967164853135828118e-01 1.696906966885934620e-02
9.968834903241057255e-01 1.643400479752622420e-02
9.970452065298187616e-01 1.591127644623081469e-02
9.972017563297509435e-01 1.540069154421260141e-02
9.973532601972071587e-01 1.490205802516176604e-02
9.974998366900429403e-01 1.441518487298567956e-02
9.976416024613888878e-01 1.393988216608329014e-02
9.977786722708110734e-01 1.347596112014630594e-02
9.979111589958917783e-01 1.302323412950599432e-02
9.980391736442166817e-01 1.258151480704424591e-02
9.981628253657541805e-01 1.215061802268748228e-02
9.982822214656120741e-01 1.173035994050186138e-02
9.983974674171589569e-01 1.132055805440813391e-02
9.985086668754956651e-01 1.092103122253438967e-02
9.986159216912634529e-01 1.053159970022486853e-02
9.987193319247755774e-01 1.015208517172288931e-02
9.988189958604594132e-01 9.782310780545897672e-03
9.989150100215955508e-01 9.422101158570539078e-03
9.990074691853414457e-01 9.071282453845594743e-03
9.990964663980272942e-01 8.729682357150561622e-03
9.991820929907105908e-01 8.397130127317603554e-03
9.992644385949784880e-01 8.073456615334527811e-03
9.993435911589845233e-01 7.758494287246428360e-03
9.994196369637091681e-01 7.452077245873567693e-03
9.994926606394308743e-01 7.154041251363052641e-03
9.995627451823976273e-01 6.864223740591832677e-03
9.996299719716864596e-01 6.582463845438505864e-03
9.996944207862400456e-01 6.308602409941429720e-03
9.997561698220697179e-01 6.042482006360591802e-03
9.998152957096132498e-01 5.783946950160705203e-03
9.998718735312377426e-01 5.532843313932975064e-03
9.999259768388757408e-01 5.289018940272989175e-03
9.999776776717856919e-01 5.052323453632179620e-03
1.000027046574425427e+00 4.822608271160309414e-03
1.000074152614429002e+00 4.599726612556444098e-03
1.000119063400677799e+00 4.383533508945864840e-03
1.000161845101455116e+00 4.173885810800410760e-03
1.000202562462674916e+00 3.970642194919717441e-03
1.000241278826176305e+00 3.773663170490855825e-03
1.000278056148074413e+00 3.582811084243869675e-03
1.000312955017157446e+00 3.397950124720721440e-03
1.000346034673322393e+00 3.218946325675169865e-03
1.000377353026041138e+00 3.045667568621105228e-03
1.000406966672846787e+00 2.877983584546879407e-03
1.000434930917833531e+00 2.715765954813163623e-03
1.000461299790162295e+00 2.558888111251876683e-03
1.000486126062561709e+00 2.407225335483720915e-03
1.000509461269820211e+00 2.260654757471861238e-03
1.000531355727258376e+00 2.119055353329270686e-03
1.000551858549177053e+00 1.982307942397259614e-03
1.000571017667271745e+00 1.850295183612689354e-03
1.000588879849007462e+00 1.722901571181349603e-03
1.000605490715947177e+00 1.600013429574953473e-03
1.000620894762026536e+00 1.481518907869181336e-03
1.000635135371769069e+00 1.367307973440163877e-03
1.000648254838434559e+00 1.257272405036757856e-03
1.000660294382096360e+00 1.151305785245926045e-03
1.000671294167639225e+00 1.049303492368476413e-03
1.000681293322673415e+00 9.511626917223651220e-04
1.000690329955359337e+00 8.567823263907036867e-04
1.000698441172136022e+00 7.660631074315402134e-04
1.000705663095350584e+00 6.789075035664136892e-04
1.000712030880780645e+00 5.952197303645978153e-04
1.000717578735047075e+00 5.149057389398634717e-04
1.000722339932910598e+00 4.378732041764967550e-04
1.000726346834448721e+00 3.640315125012089635e-04
1.000729630902108536e+00 2.932917492174681707e-04
1.000732222717630071e+00 2.255666854186701869e-04
1.000734151998837307e+00 1.607707644964472340e-04
1.000735447616291740e+00 9.882008826028665838e-05
1.000736137609806065e+00 3.963240268450058144e-05
1.000736249204812633e+00 -1.687291670155135510e-05
1.000735808828584927e+00 -7.077487976422808529e-05
1.000734842126307145e+00 -1.221508970417551818e-04
1.000733373976989693e+00 -1.710767953303042599e-04
1.000731428509227916e+00 -2.176268335647162815e-04
1.000729029116800062e+00 -2.618737189787497237e-04
1.000726198474101825e+00 -3.038886235299090082e-04
1.000722958551416575e+00 -3.437412005740883179e-04
1.000719330630016835e+00 -3.814996017754515058e-04
1.000715335317095445e+00 -4.172304942371590536e-04
1.000710992560524870e+00 -4.509990778387494396e-04
1.000706321663441978e+00 -4.828691027661823651e-04
1.000701341298656732e+00 -5.129028872207570160e-04
1.000696069522882148e+00 -5.411613352933287643e-04
1.000690523790786379e+00 -5.677039549904614076e-04
1.000684720968861852e+00 -5.925888763993722485e-04
1.000678677349113865e+00 -6.158728699787477346e-04
1.000672408662564461e+00 -6.376113649627360895e-04
1.000665930092572431e+00 -6.578584678656515918e-04
1.000659256287967702e+00 -6.766669810751597264e-04
1.000652401375998979e+00 -6.940884215219479203e-04
1.000645378975094868e+00 -7.101730394141271595e-04
1.000638202207437599e+00 -7.249698370248504765e-04
1.000630883711347563e+00 -7.385265875218810635e-04
1.000623435653480664e+00 -7.508898538280868191e-04
1.000615869740836050e+00 -7.621050075020899955e-04
1.000608197232575325e+00 -7.722162476285496582e-04
1.000600428951652798e+00 -7.812666197078067419e-04
1.000592575296257447e+00 -7.892980345348773628e-04
1.000584646251064802e+00 -7.963512870580321222e-04
1.000576651398301875e+00 -8.024660752074575009e-04
1.000568599928623126e+00 -8.076810186847500168e-04
1.000560500651799245e+00 -8.120336777042530497e-04
1.000552362007217866e+00 -8.155605716775013491e-04
1.000544192074199312e+00 -8.182971978322968248e-04
1.000535998582125163e+00 -8.202780497581975850e-04
1.000527788920382077e+00 -8.215366358704569725e-04
1.000519570148122206e+00 -8.221054977847078258e-04
1.000511349003839090e+00 -8.220162285949421952e-04
1.000503131914762145e+00 -8.212994910475909880e-04
1.000494925006069957e+00 -8.199850356047638919e-04
1.000486734109923059e+00 -8.181017183899597220e-04
1.000478564774317958e+00 -8.156775190098110436e-04
1.000470422271763971e+00 -8.127395582456741190e-04
1.000462311607783539e+00 -8.093141156091249178e-04
1.000454237529237789e+00 -8.054266467556657700e-04
1.000446204532478456e+00 -8.011018007511925935e-04
1.000438216871328168e+00 -7.963634371860122373e-04
1.000430278564890640e+00 -7.912346431314404988e-04
1.000422393405190791e+00 -7.857377499342451310e-04
1.000414564964650088e+00 -7.798943498444345064e-04
1.000406796603393822e+00 -7.737253124721212667e-04
1.000399091476396496e+00 -7.672508010694197023e-04
1.000391452540464909e+00 -7.604902886335596036e-04
1.000383882561060700e+00 -7.534625738276220196e-04
1.000376384118964790e+00 -7.461857967155186575e-04
1.000368959616785736e+00 -7.386774543080544759e-04
1.000361611285313312e+00 -7.309544159171224879e-04
1.000354341189719110e+00 -7.230329383152879616e-04
1.000347151235607468e+00 -7.149286806982253079e-04
1.000340043174916760e+00 -7.066567194476684917e-04
1.000333018611675451e+00 -6.982315626927355088e-04
1.000326079007611613e+00 -6.896671646676780752e-04
1.000319225687621438e+00 -6.809769398642986048e-04
1.000312459845096758e+00 -6.721737769774595609e-04
1.000305782547114219e+00 -6.632700526422928523e-04
1.000299194739487696e+00 -6.542776449618924704e-04
1.000292697251687457e+00 -6.452079468244472597e-04
1.000286290801626121e+00 -6.360718790089382171e-04
1.000279976000315374e+00 -6.268799030786902787e-04
1.000273753356394124e+00 -6.176420340622276002e-04
1.000267623280531870e+00 -6.083678529210370320e-04
1.000261586089707500e+00 -5.990665188039980124e-04
1.000255642011367518e+00 -5.897467810883812991e-04
1.000249791187463710e+00 -5.804169912074650045e-04
1.000244033678375333e+00 -5.710851142649534407e-04
1.000238369466714072e+00 -5.617587404365190478e-04
1.000232798461018202e+00 -5.524450961589183256e-04
1.000227320499334160e+00 -5.431510551072588891e-04
1.000221935352690883e+00 -5.338831489611146810e-04
1.000216642728466221e+00 -5.246475779603068310e-04
1.000211442273649665e+00 -5.154502212512782370e-04
1.000206333578002260e+00 -5.062966470251005361e-04
1.000201316177116384e+00 -4.971921224482568624e-04
1.000196389555377596e+00 -4.881416233874444083e-04
1.000191553148829460e+00 -4.791498439297376733e-04
1.000186806347944435e+00 -4.702212056995462054e-04
1.000182148500303070e+00 -4.613598669738890544e-04
1.000177578913182819e+00 -4.525697315975932668e-04
1.000173096856058264e+00 -4.438544577001044705e-04
1.000168701563015849e+00 -4.352174662156744686e-04
1.000164392235083799e+00 -4.266619492087647030e-04
1.000160168042479869e+00 -4.181908780065723735e-04
1.000156028126779395e+00 -4.098070111406538715e-04
1.000151971603003842e+00 -4.015129020996801939e-04
1.000147997561633417e+00 -3.933109068954193438e-04
1.000144105070544631e+00 -3.852031914440946043e-04
1.000140293176875472e+00 -3.771917387653192922e-04
1.000136560908818861e+00 -3.692783560008577100e-04
1.000132907277347050e+00 -3.614646812555055472e-04
1.000129331277868516e+00 -3.537521902624255355e-04
1.000125831891819139e+00 -3.461422028753126530e-04
1.000122408088189419e+00 -3.386358893897975942e-04
1.000119058824988860e+00 -3.312342766965305088e-04
1.000115783050649965e+00 -3.239382542684159615e-04
1.000112579705373594e+00 -3.167485799844960278e-04
1.000109447722415723e+00 -3.096658857930028957e-04
1.000106386029319783e+00 -3.026906832161224475e-04
1.000103393549093722e+00 -2.958233686990285730e-04
1.000100469201334663e+00 -2.890642288057639498e-04
1.000097611903302264e+00 -2.824134452645553372e-04
1.000094820570943011e+00 -2.758710998651627043e-04
1.000092094119864772e+00 -2.694371792108686678e-04
1.000089431466266499e+00 -2.631115793277220881e-04
1.000086831527821074e+00 -2.568941101336515175e-04
1.000084293224514420e+00 -2.507844997700669001e-04
1.000081815479442415e+00 -2.447823987985667899e-04
1.000079397219566291e+00 -2.388873842653656938e-04
1.000077037376427835e+00 -2.330989636360517828e-04
1.000074734886826411e+00 -2.274165786032780344e-04
1.000072488693457773e+00 -2.218396087699826271e-04
1.000070297745517145e+00 -2.163673752107234094e-04
1.000068160999267430e+00 -2.109991439137000931e-04
1.000066077418573007e+00 -2.057341291060244340e-04
1.000064045975401550e+00 -2.005714964647838084e-04
1.000062065650293430e+00 -1.955103662164271955e-04
1.000060135432801811e+00 -1.905498161269852822e-04
1.000058254321902318e+00 -1.856888843856170277e-04
1.000056421326374956e+00 -1.809265723839548310e-04
1.000054635465158714e+00 -1.762618473936994660e-04
1.000052895767679528e+00 -1.716936451448924754e-04
1.000051201274153367e+00 -1.672208723072709190e-04
1.000049551035864903e+00 -1.628424088770842192e-04
1.000047944115422638e+00 -1.585571104717273402e-04
1.000046379586991607e+00 -1.543638105345180016e-04
1.000044856536504101e+00 -1.502613224519181703e-04
1.000043374061850621e+00 -1.462484415854721812e-04
1.000041931273049967e+00 -1.423239472207046493e-04
1.000040527292400672e+00 -1.384866044351917868e-04
1.000039161254614006e+00 -1.347351658879898987e-04
1.000037832306929664e+00 -1.310683735325736323e-04
1.000036539609214348e+00 -1.274849602554054928e-04
1.000035282334044595e+00 -1.239836514422263704e-04
1.000034059666774722e+00 -1.205631664741243391e-04
1.000032870805588781e+00 -1.172222201554069630e-04
1.000031714961540308e+00 -1.139595240752687210e-04
1.000030591358577414e+00 -1.107737879052124057e-04
1.000029499233555885e+00 -1.076637206341497544e-04
1.000028437836240514e+00 -1.046280317430725820e-04
1.000027406429293553e+00 -1.016654323211522217e-04
1.000026404288254289e+00 -9.877463612509064528e-05
1.000025430701506624e+00 -9.595436058351271128e-05
1.000024484970238214e+00 -9.320332774815459317e-05
1.000023566408388964e+00 -9.052026519356940935e-05
1.000022674342591955e+00 -8.790390686703649108e-05
1.000021808112105726e+00 -8.535299389032673415e-05
1.000020967068738331e+00 -8.286627531494209777e-05
1.000020150576764744e+00 -8.044250883241337838e-05
1.000019358012837145e+00 -7.808046144120612544e-05
1.000018588765888339e+00 -7.577891007175092887e-05
1.000017842237030052e+00 -7.353664217108053477e-05
1.000017117839444358e+00 -7.135245624852252751e-05
1.000016414998271097e+00 -6.922516238386328884e-05
1.000015733150489083e+00 -6.715358269936560511e-05
1.000015071744794204e+00 -6.513655179698960550e-05
1.000014430241471963e+00 -6.317291716213402494e-05
1.000013808112267366e+00 -6.126153953518251728e-05
1.000013204840249914e+00 -5.940129325210787519e-05
1.000012619919676826e+00 -5.759106655535507009e-05
1.000012052855852041e+00 -5.582976187619303766e-05
1.000011503164982996e+00 -5.411629608969388880e-05
1.000010970374035413e+00 -5.244960074346767222e-05
1.000010454020585193e+00 -5.082862226125067350e-05
1.000009953652668981e+00 -4.925232212241520348e-05
1.000009468828632508e+00 -4.771967701843956195e-05
1.000008999116978270e+00 -4.622967898734765011e-05
1.000008544096210761e+00 -4.478133552709916382e-05
1.000008103354682154e+00 -4.337366968888308990e-05
1.000007676490435760e+00 -4.200572015123942482e-05
1.000007263111049927e+00 -4.067654127590672675e-05
1.000006862833480836e+00 -3.938520314626621700e-05
1.000006475283904850e+00 -3.813079158922672609e-05
1.000006100097561523e+00 -3.691240818136881332e-05
1.000005736918595955e+00 -3.572917024014082144e-05
1.000005385399901359e+00 -3.458021080087465122e-05
1.000005045202962073e+00 -3.346467858036441536e-05
1.000004715997697247e+00 -3.238173792772702146e-05
1.000004397462304517e+00 -3.133056876324009807e-05
1.000004089283105024e+00 -3.031036650582949967e-05
1.000003791154387978e+00 -2.932034198985592261e-05
1.000003502778258113e+00 -2.835972137182799868e-05
1.000003223864482260e+00 -2.742774602764736969e-05
1.000002954130337685e+00 -2.652367244097006345e-05
1.000002693300461765e+00 -2.564677208324764478e-05
1.000002441106702999e+00 -2.479633128599126229e-05
1.000002197287972905e+00 -2.397165110578185413e-05
1.000001961590099020e+00 -2.317204718253036848e-05
1.000001733765680356e+00 -2.239684959147287098e-05
1.000001513573943512e+00 -2.164540268936698995e-05
1.000001300780601232e+00 -2.091706495533802041e-05
1.000001095157710962e+00 -2.021120882680550480e-05
1.000000896483536961e+00 -1.952722053090391347e-05
1.000000704542413077e+00 -1.886449991179441586e-05
1.000000519124607079e+00 -1.822246025424836154e-05
1.000000340026187651e+00 -1.760052810386742385e-05
1.000000167048892497e+00 -1.699814308428980719e-05
9.999999999999984457e-01 -1.641475771171705867e-05
