2.380952380952381375e-01 2.906532097717444141e-01
2.410062984178612533e-01 2.915588457764757835e-01
2.439264146496488983e-01 2.924643732479203506e-01
2.468555851481243901e-01 2.933696801123961140e-01
2.497938071306979868e-01 2.942746504181853462e-01
2.527410766358060279e-01 2.951791643197431703e-01
2.556973884839010003e-01 2.960830980636361409e-01
2.586627362383094875e-01 2.969863239762229878e-01
2.616371121659759602e-01 2.978887104530957286e-01
2.646205071981096446e-01 2.987901219503028005e-01
2.676129108907526755e-01 2.996904189773802463e-01
2.706143113852879090e-01 3.005894580922212067e-01
2.736246953689044359e-01 3.014870918978159176e-01
2.766440480350404463e-01 3.023831690408986250e-01
2.796723530438217087e-01 3.032775342125395568e-01
2.827095924825163142e-01 3.041700281507223047e-01
2.857557468260251143e-01 3.050604876449498071e-01
2.888107948974285022e-01 3.059487455429226177e-01
2.918747138286106324e-01 3.068346307593356470e-01
2.949474790209823394e-01 3.077179682868405597e-01
2.980290641063247370e-01 3.085985792092214020e-01
3.011194409077758150e-01 3.094762807168333074e-01
3.042185794009829025e-01 3.103508861243529093e-01
3.073264476754445917e-01 3.112222048908915850e-01
3.104430118960654905e-01 3.120900426425211593e-01
3.135682362649489519e-01 3.129542011972629156e-01
3.167020829834516493e-01 3.138144785925905400e-01
3.198445122145265884e-01 3.146706691154967928e-01
3.229954820453793118e-01 3.155225633351743664e-01
3.261549484504644436e-01 3.163699481383599466e-01
3.293228652548491064e-01 3.172126067673900485e-01
3.324991840979706903e-01 3.180503188610168119e-01
3.356838543978167833e-01 3.188828604980302184e-01
3.388768233155554643e-01 3.197100042437326928e-01
3.420780357206449351e-01 3.205315191993103330e-01
3.452874341564513561e-01 3.213471710541438986e-01
3.485049588064048076e-01 3.221567221411005821e-01
3.517305474607232418e-01 3.229599314948468636e-01
3.549641354837346219e-01 3.237565549132193632e-01
3.582056557818284470e-01 3.245463450216903856e-01
3.614550387720674718e-01 3.253290513409611284e-01
3.647122123514910941e-01 3.261044203577141976e-01
3.679771018671421645e-01 3.268721955985544048e-01
3.712496300868493027e-01 3.276321177071638280e-01
3.745297171707969719e-01 3.283839245246953920e-01
3.778172806439157871e-01 3.291273511734252311e-01
3.811122353691254738e-01 3.298621301436821529e-01
3.844144935214638403e-01 3.305879913840688578e-01
3.877239645631345155e-01 3.313046623949864045e-01
3.910405552195061474e-01 3.320118683254702496e-01
3.943641694560968136e-01 3.327093320733429116e-01
3.976947084565765622e-01 3.333967743886840918e-01
4.010320706018210002e-01 3.340739139806161995e-01
4.043761514500496257e-01 3.347404676273987856e-01
4.077268437180812666e-01 3.353961502898219482e-01
4.110840372637400986e-01 3.360406752278845555e-01
4.144476190694447171e-01 3.366737541207389106e-01
4.178174732270130143e-01 3.372950971898798778e-01
4.211934809237148358e-01 3.379044133255512672e-01
4.245755204296048912e-01 3.385014102163387273e-01
4.279634670861672818e-01 3.390857944819138381e-01
4.313571932963030098e-01 3.396572718088891607e-01
4.347565685156914439e-01 3.402155470897397227e-01
4.381614592455562729e-01 3.407603245647419787e-01
4.415717290268654227e-01 3.412913079668763450e-01
4.449872384359948585e-01 3.418082006696343544e-01
4.484078450818845263e-01 3.423107058376677614e-01
4.518334036047148561e-01 3.427985265802109827e-01
4.552637656761308604e-01 3.432713661072039346e-01
4.586987800010409733e-01 3.437289278880377719e-01
4.621382923210156646e-01 3.441709158128406498e-01
4.655821454193116993e-01 3.445970343562163585e-01
4.690301791275452992e-01 3.450069887433429572e-01
4.724822303340380225e-01 3.454004851183352098e-01
4.759381329938568439e-01 3.457772307147680135e-01
4.793977181405700838e-01 3.461369340282550167e-01
4.828608138997387833e-01 3.464793049909706268e-01
4.863272455041625086e-01 3.468040551479996125e-01
4.897968353108975714e-01 3.471108978353938945e-01
4.932694028200634850e-01 3.473995483598113498e-01
4.967447646954532559e-01 3.476697241796073423e-01
5.002227347869615537e-01 3.479211450872451428e-01
5.037031241548427518e-01 3.481535333928872378e-01
5.071857410958101609e-01 3.483666141090258628e-01
5.106703911709864485e-01 3.485601151360058769e-01
5.141568772357126837e-01 3.487337674482911543e-01
5.176449994712236657e-01 3.488873052813200593e-01
5.211345554181936457e-01 3.490204663187931877e-01
5.246253400121566601e-01 3.491329918802330012e-01
5.281171456208029191e-01 3.492246271086513199e-01
5.316097620831521375e-01 3.492951211581580284e-01
5.351029767506013668e-01 3.493442273813414101e-01
5.385965745298452179e-01 3.493717035162476892e-01
5.420903379276631462e-01 3.493773118727851457e-01
5.455840470975669154e-01 3.493608195183757203e-01
5.490774798883000241e-01 3.493219984626754204e-01
5.525704118941794363e-01 3.492606258411822262e-01
5.560626165072664051e-01 3.491764840975497552e-01
5.595538649713537316e-01 3.490693611644226646e-01
5.630439264377528064e-01 3.489390506426094385e-01
5.665325680228637806e-01 3.487853519784067102e-01
5.700195548675082158e-01 3.486080706388892669e-01
5.735046501980046729e-01 3.484070182849797748e-01
5.769876153889622605e-01 3.481820129421112076e-01
5.804682100277682721e-01 3.479328791682966826e-01
5.839461919807431567e-01 3.476594482194207969e-01
5.874213174609330679e-01 3.473615582115678890e-01
5.908933410975105716e-01 3.470390542802035960e-01
5.943620160067508706e-01 3.466917887360277950e-01
5.978270938645483534e-01 3.463196212173181854e-01
6.012883249804391594e-01 3.459224188385862098e-01
6.047454583730906830e-01 3.455000563353687881e-01
6.081982418472190455e-01 3.450524162049824484e-01
6.116464220718931255e-01 3.445793888430686014e-01
6.150897446601824026e-01 3.440808726757624836e-01
6.185279542501039840e-01 3.435567742873211206e-01
6.219607945868222965e-01 3.430070085430497739e-01
6.253880086060540355e-01 3.424314987073695526e-01
6.288093385186288575e-01 3.418301765568743100e-01
6.322245258961551873e-01 3.412029824882279461e-01
6.356333117577378511e-01 3.405498656207591734e-01
6.390354366576956879e-01 3.398707838936149694e-01
6.424306407742219616e-01 3.391657041573397091e-01
6.458186639989325073e-01 3.384346022597520265e-01
6.491992460272437704e-01 3.376774631259973902e-01
6.525721264495215612e-01 3.368942808326602645e-01
6.559370448429410194e-01 3.360850586758254988e-01
6.592937408639959473e-01 3.352498092329856960e-01
6.626419543415968949e-01 3.343885544186970815e-01
6.659814253706931586e-01 3.335013255338931115e-01
6.693118944063568554e-01 3.325881633087726108e-01
6.726331023582627910e-01 3.316491179391855559e-01
6.759447906854992860e-01 3.306842491164472264e-01
6.792467014916446777e-01 3.296936260505183292e-01
6.825385776200415533e-01 3.286773274864967509e-01
6.858201627492027663e-01 3.276354417143736986e-01
6.890912014882806247e-01 3.265680665720144260e-01
6.923514394725325261e-01 3.254753094413322390e-01
6.956006234587135406e-01 3.243572872376315197e-01
6.988385014203287726e-01 3.232141263921038399e-01
7.020648226426760008e-01 3.220459628274687791e-01
7.052793378176106520e-01 3.208529419267592830e-01
7.084817991379642743e-01 3.196352184952593323e-01
7.116719603915483416e-01 3.183929567156090767e-01
7.148495770546747785e-01 3.171263300961018050e-01
7.180144063851260361e-01 3.158355214122032795e-01
7.211662075145059969e-01 3.145207226413334611e-01
7.243047415399057609e-01 3.131821348909571423e-01
7.274297716148165893e-01 3.118199683200390537e-01
7.305410630392251692e-01 3.104344420539253413e-01
7.336383833488244743e-01 3.090257840927218003e-01
7.367215024032762738e-01 3.075942312132463052e-01
7.397901924734618939e-01 3.061400288646403678e-01
7.428442283276571745e-01 3.046634310577320259e-01
7.458833873165706674e-01 3.031647002482487085e-01
7.489074494571834606e-01 3.016441072139868229e-01
7.519161975153306754e-01 3.001019309260501422e-01
7.549094170869669052e-01 2.985384584142767306e-01
7.578868966780565319e-01 2.969539846269798611e-01
7.608484277830342979e-01 2.953488122851348763e-01
7.637938049617799541e-01 2.937232517311496038e-01
7.667228259150546954e-01 2.920776207723619899e-01
7.696352915583463128e-01 2.904122445194138313e-01
7.725310060940733248e-01 2.887274552196547606e-01
7.754097770820993496e-01 2.870235920857364120e-01
7.782714155085090901e-01 2.853010011195596385e-01
7.811157358526021888e-01 2.835600349317447533e-01
7.839425561520596553e-01 2.818010525567964386e-01
7.867516980662414561e-01 2.800244192641410668e-01
7.895429869375739651e-01 2.782305063652164012e-01
7.923162518509903052e-01 2.764196910167978083e-01
7.950713256913849447e-01 2.745923560207484404e-01
7.978080451990492428e-01 2.727488896203831281e-01
8.005262510230546358e-01 2.708896852936386046e-01
8.032257877725517137e-01 2.690151415432455173e-01
8.059065040659577628e-01 2.671256616840986253e-01
8.085682525780037988e-01 2.652216536280243009e-01
8.112108900846181081e-01 2.633035296661457858e-01
8.138342775056214284e-01 2.613717062490470977e-01
8.164382799452141182e-01 2.594266037649382017e-01
8.190227667302357739e-01 2.574686463160247296e-01
8.215876114461800883e-01 2.554982614932848062e-01
8.241326919709507370e-01 2.535158801498569869e-01
8.266578905063448612e-01 2.515219361732423664e-01
8.291630936072535984e-01 2.495168662565231954e-01
8.316481922085704470e-01 2.475011096688004009e-01
8.341130816498012468e-01 2.454751080250509032e-01
8.365576616973707802e-01 2.434393050556044324e-01
8.389818365646224407e-01 2.413941463754380179e-01
8.413855149295114133e-01 2.393400792534850774e-01
8.437686099499914771e-01 2.372775523821533394e-01
8.461310392770990951e-01 2.352070156472441942e-01
8.484727250657391195e-01 2.331289198984635436e-01
8.507935939831796635e-01 2.310437167207115561e-01
8.530935772152643537e-01 2.289518582063359564e-01
8.553726104703529565e-01 2.268537967285303159e-01
8.576306339810020329e-01 2.247499847160560893e-01
8.598675925034006129e-01 2.226408744294631203e-01
8.620834353145757634e-01 2.205269177389803659e-01
8.642781162073869261e-01 2.184085659042444005e-01
8.664515934833263433e-01 2.162862693560300142e-01
8.686038299431485532e-01 2.141604774801424416e-01
8.707347928753492727e-01 2.120316384036273205e-01
8.728444540425194242e-01 2.099001987834498706e-01
8.749327896655983983e-01 2.077666035977904224e-01
8.769997804060541968e-01 2.056312959400990181e-01
8.790454113460183239e-01 2.034947168160471387e-01
8.810696719664055099e-01 2.013573049435101181e-01
8.830725561230486909e-01 1.992194965557088082e-01
8.850540620208815490e-01 1.970817252076343118e-01
8.870141921862029211e-01 1.949444215858747997e-01
8.889529534370562702e-01 1.928080133219585157e-01
8.908703568517607474e-01 1.906729248093216589e-01
8.927664177356307018e-01 1.885395770240054780e-01
8.946411555859212772e-01 1.864083873491812482e-01
8.964945940550385073e-01 1.842797694035969991e-01
8.983267609120539898e-01 1.821541328740347854e-01
9.001376880025644400e-01 1.800318833518620432e-01
9.019274112069379790e-01 1.779134221737553867e-01
9.036959703969880131e-01 1.757991462666705917e-01
9.054434093911193360e-01 1.736894479971266836e-01
9.071697759079880852e-01 1.715847150248675790e-01
9.088751215187208521e-01 1.694853301609594576e-01
9.105595015977371309e-01 1.673916712303768206e-01
9.122229752722199603e-01 1.653041109391258923e-01
9.138656053702812754e-01 1.632230167459480796e-01
9.154874583678667133e-01 1.611487507386424323e-01
9.170886043344474992e-01 1.590816695150402138e-01
9.186691168775447114e-01 1.570221240686607844e-01
9.202290730861344414e-01 1.549704596790727473e-01
9.217685534729795904e-01 1.529270158069798435e-01
9.232876419159363746e-01 1.508921259940465276e-01
9.247864255982827242e-01 1.488661177674738822e-01
9.262649949481167599e-01 1.468493125493316454e-01
9.277234435768715315e-01 1.448420255706484028e-01
9.291618682169952015e-01 1.428445657902572830e-01
9.305803686588427492e-01 1.408572358183905748e-01
9.319790476868280438e-01 1.388803318450128332e-01
9.333580110148822495e-01 1.369141435728775391e-01
9.347173672212669704e-01 1.349589541552891903e-01
9.360572276827875404e-01 1.330150401385484515e-01
9.373777065084551996e-01 1.310826714090546352e-01
9.386789204726424529e-01 1.291621111450360071e-01
9.399609889477794633e-01 1.272536157728752226e-01
9.412240338366361092e-01 1.253574349279936717e-01
9.424681795042356702e-01 1.234738114202552639e-01
9.436935527094448828e-01 1.216029812038472713e-01
9.449002825362851077e-01 1.197451733515925848e-01
9.460885003250085745e-01 1.179006100336449925e-01
9.472583396029832237e-01 1.160695065005161730e-01
9.484099360154291114e-01 1.142520710703805314e-01
9.495434272560494549e-01 1.124485051206013109e-01
9.506589529975972841e-01 1.106590030834189442e-01
9.517566548224197787e-01 1.088837524457403477e-01
9.528366761530210338e-01 1.071229337529654435e-01
9.538991621826823364e-01 1.053767206167851855e-01
9.549442598061803622e-01 1.036452797268832271e-01
9.559721175506419311e-01 1.019287708664713965e-01
9.569828855065724005e-01 1.002273469315874965e-01
9.579767152590960011e-01 9.854115395408191702e-02
9.589537598194436407e-01 9.687033112821819003e-02
9.599141735567253697e-01 9.521501084081096522e-02
9.608581121300204808e-01 9.357531870482338476e-02
9.617857324208214376e-01 9.195137359634469876e-02
9.626971924658636048e-01 9.034328769486753286e-02
9.635926513903743107e-01 8.875116652678328999e-02
9.644722693417722148e-01 8.717510901201280804e-02
9.653362074238487356e-01 8.561520751368890958e-02
9.661846276314607351e-01 8.407154789080618917e-02
9.670176927857644378e-01 8.254420955375291191e-02
9.678355664700191152e-01 8.103326552263903637e-02
9.686384129659866282e-01 7.953878248833395892e-02
9.694263971909558020e-01 7.806082087612696563e-02
9.701996846354149495e-01 7.659943491192297560e-02
9.709584413013998550e-01 7.515467269088585422e-02
9.717028336415388656e-01 7.372657624844139446e-02
9.724330284988204065e-01 7.231518163355164786e-02
9.731491930471036778e-01 7.092051898417257860e-02
9.738514947323947402e-01 6.954261260480666673e-02
9.745401012149080833e-01 6.818148104606221171e-02
9.752151803119335494e-01 6.683713718613139287e-02
9.758768999415272649e-01 6.550958831409917082e-02
9.765254280670441211e-01 6.419883621499540560e-02
9.771609326425299002e-01 6.290487725650291406e-02
9.777835815589874802e-01 6.162770247723470263e-02
9.783935425915341044e-01 6.036729767649384737e-02
9.789909833474625955e-01 5.912364350543027752e-02
9.795760712152215000e-01 5.789671555950906545e-02
9.801489733143252669e-01 5.668648447220565878e-02
9.807098564462078949e-01 5.549291600984406631e-02
9.812588870460301482e-01 5.431597116749483506e-02
9.817962311354503369e-01 5.315560626585041915e-02
9.823220542763689833e-01 5.201177304899641529e-02
9.828365215256548160e-01 5.088441878299804211e-02
9.833397973908607481e-01 4.977348635522219761e-02
9.838320457869360602e-01 4.867891437431642182e-02
9.843134299939417797e-01 4.760063727076712520e-02
9.847841126157738101e-01 4.653858539796053295e-02
9.852442555398992496e-01 4.549268513367091260e-02
9.856940198981091195e-01 4.446285898190183161e-02
9.861335660282908311e-01 4.344902567500737861e-02
9.865630534372235028e-01 4.245110027602145425e-02
9.869826407643969013e-01 4.146899428112461178e-02
9.873924857468555638e-01 4.050261572217914857e-02
9.877927451850683216e-01 3.955186926926446828e-02
9.881835749098227817e-01 3.861665633314612101e-02
9.885651297501443224e-01 3.769687516761328905e-02
9.889375635022368272e-01 3.679242097162089414e-02
9.893010288994442680e-01 3.590318599117389015e-02
9.896556775832292541e-01 3.502905962089282454e-02
9.900016600751655460e-01 3.416992850520114700e-02
9.903391257499399858e-01 3.332567663907624878e-02
9.906682228093599551e-01 3.249618546830770199e-02
9.909890982573605900e-01 3.168133398920774252e-02
9.913018978760059774e-01 3.088099884772048040e-02
9.916067662024783402e-01 3.009505443787787241e-02
9.919038465070481037e-01 2.932337299955211501e-02
9.921932807720182934e-01 2.856582471545557333e-02
9.924752096716342731e-01 2.782227780734097475e-02
9.927497725529519368e-01 2.709259863135617119e-02
9.930171074176545876e-01 2.637665177250928319e-02
9.932773509048100635e-01 2.567430013820170415e-02
9.935306382745581200e-01 2.498540505078792121e-02
9.937771033927188524e-01 2.430982633912276078e-02
9.940168787163109476e-01 2.364742242905819997e-02
9.942500952799694369e-01 2.299805043285343964e-02
9.944768826832525166e-01 2.236156623746354821e-02
9.946973690788247779e-01 2.173782459167350120e-02
9.949116811615066336e-01 2.112667919204600994e-02
9.951199441581762839e-01 2.052798276765309057e-02
9.953222818185138987e-01 1.994158716356283362e-02
9.955188164065731371e-01 1.936734342305437492e-02
9.957096686931694585e-01 1.880510186853557447e-02
9.958949579490700144e-01 1.825471218113944305e-02
9.960748019389736863e-01 1.771602347897679314e-02
9.962493169162661699e-01 1.718888439402408916e-02
9.964186176185376720e-01 1.667314314762695371e-02
9.965828172638476756e-01 1.616864762460118801e-02
9.967420275477248959e-01 1.567524544591461164e-02
9.968963586408858824e-01 1.519278403993442987e-02
9.970459191876592797e-01 1.472111071222621803e-02
9.971908163051007579e-01 1.426007271389199450e-02
9.973311555827837349e-01 1.380951730843618143e-02
9.974670410832520151e-01 1.336929183714960154e-02
9.975985753431179104e-01 1.293924378300293117e-02
9.977258593747924120e-01 1.251922083304234448e-02
9.978489926688318690e-01 1.210907093928132762e-02
9.979680731968854079e-01 1.170864237808386284e-02
9.980831974152295505e-01 1.131778380803541602e-02
9.981944602688731516e-01 1.093634432629932672e-02
9.983019551962186711e-01 1.056417352345737602e-02
9.984057741342642345e-01 1.020112153683441943e-02
9.985060075243316069e-01 9.847039102308104835e-03
9.986027443183042029e-01 9.501777604605752062e-03
9.986960719853609225e-01 9.165189126091544125e-03
9.987860765191899359e-01 8.837126494048188480e-03
9.988728424456684296e-01 8.517443326458226313e-03
9.989564528309918812e-01 8.205994076291116962e-03
9.990369892902395410e-01 7.902634074303178588e-03
9.991145319963598004e-01 7.607219570358387389e-03
9.991891596895619010e-01 7.319607773278914535e-03
9.992609496870986652e-01 7.039656889235130013e-03
9.993299778934259248e-01 6.767226158685654344e-03
9.993963188107239937e-01 6.502175891878821459e-03
9.994600455497671954e-01 6.244367502927695816e-03
9.995212298411270124e-01 5.993663542471524067e-03
9.995799420466947582e-01 5.749927728937228449e-03
9.996362511715100041e-01 5.513024978415220420e-03
9.996902248758808840e-01 5.282821433164478289e-03
9.997419294877826212e-01 5.059184488762469289e-03
9.997914300155209544e-01 4.841982819916077624e-03
9.998387901606469175e-01 4.631086404950294187e-03
9.998840723311099854e-01 4.426366548991960553e-03
9.999273376546367054e-01 4.227695905866367225e-03
9.999686459923218251e-01 4.034948498725015285e-03
1.000008055952419594e+00 3.847999739423300751e-03
1.000045624904322139e+00 3.666726446667314607e-03
1.000081408992714360e+00 3.491006862949373908e-03
1.000115463151890705e+00 3.320720670292265364e-03
1.000147841120225145e+00 3.155749004822555777e-03
1.000178595454779495e+00 2.995974470193639438e-03
1.000207777546041621e+00 2.841281149879512635e-03
1.000235437632780000e+00 2.691554618360536034e-03
1.000261624817005757e+00 2.546681951222703327e-03
1.000286387079029504e+00 2.406551734192174767e-03
1.000309771292603456e+00 2.271054071127030696e-03
1.000331823240138585e+00 2.140080590988392706e-03
1.000352587627985956e+00 2.013524453813224022e-03
1.000372108101774016e+00 1.891280355711249476e-03
1.000390427261789839e+00 1.773244532908569045e-03
1.000407586678396576e+00 1.659314764860620210e-03
1.000423626907477548e+00 1.549390376457230071e-03
1.000438587505898314e+00 1.443372239342548442e-03
1.000452507046976525e+00 1.341162772372687419e-03
1.000465423135953547e+00 1.242665941233911343e-03
1.000477372425456979e+00 1.147787257244215018e-03
1.000488390630947633e+00 1.056433775361104166e-03
1.000498512546142971e+00 9.685140914183577648e-04
1.000507772058409017e+00 8.839383386144875976e-04
1.000516202164113189e+00 8.026181832755393359e-04
1.000523834983931382e+00 7.244668199147884062e-04
1.000530701778102438e+00 6.493989656117760091e-04
1.000536832961622880e+00 5.773308537330086891e-04
1.000542258119375916e+00 5.081802270165082427e-04
1.000547006021187846e+00 4.418663300422473982e-04
1.000551104636806299e+00 3.783099011103404925e-04
1.000554581150794542e+00 3.174331635486823499e-04
1.000557461977336082e+00 2.591598164715350379e-04
1.000559772774943790e+00 2.034150250103607832e-04
1.000561538461069544e+00 1.501254100379836593e-04
1.000562783226607744e+00 9.921903740693727527e-05
1.000563530550290015e+00 5.062540672261806583e-05
1.000563803212964009e+00 4.275439671618566336e-06
1.000563623311754524e+00 -3.989853207464250686e-05
1.000563012274101160e+00 -8.196277936114149923e-05
1.000561990871668971e+00 -1.219821884357441256e-04
1.000560579234128333e+00 -1.600202742016775068e-04
1.000558796862800692e+00 -1.961391938169734436e-04
1.000556662644166872e+00 -2.303997606221743497e-04
1.000554194863234159e+00 -2.628614583778957287e-04
1.000551411216759723e+00 -2.935824557941499498e-04
1.000548328826327271e+00 -3.226196213336506632e-04
1.000544964251274482e+00 -3.500285382716386909e-04
1.000541333501468566e+00 -3.758635199950959623e-04
1.000537452049927944e+00 -4.001776255245437165e-04
1.000533334845286726e+00 -4.230226752419555063e-04
1.000528996324102637e+00 -4.444492668086540274e-04
1.000524450423003087e+00 -4.645067912574003680e-04
1.000519710590670908e+00 -4.832434492432292135e-04
1.000514789799665794e+00 -5.007062674379287497e-04
1.000509700558081860e+00 -5.169411150534127973e-04
1.000504454921039121e+00 -5.319927204795819311e-04
1.000499064502008206e+00 -5.459046880226213483e-04
1.000493540483967214e+00 -5.587195147300355602e-04
1.000487893630389147e+00 -5.704786072890722422e-04
1.000482134296061698e+00 -5.812222989855399388e-04
1.000476272437735625e+00 -5.909898667103772847e-04
1.000470317624604144e+00 -5.998195480016845285e-04
1.000464279048610239e+00 -6.077485581102774715e-04
1.000458165534584998e+00 -6.148131070771766307e-04
1.000451985550214085e+00 -6.210484168117927839e-04
1.000445747215833237e+00 -6.264887381599172200e-04
1.000439458314054342e+00 -6.311673679509723946e-04
1.000433126299219877e+00 -6.351166660143205394e-04
1.000426758306688590e+00 -6.383680721547705999e-04
1.000420361161950433e+00 -6.409521230777626881e-04
1.000413941389573624e+00 -6.428984692550445811e-04
1.000407505221982962e+00 -6.442358917219885139e-04
1.000401058608070270e+00 -6.449923187980258947e-04
1.000394607221638310e+00 -6.451948427220050020e-04
1.000388156469679046e+00 -6.448697361945980762e-04
1.000381711500486492e+00 -6.440424688202051485e-04
1.000375277211605907e+00 -6.427377234411153859e-04
1.000368858257620452e+00 -6.409794123569987701e-04
1.000362459057775766e+00 -6.387906934231075366e-04
1.000356083803444651e+00 -6.361939860208694038e-04
1.000349736465432349e+00 -6.332109868948519087e-04
1.000343420801124594e+00 -6.298626858503706587e-04
1.000337140361478472e+00 -6.261693813063029263e-04
1.000330898497859833e+00 -6.221506956979517460e-04
1.000324698368726617e+00 -6.178255907250834473e-04
1.000318542946160294e+00 -6.132123824405360775e-04
1.000312435022247870e+00 -6.083287561750637482e-04
1.000306377215315123e+00 -6.031917812943451843e-04
1.000300371976013070e+00 -5.978179257843433368e-04
1.000294421593259653e+00 -5.922230706614543469e-04
1.000288528200038218e+00 -5.864225242041322134e-04
1.000282693779054322e+00 -5.804310360029157770e-04
1.000276920168253314e+00 -5.742628108260225059e-04
1.000271209066199818e+00 -5.679315222979029873e-04
1.000265562037321532e+00 -5.614503263883746740e-04
1.000259980517019365e+00 -5.548318747101746136e-04
1.000254465816645233e+00 -5.480883276229828486e-04
1.000249019128349737e+00 -5.412313671421776443e-04
1.000243641529802163e+00 -5.342722096507857964e-04
1.000238333988783701e+00 -5.272216184132889200e-04
1.000233097367657420e+00 -5.200899158901374410e-04
1.000227932427714794e+00 -5.128869958520099540e-04
1.000222839833403876e+00 -5.056223352930371007e-04
1.000217820156437121e+00 -4.983050061423827115e-04
1.000212873879785525e+00 -4.909436867737441892e-04
1.000208001401556634e+00 -4.835466733124992966e-04
1.000203203038761757e+00 -4.761218907403839355e-04
1.000198479030972587e+00 -4.686769037977386453e-04
1.000193829543869928e+00 -4.612189276835095475e-04
1.000189254672686490e+00 -4.537548385533319217e-04
1.000184754445545554e+00 -4.462911838161614836e-04
1.000180328826697940e+00 -4.388341922300505963e-04
1.000175977719658826e+00 -4.313897837977938255e-04
1.000171700970246880e+00 -4.239635794632886246e-04
1.000167498369526564e+00 -4.165609106095739746e-04
1.000163369656657864e+00 -4.091868283596217497e-04
1.000159314521652743e+00 -4.018461126810628594e-04
1.000155332608041681e+00 -3.945432812961318075e-04
1.000151423515453164e+00 -3.872825983982116477e-04
1.000147586802105915e+00 -3.800680831764537962e-04
1.000143821987216519e+00 -3.729035181500358481e-04
1.000140128553325791e+00 -3.657924573137043040e-04
1.000136505948544308e+00 -3.587382340963283611e-04
1.000132953588718676e+00 -3.517439691342669336e-04
1.000129470859520975e+00 -3.448125778614212619e-04
1.000126057118464473e+00 -3.379467779179131845e-04
1.000122711696844524e+00 -3.311490963793908881e-04
1.000119433901609289e+00 -3.244218768090241793e-04
1.000116223017160078e+00 -3.177672861343054265e-04
1.000113078307083958e+00 -3.111873213508236508e-04
1.000109999015820650e+00 -3.046838160552273363e-04
1.000106984370263907e+00 -2.982584468096350023e-04
1.000104033581301621e+00 -2.919127393397934005e-04
1.000101145845293305e+00 -2.856480745693201740e-04
1.000098320345488512e+00 -2.794656944924009878e-04
1.000095556253387752e+00 -2.733667078873431287e-04
1.000092852730046555e+00 -2.673520958734133725e-04
1.000090208927324920e+00 -2.614227173134128562e-04
1.000087623989083685e+00 -2.555793140644638077e-04
1.000085097052328731e+00 -2.498225160795001739e-04
1.000082627248305434e+00 -2.441528463619711516e-04
1.000080213703543608e+00 -2.385707257762788259e-04
1.000077855540855598e+00 -2.330764777164819892e-04
1.000075551880288183e+00 -2.276703326358065339e-04
1.000073301840030071e+00 -2.223524324395073680e-04
1.000071104537275879e+00 -2.171228347436311907e-04
1.000068959089048137e+00 -2.119815170022293599e-04
1.000066864612979112e+00 -2.069283805055697556e-04
1.000064820228052431e+00 -2.019632542518928319e-04
1.000062825055308080e+00 -1.970858986952515727e-04
1.000060878218508531e+00 -1.922960093719685095e-04
1.000058978844771351e+00 -1.875932204082332816e-04
1.000057126065165169e+00 -1.829771079113540265e-04
1.000055319015274335e+00 -1.784471932471626916e-04
1.000053556835729829e+00 -1.740029462060611540e-04
1.000051838672709748e+00 -1.696437880601788016e-04
1.000050163678410042e+00 -1.653690945140953435e-04
1.000048531011485275e+00 -1.611781985515644254e-04
1.000046939837462290e+00 -1.570703931806534664e-04
1.000045389329126788e+00 -1.530449340796947435e-04
1.000043878666883490e+00 -1.491010421464197442e-04
1.000042407039092085e+00 -1.452379059526265760e-04
1.000040973642378095e+00 -1.414546841067050727e-04
1.000039577681921088e+00 -1.377505075263194066e-04
1.000038218371721133e+00 -1.341244816235216415e-04
1.000036894934842824e+00 -1.305756884045427234e-04
1.000035606603639105e+00 -1.271031884864796447e-04
1.000034352619955769e+00 -1.237060230330685735e-04
1.000033132235316424e+00 -1.203832156117048708e-04
1.000031944711089471e+00 -1.171337739738408871e-04
1.000030789318637980e+00 -1.139566917608619221e-04
1.000029665339452034e+00 -1.108509501375097372e-04
1.000028572065265964e+00 -1.078155193548917175e-04
1.000027508798159825e+00 -1.048493602450816209e-04
1.000026474850646885e+00 -1.019514256492858376e-04
1.000025469545745782e+00 -9.912066178151633232e-05
1.000024492217040928e+00 -9.635600952967861114e-05
1.000023542208729133e+00 -9.365640569594993730e-05
1.000022618875654912e+00 -9.102078417828963802e-05
1.000021721583333356e+00 -8.844807709488978901e-05
1.000020849707963011e+00 -8.593721585334118326e-05
1.000020002636427430e+00 -8.348713216625529808e-05
1.000019179766287847e+00 -8.109675901504972940e-05
1.000018380505764970e+00 -7.876503156357028863e-05
1.000017604273713889e+00 -7.649088802318946862e-05
1.000016850499588550e+00 -7.427327047098709054e-05
1.000016118623399564e+00 -7.211112562258522500e-05
1.000015408095664249e+00 -7.000340556117600561e-05
1.000014718377349565e+00 -6.794906842424739747e-05
1.000014048939807720e+00 -6.594707904947865720e-05
1.000013399264706893e+00 -6.399640958124418026e-05
1.000012768843954625e+00 -6.209604003913138989e-05
1.000012157179616556e+00 -6.024495884984559313e-05
1.000011563783830271e+00 -5.844216334384241980e-05
1.000010988178713367e+00 -5.668666021799600204e-05
1.000010429896267983e+00 -5.497746596557931902e-05
1.000009888478280651e+00 -5.331360727480139112e-05
1.000009363476218383e+00 -5.169412139711474234e-05
1.000008854451121421e+00 -5.011805648647552129e-05
1.000008360973492882e+00 -4.858447191070805558e-05
1.000007882623184630e+00 -4.709243853609536572e-05
1.000007418989281582e+00 -4.564103898628717247e-05
1.000006969669982260e+00 -4.422936787658748208e-05
1.000006534272478653e+00 -4.285653202465468923e-05
1.000006112412832326e+00 -4.152165063861839922e-05
1.000005703715850514e+00 -4.022385548358885303e-05
1.000005307814959110e+00 -3.896229102750699519e-05
1.000004924352075442e+00 -3.773611456725572630e-05
1.000004552977479255e+00 -3.654449633592590573e-05
1.000004193349682602e+00 -3.538661959210402587e-05
1.000003845135299940e+00 -3.426168069202243787e-05
1.000003508008916242e+00 -3.316888914538727965e-05
1.000003181652955542e+00 -3.210746765567405584e-05
1.000002865757548598e+00 -3.107665214565608595e-05
1.000002560020400777e+00 -3.007569176890666628e-05
1.000002264146660158e+00 -2.910384890799210130e-05
1.000001977848784307e+00 -2.816039916004926694e-05
1.000001700846409269e+00 -2.724463131041854891e-05
1.000001432866217232e+00 -2.635584729498056681e-05
1.000001173641805519e+00 -2.549336215182313240e-05
1.000000922913556023e+00 -2.465650396284338979e-05
1.000000680428504651e+00 -2.384461378586909887e-05
1.000000445940212090e+00 -2.305704557786247109e-05
1.000000219208635466e+00 -2.229316610974981734e-05
1.000000000000000666e+00 -2.155235487340072514e-05
