5.555555555555555802e-01 1.647154139974038312e-01
5.572052059562796478e-01 1.652146612111993762e-01
5.588598485814084693e-01 1.657138488188199810e-01
5.605194825300885419e-01 1.662129155612839249e-01
5.621841062798560440e-01 1.667117983753708677e-01
5.638537176685898267e-01 1.672104323926582314e-01
5.655283138764557460e-01 1.677087509389426634e-01
5.672078914078478862e-01 1.682066855340719758e-01
5.688924460733301158e-01 1.687041658922126819e-01
5.705819729715823074e-01 1.692011199225784968e-01
5.722764664713564375e-01 1.696974737306451986e-01
5.739759201934477861e-01 1.701931516198772198e-01
5.756803269926851208e-01 1.706880760939913644e-01
5.773896789399475260e-01 1.711821678597829355e-01
5.791039673042110980e-01 1.716753458305398106e-01
5.808231825346338306e-01 1.721675271300695531e-01
5.825473142426836892e-01 1.726586270973650694e-01
5.842763511843164226e-01 1.731485592919337901e-01
5.860102812422101071e-01 1.736372354998155232e-01
5.877490914080636397e-01 1.741245657403140135e-01
5.894927677649660636e-01 1.746104582734668842e-01
5.912412954698444967e-01 1.750948196082788566e-01
5.929946587359982146e-01 1.755775545117425340e-01
5.947528408157269908e-01 1.760585660186711476e-01
5.965158239830617992e-01 1.765377554423672168e-01
5.982835895166068729e-01 1.770150223861511329e-01
6.000561176825011112e-01 1.774902647557728697e-01
6.018333877175080504e-01 1.779633787727303018e-01
6.036153778122440583e-01 1.784342589885169472e-01
6.054020650945531878e-01 1.789027982998215027e-01
6.071934256130393504e-01 1.793688879647014345e-01
6.089894343207651328e-01 1.798324176197523272e-01
6.107900650591270297e-01 1.802932752982940867e-01
6.125952905419180805e-01 1.807513474495949513e-01
6.144050823395876826e-01 1.812065189591534065e-01
6.162194108637100154e-01 1.816586731700577939e-01
6.180382453516711783e-01 1.821076919054426813e-01
6.198615538515864776e-01 1.825534554920605623e-01
6.216893032074595205e-01 1.829958427849866509e-01
6.235214590445933291e-01 1.834347311934740876e-01
6.253579857552665766e-01 1.838699967079758524e-01
6.271988464846853795e-01 1.843015139283494253e-01
6.290440031172235269e-01 1.847291560932587118e-01
6.308934162629624698e-01 1.851527951107877212e-01
6.327470452445438376e-01 1.855723015902790984e-01
6.346048480843461403e-01 1.859875448754099714e-01
6.364667814919989786e-01 1.863983930785165222e-01
6.383328008522463071e-01 1.868047131161778007e-01
6.402028602131719648e-01 1.872063707460684401e-01
6.420769122748005708e-01 1.876032306050885445e-01
6.439549083780854444e-01 1.879951562487783279e-01
6.458367984942976481e-01 1.883820101920238577e-01
6.477225312148281455e-01 1.887636539510590683e-01
6.496120537414169505e-01 1.891399480867679839e-01
6.515053118768215912e-01 1.895107522492902874e-01
6.534022500159378799e-01 1.898759252239315409e-01
6.553028111373867537e-01 1.902353249783786115e-01
6.572069367955795105e-01 1.905888087112193319e-01
6.591145671132749850e-01 1.909362329017641469e-01
6.610256407746409879e-01 1.912774533611660832e-01
6.629400950188341080e-01 1.916123252848341008e-01
6.648578656341094240e-01 1.919407033061334977e-01
6.667788869524741147e-01 1.922624415513653762e-01
6.687030918448967354e-01 1.925773936960159805e-01
6.706304117170859280e-01 1.928854130222652508e-01
6.725607765058496668e-01 1.931863524777419072e-01
6.744941146760490280e-01 1.934800647355117142e-01
6.764303532181574763e-01 1.937664022552833265e-01
6.783694176464382108e-01 1.940452173458145912e-01
6.803112319977517863e-01 1.943163622285012104e-01
6.822557188310053311e-01 1.945796891021271957e-01
6.842027992272545767e-01 1.948350502087556613e-01
6.861523927904712439e-01 1.950822979007364177e-01
6.881044176489851116e-01 1.953212847088053317e-01
6.900587904576130915e-01 1.955518634112489162e-01
6.920154264004848566e-01 1.957738871041056761e-01
6.939742391945754596e-01 1.959872092723742576e-01
6.959351410939550453e-01 1.961916838621968195e-01
6.978980428947652026e-01 1.963871653539842610e-01
6.998628539409311733e-01 1.965735088364482241e-01
7.018294821306184650e-01 1.967505700815035397e-01
7.037978339234430836e-01 1.969182056200025066e-01
7.057678143484427125e-01 1.970762728182612888e-01
7.077393270128171654e-01 1.972246299553369053e-01
7.097122741114453293e-01 1.973631363010114603e-01
7.116865564371848141e-01 1.974916521944391490e-01
7.136620733919616377e-01 1.976100391234094367e-01
7.156387229986553855e-01 1.977181598041788113e-01
7.176164019137851735e-01 1.978158782618213707e-01
7.195950054410015229e-01 1.979030599110476463e-01
7.215744275453883638e-01 1.979795716374390946e-01
7.235545608685798324e-01 1.980452818790444658e-01
7.255352967446939694e-01 1.981000607082828990e-01
7.275165252170870955e-01 1.981437799140969847e-01
7.294981350559306410e-01 1.981763130842980336e-01
7.314800137766119814e-01 1.981975356880442962e-01
7.334620476589609472e-01 1.982073251583915396e-01
7.354441217673013398e-01 1.982055609748546998e-01
7.374261199713282311e-01 1.981921247459174362e-01
7.394079249678097154e-01 1.981669002914259459e-01
7.413894183031118912e-01 1.981297737248022550e-01
7.433704803965446306e-01 1.980806335350108471e-01
7.453509905645253619e-01 1.980193706682121246e-01
7.473308270455580882e-01 1.979458786090350364e-01
7.493098670260223138e-01 1.978600534614003703e-01
7.512879866667681039e-01 1.977617940288258491e-01
7.532650611305110600e-01 1.976510018941430580e-01
7.552409646100214369e-01 1.975275814985561484e-01
7.572155703571000762e-01 1.973914402199713203e-01
7.591887507123337153e-01 1.972424884505259990e-01
7.611603771356214576e-01 1.970806396732462384e-01
7.631303202374629668e-01 1.969058105377604062e-01
7.650984498109989485e-01 1.967179209349972646e-01
7.670646348647930379e-01 1.965168940707963940e-01
7.690287436563442158e-01 1.963026565383589883e-01
7.709906437263175372e-01 1.960751383894668021e-01
7.729502019334807406e-01 1.958342732043977796e-01
7.749072844903328594e-01 1.955799981604664783e-01
7.768617569994115124e-01 1.953122540991183986e-01
7.788134844902634413e-01 1.950309855915071944e-01
7.807623314570625306e-01 1.947361410024847084e-01
7.827081618968603216e-01 1.944276725529341665e-01
7.846508393484504795e-01 1.941055363803776690e-01
7.865902269318310047e-01 1.937696925977897833e-01
7.885261873882448702e-01 1.934201053505500978e-01
7.904585831207810998e-01 1.930567428714687339e-01
7.923872762355156363e-01 1.926795775338193684e-01
7.943121285831729050e-01 1.922885859023160116e-01
7.962330018012861998e-01 1.918837487819709253e-01
7.981497573568355763e-01 1.914650512647722291e-01
8.000622565893421578e-01 1.910324827741213816e-01
8.019703607543947621e-01 1.905860371069722503e-01
8.038739310675860894e-01 1.901257124736149828e-01
8.057728287488352681e-01 1.896515115350498604e-01
8.076669150670714448e-01 1.891634414378976503e-01
8.095560513852541051e-01 1.886615138467954145e-01
8.114400992057045903e-01 1.881457449742282295e-01
8.133189202157229403e-01 1.876161556077496906e-01
8.151923763334634199e-01 1.870727711345457900e-01
8.170603297540425247e-01 1.865156215632993719e-01
8.189226429958520459e-01 1.859447415433142792e-01
8.207791789470491040e-01 1.853601703808608336e-01
8.226298009121958410e-01 1.847619520527067072e-01
8.244743726590204602e-01 1.841501352167997096e-01
8.263127584652701918e-01 1.835247732200712134e-01
8.281448231656279857e-01 1.828859241033323479e-01
8.299704321986638433e-01 1.822336506032365411e-01
8.317894516537905902e-01 1.815680201512860359e-01
8.336017483181950016e-01 1.808891048698615389e-01
8.354071897237141942e-01 1.801969815652578188e-01
8.372056441936277515e-01 1.794917317177104066e-01
8.389969808893341652e-01 1.787734414684017670e-01
8.407810698568831675e-01 1.780422016034378663e-01
8.425577820733318735e-01 1.772981075347891955e-01
8.443269894928957520e-01 1.765412592781935575e-01
8.460885650928630097e-01 1.757717614280202012e-01
8.478423829192425210e-01 1.749897231290985788e-01
8.495883181321149946e-01 1.741952580455176647e-01
8.513262470506570700e-01 1.733884843264049402e-01
8.530560471978079207e-01 1.725695245686970913e-01
8.547775973445487230e-01 1.717385057769175438e-01
8.564907775537652368e-01 1.708955593199790735e-01
8.581954692236631876e-01 1.700408208850326119e-01
8.598915551307075855e-01 1.691744304283865075e-01
8.615789194720570032e-01 1.682965321235234402e-01
8.632574479074632823e-01 1.674072743062451629e-01
8.649270276006086888e-01 1.665068094169782631e-01
8.665875472598519869e-01 1.655952939402769997e-01
8.682388971783556730e-01 1.646728883415621569e-01
8.698809692735669508e-01 1.637397570011379089e-01
8.715136571260255760e-01 1.627960681455311032e-01
8.731368560174714855e-01 1.618419937762006489e-01
8.747504629682274491e-01 1.608777095956669678e-01
8.763543767738292134e-01 1.599033949311144398e-01
8.779484980408802652e-01 1.589192326555222690e-01
8.795327292221050142e-01 1.579254091063818644e-01
8.811069746505778566e-01 1.569221140020609362e-01
8.826711405731042515e-01 1.559095403558776738e-01
8.842251351827311590e-01 1.548878843879497869e-01
8.857688686503651931e-01 1.538573454348864944e-01
8.873022531554776160e-01 1.528181258573927115e-01
8.888252029158744127e-01 1.517704309458575984e-01
8.903376342165133517e-01 1.507144688240014685e-01
8.918394654373474895e-01 1.496504503506566053e-01
8.933306170801779134e-01 1.485785890197600378e-01
8.948110117944972908e-01 1.474991008586375996e-01
8.962805744023086829e-01 1.464122043246605942e-01
8.977392319219027472e-01 1.453181202003576700e-01
8.991869135905784516e-01 1.442170714870663062e-01
9.006235508862939776e-01 1.431092832972095386e-01
9.020490775482336021e-01 1.419949827452847702e-01
9.034634295962780115e-01 1.408743988376528478e-01
9.048665453493676125e-01 1.397477623612165265e-01
9.062583654427466273e-01 1.386153057710785841e-01
9.076388328440798681e-01 1.374772630772705118e-01
9.090078928684319770e-01 1.363338697306435421e-01
9.103654931921018045e-01 1.351853625080145782e-01
9.117115838653053750e-01 1.340319793966598394e-01
9.130461173237001127e-01 1.328739594782496480e-01
9.143690483987468864e-01 1.317115428123181442e-01
9.156803343269043216e-01 1.305449703193618249e-01
9.169799347576526038e-01 1.293744836636608608e-01
9.182678117603445545e-01 1.282003251359173368e-01
9.195439298298829778e-01 1.270227375358042032e-01
9.208082558912227267e-01 1.258419640545186680e-01
9.220607593026993731e-01 1.246582481574334406e-01
9.233014118581845953e-01 1.234718334669386575e-01
9.245301877880721664e-01 1.222829636455669000e-01
9.257470637590961005e-01 1.210918822794929683e-01
9.269520188729868382e-01 1.198988327624995465e-01
9.281450346639691373e-01 1.187040581804986866e-01
9.293260950951088839e-01 1.175078011966984581e-01
9.304951865535148192e-01 1.163103039375028708e-01
9.316522978444030656e-01 1.151118078792319477e-01
9.327974201840342205e-01 1.139125537357479484e-01
9.339305471915304580e-01 1.127127813470719386e-01
9.350516748795848487e-01 1.115127295690739456e-01
9.361608016440733371e-01 1.103126361643181341e-01
9.372579282525805855e-01 1.091127376941429805e-01
9.383430578318537885e-01 1.079132694120547437e-01
9.394161958541970003e-01 1.067144651585108517e-01
9.404773501228207433e-01 1.055165572571678811e-01
9.415265307561615504e-01 1.043197764126670285e-01
9.425637501711873201e-01 1.031243516100280033e-01
9.435890230657052458e-01 1.019305100157202049e-01
9.446023663996886421e-01 1.007384768804780589e-01
9.456037993756415405e-01 9.954847544392511627e-02
9.465933434180179296e-01 9.836072684106950126e-02
9.475710221517167353e-01 9.717545001073078781e-02
9.485368613796698600e-01 9.599286160595646433e-02
9.494908890595452622e-01 9.481317590648334626e-02
9.504331352795848398e-01 9.363660473329737943e-02
9.513636322335985440e-01 9.246335736534241900e-02
9.522824141951369281e-01 9.129364045842655595e-02
9.531895174908632251e-01 9.012765796637160765e-02
9.540849804731491579e-01 8.896561106444926537e-02
9.549688434919160196e-01 8.780769807514464398e-02
9.558411488657455601e-01 8.665411439628552259e-02
9.567019408522842161e-01 8.550505243157280333e-02
9.575512656179642201e-01 8.436070152354546714e-02
9.583891712070674584e-01 8.322124788901026637e-02
9.592157075101556130e-01 8.208687455696422886e-02
9.600309262318917902e-01 8.095776130903505063e-02
9.608348808582801714e-01 7.983408462246215087e-02
9.616276266233471093e-01 7.871601761563835897e-02
9.624092204752917601e-01 7.760372999622969226e-02
9.631797210421295663e-01 7.649738801188801784e-02
9.639391885968570106e-01 7.539715440356897780e-02
9.646876850221618449e-01 7.430318836146479478e-02
9.654252737747062163e-01 7.321564548355916080e-02
9.661520198490081146e-01 7.213467773680888595e-02
9.668679897409481194e-01 7.106043342095437476e-02
9.675732514109273152e-01 6.999305713495880543e-02
9.682678742467024646e-01 6.893268974607306976e-02
9.689519290259251960e-01 6.787946836152147778e-02
9.696254878784111852e-01 6.683352630280071927e-02
9.702886242481648660e-01 6.579499308258213164e-02
9.709414128551869805e-01 6.476399438420535337e-02
9.715839296570891737e-01 6.374065204374887439e-02
9.722162518105424978e-01 6.272508403466101057e-02
9.728384576325846966e-01 6.171740445493256039e-02
9.734506265618122489e-01 6.071772351679044499e-02
9.740528391194815949e-01 5.972614753888941252e-02
9.746451768705445273e-01 5.874277894097702096e-02
9.752277223846426146e-01 5.776771624100515007e-02
9.758005591970853043e-01 5.680105405465937785e-02
9.763637717698342433e-01 5.584288309727579447e-02
9.769174454525197948e-01 5.489329018811294619e-02
9.774616664435108460e-01 5.395235825694510989e-02
9.779965217510627751e-01 5.302016635294119762e-02
9.785220991545648950e-01 5.209678965579224441e-02
9.790384871659110200e-01 5.118229948904876730e-02
9.795457749910131406e-01 5.027676333562786787e-02
9.800440524914820761e-01 4.938024485544867392e-02
9.805334101464940888e-01 4.849280390515319644e-02
9.810139390148653327e-01 4.761449655986863677e-02
9.814857306973538975e-01 4.674537513696581936e-02
9.819488772992089887e-01 4.588548822176744674e-02
9.824034713929871154e-01 4.503488069515872161e-02
9.828496059816534958e-01 4.419359376305196513e-02
9.832873744619871070e-01 4.336166498765590266e-02
9.837168705883074793e-01 4.253912832049946968e-02
9.841381884365398847e-01 4.172601413715919944e-02
9.845514223686366861e-01 4.092234927363851832e-02
9.849566669973698341e-01 4.012815706434665758e-02
9.853540171515116075e-01 3.934345738162434158e-02
9.857435678414174784e-01 3.856826667676278853e-02
9.861254142250271970e-01 3.780259802246221934e-02
9.864996515742964212e-01 3.704646115667563355e-02
9.868663752420743229e-01 3.629986252778330535e-02
9.872256806294391618e-01 3.556280534104316188e-02
9.875776631535042593e-01 3.483528960626208065e-02
9.879224182157066991e-01 3.411731218663287962e-02
9.882600411705901866e-01 3.340886684868185630e-02
9.885906272950923945e-01 3.270994431327157309e-02
9.889142717583475628e-01 3.202053230760373154e-02
9.892310695920140118e-01 3.134061561816697816e-02
9.895411156611351178e-01 3.067017614457471369e-02
9.898445046355436316e-01 3.000919295423814040e-02
9.901413309618162240e-01 2.935764233782006682e-02
9.904316888357861393e-01 2.871549786541525984e-02
9.907156721756212869e-01 2.808273044340351549e-02
9.909933745954742079e-01 2.745930837192204349e-02
9.912648893797091354e-01 2.684519740290416609e-02
9.915303094577122556e-01 2.624036079863187668e-02
9.917897273792902757e-01 2.564475939075031019e-02
9.920432352906604079e-01 2.505835163969279134e-02
9.922909249110372087e-01 2.448109369446571648e-02
9.925328875098184955e-01 2.391293945274321209e-02
9.927692138843733360e-01 2.335384062122222021e-02
9.929999943384354433e-01 2.280374677618936599e-02
9.932253186611020856e-01 2.226260542425174960e-02
9.934452761064419546e-01 2.173036206318461686e-02
9.936599553737108792e-01 2.120696024284967826e-02
9.938694445881778305e-01 2.069234162613870984e-02
9.940738312825597722e-01 2.018644604989796448e-02
9.942732023790653573e-01 1.968921158578984532e-02
9.944676441720472493e-01 1.920057460104920150e-02
9.946572423112609584e-01 1.872046981909258889e-02
9.948420817857288601e-01 1.824883037993983367e-02
9.950222469082075083e-01 1.778558790040820486e-02
9.951978213002553586e-01 1.733067253404052890e-02
9.953688878778985671e-01 1.688401303072964779e-02
9.955355288378912038e-01 1.644553679600261123e-02
9.956978256445662145e-01 1.601516994992911724e-02
9.958558590172739144e-01 1.559283738561973581e-02
9.960097089184032360e-01 1.517846282728055850e-02
9.961594545419805158e-01 1.477196888779202903e-02
9.963051743028423779e-01 1.437327712578074894e-02
9.964469458263762736e-01 1.398230810215421970e-02
9.965848459388234604e-01 1.359898143606955156e-02
9.967189506581392022e-01 1.322321586030828812e-02
9.968493351854028628e-01 1.285492927603062129e-02
9.969760738967732294e-01 1.249403880688336292e-02
9.970992403359807410e-01 1.214046085243717168e-02
9.972189072073514016e-01 1.179411114092962162e-02
9.973351463693539420e-01 1.145490478129183171e-02
9.974480288286639018e-01 1.112275631443744583e-02
9.975576247347367476e-01 1.079757976379387002e-02
9.976640033748822578e-01 1.047928868505676285e-02
9.977672331698330677e-01 1.016779621514984217e-02
9.978673816697980481e-01 9.863015120373149966e-03
9.979645155509935250e-01 9.564857843723989506e-03
9.980587006126431238e-01 9.273236551375787715e-03
9.981500017744387998e-01 8.988063178301175168e-03
9.982384830744528426e-01 8.709249473026621849e-03
9.983242076674939680e-01 8.436707041506966154e-03
9.984072378238969536e-01 8.170347390109168606e-03
9.984876349287379327e-01 7.910081967695636526e-03
9.985654594814661333e-01 7.655822206798406152e-03
9.986407710959427364e-01 7.407479563876447071e-03
9.987136285008771930e-01 7.164965558649268040e-03
9.987840895406530084e-01 6.928191812500954748e-03
9.988522111765322231e-01 6.697070085949648720e-03
9.989180494882304862e-01 6.471512315178368224e-03
9.989816596758522849e-01 6.251430647623948920e-03
9.990430960621773382e-01 6.036737476621718140e-03
9.991024120952890497e-01 5.827345475104344155e-03
9.991596603515351394e-01 5.623167628354122302e-03
9.992148925388106839e-01 5.424117265808733532e-03
9.992681595001549066e-01 5.230108091921290697e-03
9.993195112176517236e-01 5.041054216076220826e-03
9.993689968166246107e-01 4.856870181563277544e-03
9.994166645701166862e-01 4.677470993612656107e-03
9.994625619036464625e-01 4.502772146494900783e-03
9.995067354002297177e-01 4.332689649689917127e-03
9.995492308056586062e-01 4.167140053130082532e-03
9.995900930340285706e-01 4.006040471523031332e-03
9.996293661735039526e-01 3.849308607760316102e-03
9.996670934923131968e-01 3.696862775418708821e-03
9.997033174449641013e-01 3.548621920361458119e-03
9.997380796786712320e-01 3.404505641447359583e-03
9.997714210399858414e-01 3.264434210356001367e-03
9.998033815816192993e-01 3.128328590538039140e-03
9.998340005694520416e-01 2.996110455299821895e-03
9.998633164897189340e-01 2.867702205032135552e-03
9.998913670563628342e-01 2.743026983593259763e-03
9.999181892185476928e-01 2.622008693856937508e-03
9.999438191683228672e-01 2.504572012436238719e-03
9.999682923484309871e-01 2.390642403594664313e-03
9.999916434602503790e-01 2.280146132356183127e-03
1.000013906471865166e+00 2.173010276826212086e-03
1.000035114626254273e+00 2.069162739735855294e-03
1.000055300449592233e+00 1.968532259222003505e-03
1.000074495759654347e+00 1.871048418856157162e-03
1.000092731674317559e+00 1.776641656935081014e-03
1.000110038620151354e+00 1.685243275046629467e-03
1.000126446341090825e+00 1.596785445924283264e-03
1.000141983907184118e+00 1.511201220604134346e-03
1.000156679723408493e+00 1.428424534898225509e-03
1.000170561538547664e+00 1.348390215198305448e-03
1.000183656454123993e+00 1.271033983624200942e-03
1.000195990933378409e+00 1.196292462531127173e-03
1.000207590810293201e+00 1.124103178390363457e-03
1.000218481298649875e+00 1.054404565057808808e-03
1.000228687001116779e+00 9.871359664450094027e-04
1.000238231918360476e+00 9.222376386073051794e-04
1.000247139458175560e+00 8.596507512637882641e-04
1.000255432444626225e+00 7.993173887637953709e-04
1.000263133127195392e+00 7.411805505146715298e-04
1.000270263189934949e+00 6.851841508855455176e-04
1.000276843760613321e+00 6.312730186018452282e-04
1.000282895419853268e+00 5.793928956452591011e-04
1.000288438210257480e+00 5.294904356738115627e-04
1.000293491645515065e+00 4.815132019766744085e-04
1.000298074719486063e+00 4.354096649782762110e-04
1.000302205915258646e+00 3.911291993062004924e-04
1.000305903214174119e+00 3.486220804372832825e-04
1.000309184104817506e+00 3.078394809362290652e-04
1.000312065591967503e+00 2.687334663009622020e-04
1.000314564205504020e+00 2.312569904288210932e-04
1.000316696009267536e+00 1.953638907175818244e-04
1.000318476609868279e+00 1.610088828151699802e-04
1.000319921165440995e+00 1.281475550317824478e-04
1.000321044394342662e+00 9.673636242799628219e-05
1.000321860583788247e+00 6.673262059228983489e-05
1.000322383598424736e+00 3.809449912124195472e-05
1.000322626888836552e+00 1.078101481550896500e-05
1.000322603499982810e+00 -1.524797539549295301e-05
1.000322326079562396e+00 -4.003178178745097585e-05
1.000321806886303566e+00 -6.360888942099931196e-05
1.000321057798177815e+00 -8.601696595516757635e-05
1.000320090320533595e+00 -1.072928696822523088e-04
1.000318915594148983e+00 -1.274726577721290301e-04
1.000317544403200865e+00 -1.465915947142250840e-04
1.000315987183148625e+00 -1.646841609455810109e-04
1.000314254028531247e+00 -1.817840616536384049e-04
1.000312354700674478e+00 -1.979242357426064095e-04
1.000310298635308737e+00 -2.131368649524757459e-04
1.000308094950094429e+00 -2.274533831199692811e-04
1.000305752452053554e+00 -2.409044855709393152e-04
1.000303279644908283e+00 -2.535201386339465792e-04
1.000300684736322276e+00 -2.653295892649818279e-04
1.000297975645045856e+00 -2.763613747735175910e-04
1.000295160007963702e+00 -2.866433326403073343e-04
1.000292245187043738e+00 -2.962026104175787011e-04
1.000289238276186321e+00 -3.050656757024974614e-04
1.000286146107973950e+00 -3.132583261750108441e-04
1.000282975260319951e+00 -3.208056996914094281e-04
1.000279732063015681e+00 -3.277322844251782464e-04
1.000276422604176707e+00 -3.340619290469396658e-04
1.000273052736587287e+00 -3.398178529355199719e-04
1.000269628083941598e+00 -3.450226564124038746e-04
1.000266154046982825e+00 -3.496983309920682925e-04
1.000262635809540779e+00 -3.538662696409172227e-04
1.000259078344465369e+00 -3.575472770377656094e-04
1.000255486419458384e+00 -3.607615798290461835e-04
1.000251864602802687e+00 -3.635288368721385972e-04
1.000248217268988826e+00 -3.658681494604418402e-04
1.000244548604239725e+00 -3.677980715240321036e-04
1.000240862611933679e+00 -3.693366197999683499e-04
1.000237163117924988e+00 -3.705012839665226820e-04
1.000233453775764447e+00 -3.713090367358292819e-04
1.000229738071819030e+00 -3.717763438996565676e-04
1.000226019330290317e+00 -3.719191743232173344e-04
1.000222300718134560e+00 -3.717530098821387845e-04
1.000218585249883274e+00 -3.712928553379189907e-04
1.000214875792364788e+00 -3.705532481473974610e-04
1.000211175069328551e+00 -3.695482682019662576e-04
1.000207485665973062e+00 -3.682915474924440416e-04
1.000203810033376328e+00 -3.667962796957278037e-04
1.000200150492831508e+00 -3.650752296795260732e-04
1.000196509240087517e+00 -3.631407429216645315e-04
1.000192888349497045e+00 -3.610047548406365584e-04
1.000189289778069979e+00 -3.586788000342518699e-04
1.000185715369436457e+00 -3.561740214234117730e-04
1.000182166857717769e+00 -3.535011792982126590e-04
1.000178645871308447e+00 -3.506706602637480559e-04
1.000175153936568195e+00 -3.476924860831456083e-04
1.000171692481427232e+00 -3.445763224155369521e-04
1.000168262838903255e+00 -3.413314874468171786e-04
1.000164866250534246e+00 -3.379669604112049740e-04
1.000161503869725355e+00 -3.344913900017664702e-04
1.000158176765012952e+00 -3.309131026682119933e-04
1.000154885923246084e+00 -3.272401108004200179e-04
1.000151632252686218e+00 -3.234801207962818446e-04
1.000148416586027933e+00 -3.196405410125976727e-04
1.000145239683339682e+00 -3.157284895978864671e-04
1.000142102234927277e+00 -3.117508022061023969e-04
1.000139004864120551e+00 -3.077140395903749256e-04
1.000135948129985630e+00 -3.036244950760120381e-04
1.000132932529961272e+00 -2.994882019121236747e-04
1.000129958502424365e+00 -2.953109405013376880e-04
1.000127026429181942e+00 -2.910982455071907458e-04
1.000124136637894345e+00 -2.868554128388842031e-04
1.000121289404427793e+00 -2.825875065131988389e-04
1.000118484955139664e+00 -2.782993653934625841e-04
1.000115723469096940e+00 -2.739956098055617000e-04
1.000113005080228712e+00 -2.696806480310800841e-04
1.000110329879415172e+00 -2.653586826777398484e-04
1.000107697916512439e+00 -2.610337169274042492e-04
1.000105109202316545e+00 -2.567095606619863857e-04
1.000102563710465908e+00 -2.523898364676869436e-04
1.000100061379285421e+00 -2.480779855180613946e-04
1.000097602113570794e+00 -2.437772733364897615e-04
1.000095185786317620e+00 -2.394907954386931294e-04
1.000092812240392925e+00 -2.352214828560074053e-04
1.000090481290153432e+00 -2.309721075401894783e-04
1.000088192723009639e+00 -2.267452876505919698e-04
1.000085946300937945e+00 -2.225434927246005006e-04
1.000083741761941258e+00 -2.183690487322832328e-04
1.000081578821459871e+00 -2.142241430162542763e-04
1.000079457173733921e+00 -2.101108291178025778e-04
1.000077376493117454e+00 -2.060310314903846473e-04
1.000075336435345852e+00 -2.019865501016236502e-04
1.000073336638758636e+00 -1.979790649249988722e-04
1.000071376725477412e+00 -1.940101403224491026e-04
1.000069456302540294e+00 -1.900812293191494291e-04
1.000067574962994366e+00 -1.861936777717553297e-04
1.000065732286947062e+00 -1.823487284314397158e-04
1.000063927842577360e+00 -1.785475249030780715e-04
1.000062161187107668e+00 -1.747911155019635579e-04
1.000060431867737964e+00 -1.710804570094593780e-04
1.000058739422542864e+00 -1.674164183290184908e-04
1.000057083381332701e+00 -1.637997840440210675e-04
1.000055463266478650e+00 -1.602312578788992695e-04
1.000053878593705425e+00 -1.567114660650355750e-04
1.000052328872848673e+00 -1.532409606129354050e-04
1.000050813608582168e+00 -1.498202224921884901e-04
1.000049332301112148e+00 -1.464496647207438277e-04
1.000047884446841895e+00 -1.431296353650333226e-04
1.000046469539006555e+00 -1.398604204524866621e-04
1.000045087068279326e+00 -1.366422467979860704e-04
1.000043736523350102e+00 -1.334752847458147416e-04
1.000042417391476368e+00 -1.303596508286553220e-04
1.000041129159008779e+00 -1.272954103451972815e-04
1.000039871311890316e+00 -1.242825798579113618e-04
1.000038643336132349e+00 -1.213211296125493710e-04
1.000037444718265389e+00 -1.184109858809243964e-04
1.000036274945767412e+00 -1.155520332285236323e-04
1.000035133507470642e+00 -1.127441167085009533e-04
1.000034019893945025e+00 -1.099870439835907114e-04
1.000032933597862161e+00 -1.072805873774773211e-04
1.000031874114339248e+00 -1.046244858571471507e-04
1.000030840941262378e+00 -1.020184469477405074e-04
1.000029833579591854e+00 -9.946214858141155563e-05
1.000028851533649066e+00 -9.695524088169326347e-05
1.000027894311386278e+00 -9.449734788485297777e-05
1.000026961424638650e+00 -9.208806919971169222e-05
1.000026052389360709e+00 -8.972698160738722605e-05
1.000025166725847070e+00 -8.741364060240739483e-05
1.000024303958937377e+00 -8.514758187662491650e-05
1.000023463618207487e+00 -8.292832274735067143e-05
1.000022645238146435e+00 -8.075536353110601055e-05
1.000021848358319199e+00 -7.862818886437880064e-05
1.000021072523517685e+00 -7.654626897275096820e-05
1.000020317283898397e+00 -7.450906088974784821e-05
1.000019582195108780e+00 -7.251600962674233705e-05
1.000018866818401575e+00 -7.056654929522834991e-05
1.000018170720738064e+00 -6.866010418275971937e-05
1.000017493474881558e+00 -6.679608978383196906e-05
1.000016834659480658e+00 -6.497391378696503014e-05
1.000016193859141644e+00 -6.319297701922557437e-05
1.000015570664493314e+00 -6.145267434940823042e-05
1.000014964672242046e+00 -5.975239555107464173e-05
1.000014375485218210e+00 -5.809152612662952370e-05
1.000013802712415689e+00 -5.646944809359256983e-05
1.000013245969021858e+00 -5.488554073420459878e-05
1.000012704876442449e+00 -5.333918130948583593e-05
1.000012179062317541e+00 -5.182974573884371850e-05
1.000011668160532219e+00 -5.035660924630679602e-05
1.000011171811220123e+00 -4.891914697444069864e-05
1.000010689660761676e+00 -4.751673456698137627e-05
1.000010221361775642e+00 -4.614874872120003531e-05
1.000009766573106695e+00 -4.481456771099352591e-05
1.000009324959806545e+00 -4.351357188167320354e-05
1.000008896193111285e+00 -4.224514411740464844e-05
1.000008479950413642e+00 -4.100867028223011476e-05
1.000008075915230998e+00 -3.980353963558500165e-05
1.000007683777169420e+00 -3.862914522319935032e-05
1.000007303231884359e+00 -3.748488424425505607e-05
1.000006933981036905e+00 -3.637015839564933830e-05
1.000006575732247160e+00 -3.528437419419508256e-05
1.000006228199044944e+00 -3.422694327756876676e-05
1.000005891100816724e+00 -3.319728268479705976e-05
1.000005564162750771e+00 -3.219481511705368510e-05
1.000005247115778761e+00 -3.121896917951885058e-05
1.000004939696515827e+00 -3.026917960503442198e-05
1.000004641647198378e+00 -2.934488746026920133e-05
1.000004352715619715e+00 -2.844554033508990673e-05
1.000004072655063858e+00 -2.757059251581509387e-05
1.000003801224237820e+00 -2.671950514301102780e-05
1.000003538187202334e+00 -2.589174635447050903e-05
1.000003283313301239e+00 -2.508679141399798541e-05
1.000003036377089538e+00 -2.430412282660681224e-05
1.000002797158260570e+00 -2.354323044071726374e-05
1.000002565441572289e+00 -2.280361153792701944e-05
1.000002341016772212e+00 -2.208477091090913869e-05
1.000002123678521926e+00 -2.138622092997610416e-05
1.000001913226321371e+00 -2.070748159883245879e-05
1.000001709464432009e+00 -2.004808060002259915e-05
1.000001512201800002e+00 -1.940755333056483144e-05
1.000001321251978936e+00 -1.878544292824740100e-05
1.000001136433052107e+00 -1.818130028904726739e-05
1.000000957567555027e+00 -1.759468407611763563e-05
1.000000784482397709e+00 -1.702516072077586088e-05
1.000000617008786952e+00 -1.647230441590913429e-05
1.000000454982149067e+00 -1.593569710220156126e-05
1.000000298242052388e+00 -1.541492844757264336e-05
1.000000146632129772e+00 -1.490959582020386646e-05
1.000000000000002220e+00 -1.441930425551715685e-05
