1.219512195121951331e-01 3.502892476242219777e-01
1.254598076551006747e-01 3.514283696186243366e-01
1.289797864475676348e-01 3.525673542067949695e-01
1.325111538052945181e-01 3.537060583030128824e-01
1.360539061818664963e-01 3.548443325588278574e-01
1.396080385058003359e-01 3.559820212991817723e-01
1.431735441169987855e-01 3.571189624679853014e-01
1.467504147027034744e-01 3.582549875820839058e-01
1.503386402330258165e-01 3.593899216927637918e-01
1.539382088961278594e-01 3.605235833541237112e-01
1.575491070331187238e-01 3.616557845977771968e-01
1.611713190727281364e-01 3.627863309134635172e-01
1.648048274658139856e-01 3.639150212352368352e-01
1.684496126197587984e-01 3.650416479329786634e-01
1.721056528328069601e-01 3.661659968090391071e-01
1.757729242283934401e-01 3.672878470998636735e-01
1.794514006895132074e-01 3.684069714825043418e-01
1.831410537931800198e-01 3.695231360859470016e-01
1.868418527450222966e-01 3.706361005072171810e-01
1.905537643140638449e-01 3.717456178322489646e-01
1.942767527677372041e-01 3.728514346615220965e-01
1.980107798071771841e-01 3.739532911404884197e-01
2.017558045028428892e-01 3.750509209948222900e-01
2.055117832305163317e-01 3.761440515705406495e-01
2.092786696077270914e-01 3.772324038790476064e-01
2.130564144306520136e-01 3.783156926471650250e-01
2.168449656115407076e-01 3.793936263722175739e-01
2.206442681167172237e-01 3.804659073822430626e-01
2.244542639052099220e-01 3.815322319014040064e-01
2.282748918680617412e-01 3.825922901206773030e-01
2.321060877683740753e-01 3.836457662739000130e-01
2.359477841821381594e-01 3.846923387192505706e-01
2.397999104399089199e-01 3.857316800262430290e-01
2.436623925693765236e-01 3.867634570683113338e-01
2.475351532388920250e-01 3.877873311210590646e-01
2.514181117020042877e-01 3.888029579662468649e-01
2.553111837430655506e-01 3.898099880015877816e-01
2.592142816239644265e-01 3.908080663564160173e-01
2.631273140320452564e-01 3.917968330132912125e-01
2.670501860292731622e-01 3.927759229355961001e-01
2.709827990027056099e-01 3.937449662011795470e-01
2.749250506163304353e-01 3.947035881420918324e-01
2.788768347643323375e-01 3.956514094904537981e-01
2.828380415258484049e-01 3.965880465304941205e-01
2.868085571212752871e-01 3.975131112567829028e-01
2.907882638701896338e-01 3.984262115386829617e-01
2.947770401509443583e-01 3.993269512910321284e-01
2.987747603620025671e-01 4.002149306510625060e-01
3.027812948850722718e-01 4.010897461615545723e-01
3.067965100501035547e-01 4.019509909602154152e-01
3.108202681022104730e-01 4.027982549752618380e-01
3.148524271705799293e-01 4.036311251271799683e-01
3.188928412394287926e-01 4.044491855366240673e-01
3.229413601210703311e-01 4.052520177384067446e-01
3.269978294311510214e-01 4.060392009015248438e-01
3.310620905661174618e-01 4.068103120551527785e-01
3.351339806829725654e-01 4.075649263205277095e-01
3.392133326813799310e-01 4.083026171486379141e-01
3.432999751881736228e-01 4.090229565636174791e-01
3.473937325443299251e-01 4.097255154117377951e-01
3.514944247944565836e-01 4.104098636158770019e-01
3.556018676788534894e-01 4.110755704353368234e-01
3.597158726281978192e-01 4.117222047308655708e-01
3.638362467609047579e-01 4.123493352347344376e-01
3.679627928832134853e-01 4.129565308257042711e-01
3.720953094920466664e-01 4.135433608087075719e-01
3.762335907806895752e-01 4.141093951990600930e-01
3.803774266473330390e-01 4.146542050110056943e-01
3.845266027065227243e-01 4.151773625503857312e-01
3.886809003035549548e-01 4.156784417112150409e-01
3.928400965318566418e-01 4.161570182759345982e-01
3.970039642533851887e-01 4.166126702191004227e-01
4.011722721220815635e-01 4.170449780142583829e-01
4.053447846104067942e-01 4.174535249437436035e-01
4.095212620389901415e-01 4.178378974111333077e-01
4.137014606094135960e-01 4.181976852560725377e-01
4.178851324401557377e-01 4.185324820711813221e-01
4.220720256057133302e-01 4.188418855207448610e-01
4.262618841789178603e-01 4.191254976608766447e-01
4.304544482764595670e-01 4.193829252608383129e-01
4.346494541076290075e-01 4.196137801251904609e-01
4.388466340262831000e-01 4.198176794164412140e-01
4.430457165860386959e-01 4.199942459778520654e-01
4.472464265986934029e-01 4.201431086560540873e-01
4.514484851958702749e-01 4.202639026231204666e-01
4.556516098938789838e-01 4.203562696977361512e-01
4.598555146617827605e-01 4.204198586650995662e-01
4.640599099926561721e-01 4.204543255951874725e-01
4.682645029780161394e-01 4.204593341590087685e-01
4.724689973854037661e-01 4.204345559424705892e-01
4.766730937390911138e-01 4.203796707574762870e-01
4.808764894038838889e-01 4.202943669498730439e-01
4.850788786719859025e-01 4.201783417038655322e-01
4.892799528528886666e-01 4.200313013425102104e-01
4.934794003662444917e-01 4.198529616239056184e-01
4.976769068376785121e-01 4.196430480326936996e-01
5.018721551974907324e-01 4.194012960664889045e-01
5.060648257821952489e-01 4.191274515168531556e-01
5.102545964388404132e-01 4.188212707444380900e-01
5.144411426320498748e-01 4.184825209479184904e-01
5.186241375537201659e-01 4.181109804263456464e-01
5.228032522353073253e-01 4.177064388345536616e-01
5.269781556626315089e-01 4.172686974312573849e-01
5.311485148931246458e-01 4.167975693194875264e-01
5.353139951754423143e-01 4.162928796790142383e-01
5.394742600713586800e-01 4.157544659904196527e-01
5.436289715798591216e-01 4.151821782504870328e-01
5.477777902633413909e-01 4.145758791785841835e-01
5.519203753758350484e-01 4.139354444137284261e-01
5.560563849931432490e-01 4.132607627020303820e-01
5.601854761448095132e-01 4.125517360742260164e-01
5.643073049478094516e-01 4.118082800130169474e-01
5.684215267418637474e-01 4.110303236099527302e-01
5.725277962262661502e-01 4.102178097116009337e-01
5.766257675981194541e-01 4.093706950547645329e-01
5.807150946918671064e-01 4.084889503905210217e-01
5.847954311200088684e-01 4.075725605968711363e-01
5.888664304148850670e-01 4.066215247798013466e-01
5.929277461714128616e-01 4.056358563625791502e-01
5.969790321906559560e-01 4.046155831631165767e-01
6.010199426241072951e-01 4.035607474592536326e-01
6.050501321185642878e-01 4.024714060418304595e-01
6.090692559614725443e-01 4.013476302554335184e-01
6.130769702266155585e-01 4.001895060267193216e-01
6.170729319200249918e-01 3.989971338802362211e-01
6.210567991259861031e-01 3.977706289416827468e-01
6.250282311530132029e-01 3.965101209285596950e-01
6.289868886796684544e-01 3.952157541281903774e-01
6.329324339000972355e-01 3.938876873631021458e-01
6.368645306691547159e-01 3.925260939437809071e-01
6.407828446469966410e-01 3.911311616088280485e-01
6.446870434430087560e-01 3.897030924525682338e-01
6.485767967589503025e-01 3.882421028401740193e-01
6.524517765311863560e-01 3.867484233103915536e-01
6.563116570718857679e-01 3.852222984659702809e-01
6.601561152090628104e-01 3.836639868519160501e-01
6.639848304253403999e-01 3.820737608217057435e-01
6.677974849953167702e-01 3.804519063916181887e-01
6.715937641214159148e-01 3.787987230833529395e-01
6.753733560681068893e-01 3.771145237551258855e-01
6.791359522943771765e-01 3.753996344214456382e-01
6.828812475843483165e-01 3.736543940617919612e-01
6.866089401759234434e-01 3.718791544184312792e-01
6.903187318873599265e-01 3.700742797836205633e-01
6.940103282416623109e-01 3.682401467764641612e-01
6.976834385886926393e-01 3.663771441097028458e-01
7.013377762249002334e-01 3.644856723467266857e-01
7.049730585105733471e-01 3.625661436491169898e-01
7.085890069845207639e-01 3.606189815150336875e-01
7.121853474760925229e-01 3.586446205087764905e-01
7.157618102144536198e-01 3.566435059818587883e-01
7.193181299350274172e-01 3.546160937859428319e-01
7.228540459830292697e-01 3.525628499779949188e-01
7.263693024140142063e-01 3.504842505180270074e-01
7.298636480913668345e-01 3.483807809598001848e-01
7.333368367806643029e-01 3.462529361348710144e-01
7.367886272408480375e-01 3.441012198303702307e-01
7.402187833121440796e-01 3.419261444609068556e-01
7.436270740006741820e-01 3.397282307349975272e-01
7.470132735597058149e-01 3.375080073164236083e-01
7.503771615674920126e-01 3.352660104809229158e-01
7.537185230016563153e-01 3.330027837686254100e-01
7.570371483100828414e-01 3.307188776326436819e-01
7.603328334782745168e-01 3.284148490842306312e-01
7.636053800931477120e-01 3.260912613349170597e-01
7.668545954032344181e-01 3.237486834360416288e-01
7.700802923752686491e-01 3.213876899160843514e-01
7.732822897471371970e-01 3.190088604162135133e-01
7.764604120771778639e-01 3.166127793244529753e-01
7.796144897898151793e-01 3.142000354088740899e-01
7.827443592175238329e-01 3.117712214502125212e-01
7.858498626391176023e-01 3.093269338743061536e-01
7.889308483143635531e-01 3.068677723847444416e-01
7.919871705149246210e-01 3.043943395961153375e-01
7.950186895516402341e-01 3.019072406682282717e-01
7.980252717981548560e-01 2.994070829416858315e-01
8.010067897109107715e-01 2.968944755751692921e-01
8.039631218455238759e-01 2.943700291847953787e-01
8.068941528695646737e-01 2.918343554858933708e-01
8.097997735717706869e-01 2.892880669375427205e-01
8.126798808677194730e-01 2.867317763902030858e-01
8.155343778019945589e-01 2.841660967367578006e-01
8.183631735468802626e-01 2.815916405672835854e-01
8.211661833976242608e-01 2.790090198278474820e-01
8.239433287643093129e-01 2.764188454836225550e-01
8.266945371603787729e-01 2.738217271866028035e-01
8.294197421878639620e-01 2.712182729481866228e-01
8.321188835193618072e-01 2.686090888168866098e-01
8.347919068768174800e-01 2.659947785614127924e-01
8.374387640071644379e-01 2.633759433593640398e-01
8.400594126548814877e-01 2.607531814917506408e-01
8.426538165315241580e-01 2.581270880435600490e-01
8.452219452822935519e-01 2.554982546105644681e-01
8.477637744497049654e-01 2.528672690125579603e-01
8.502792854344214390e-01 2.502347150131987163e-01
8.527684654533199682e-01 2.476011720466192445e-01
8.552313074948580951e-01 2.449672149509558861e-01
8.576678102718108265e-01 2.423334137089373785e-01
8.600779781714495975e-01 2.397003331956591710e-01
8.624618212032347797e-01 2.370685329336595371e-01
8.648193549440967853e-01 2.344385668554010149e-01
8.671506004813787083e-01 2.318109830732497378e-01
8.694555843535166639e-01 2.291863236570332307e-01
8.717343384885342106e-01 2.265651244192463665e-01
8.739869001404272364e-01 2.239479147079640187e-01
8.762133118235162499e-01 2.213352172075081503e-01
8.784136212448451220e-01 2.187275477469061147e-01
8.805878812347026630e-01 2.161254151161671189e-01
8.827361496753464154e-01 2.135293208903931983e-01
8.848584894280070445e-01 2.109397592617311412e-01
8.869549682582511529e-01 2.083572168791625323e-01
8.890256587597811233e-01 2.057821726961195641e-01
8.910706382767502598e-01 2.032150978259050500e-01
8.930899888246708329e-01 2.006564554048866633e-01
8.950837970099934093e-01 1.981067004634266271e-01
8.970521539484329621e-01 1.955662798045005313e-01
8.989951551821202536e-01 1.930356318899503487e-01
9.009129005956532099e-01 1.905151867343100047e-01
9.028054943311245584e-01 1.880053658061343058e-01
9.046730447021991139e-01 1.855065819367553992e-01
9.065156641073165433e-01 1.830192392363841347e-01
9.083334689420905494e-01 1.805437330174680943e-01
9.101265795109779733e-01 1.780804497252117535e-01
9.118951199382887562e-01 1.756297668751590213e-01
9.136392180786057082e-01 1.731920529977330203e-01
9.153590054266851350e-01 1.707676675896235008e-01
9.170546170269041619e-01 1.683569610719074516e-01
9.187261913823231430e-01 1.659602747547843649e-01
9.203738703634272156e-01 1.635779408088038900e-01
9.219977991166130593e-01 1.612102822424600068e-01
9.235981259724818093e-01 1.588576128860222647e-01
9.251750023540020740e-01 1.565202373814724712e-01
9.267285826846010099e-01 1.541984511784115774e-01
9.282590242962449611e-01 1.518925405357999803e-01
9.297664873375652839e-01 1.496027825293919089e-01
9.312511346820866454e-01 1.473294450647228970e-01
9.327131318366124191e-01 1.450727868955077604e-01
9.341526468498204672e-01 1.428330576473053337e-01
9.355698502211213796e-01 1.406104978463048882e-01
9.369649148098293523e-01 1.384053389530887357e-01
9.383380157446952197e-01 1.362178034012246075e-01
9.396893303338489378e-01 1.340481046405412324e-01
9.410190379751972589e-01 1.318964471849403963e-01
9.423273200673221162e-01 1.297630266645987407e-01
9.436143599209221300e-01 1.276480298824127502e-01
9.448803426708388686e-01 1.255516348745412680e-01
9.461254551887091635e-01 1.234740109748997533e-01
9.473498859962806717e-01 1.214153188834619368e-01
9.485538251794294329e-01 1.193757107382251437e-01
9.497374643029148356e-01 1.173553301906967716e-01
9.509009963259059672e-01 1.153543124847604961e-01
9.520446155183135417e-01 1.133727845387822730e-01
9.531685173779581577e-01 1.114108650308176796e-01
9.542728985486054194e-01 1.094686644867835928e-01
9.553579567388976734e-01 1.075462853714590356e-01
9.564238906422084519e-01 1.056438221821818652e-01
9.574708998574475993e-01 1.037613615451095789e-01
9.584991848108410650e-01 1.018989823139147960e-01
9.595089466787087851e-01 1.000567556707878808e-01
9.605003873112643031e-01 9.823474522962118149e-02
9.614737091574563355e-01 9.643300714125163653e-02
9.624291151908724862e-01 9.465159020064074780e-02
9.633668088367240978e-01 9.289053595587293266e-02
9.642869938999293344e-01 9.114987881885593113e-02
9.651898744943120390e-01 8.942964617760891521e-02
9.660756549729301312e-01 8.772985851002657043e-02
9.669445398595489793e-01 8.605052949900951487e-02
9.677967337812726223e-01 8.439166614885421080e-02
9.686324414023441687e-01 8.275326890279748049e-02
9.694518673591275837e-01 8.113533176161345783e-02
9.702552161962800792e-01 7.953784240316312537e-02
9.710426923041242109e-01 7.796078230279897270e-02
9.718144998572281201e-01 7.640412685452968589e-02
9.725708427542006929e-01 7.486784549285231682e-02
9.733119245587080748e-01 7.335190181516160202e-02
9.740379484417166500e-01 7.185625370464852890e-02
9.747491171249673680e-01 7.038085345360262091e-02
9.754456328256846387e-01 6.892564788703473000e-02
9.761276972025224596e-01 6.749057848653938763e-02
9.767955113027504410e-01 6.607558151431805471e-02
9.774492755106803932e-01 6.468058813728694290e-02
9.780891894973340328e-01 6.330552455119518862e-02
9.787154521713516964e-01 6.195031210468140981e-02
9.793282616311409505e-01 6.061486742319879134e-02
9.799278151182635455e-01 5.929910253274109366e-02
9.805143089720584904e-01 5.800292498330389401e-02
9.810879385854979207e-01 5.672623797201752777e-02
9.816488983622726483e-01 5.546894046589025129e-02
9.821973816751026209e-01 5.423092732410203509e-02
9.827335808252681826e-01 5.301208941979144995e-02
9.832576870033561400e-01 5.181231376127989896e-02
9.837698902512151955e-01 5.063148361267945374e-02
9.842703794251143057e-01 4.946947861383233641e-02
9.847593421600965291e-01 4.832617489953185824e-02
9.852369648355214782e-01 4.720144521797644405e-02
9.857034325417882714e-01 4.609515904841011980e-02
9.861589290482306591e-01 4.500718271790445091e-02
9.866036367721755518e-01 4.393737951723867413e-02
9.870377367491552922e-01 4.288560981583638271e-02
9.874614086042651229e-01 4.185173117571863027e-02
9.878748305246544126e-01 4.083559846443499119e-02
9.882781792331422066e-01 3.983706396693560692e-02
9.886716299629461080e-01 3.885597749634870507e-02
9.890553564335131664e-01 3.789218650362960461e-02
9.894295308274417833e-01 3.694553618604861506e-02
9.897943237684821982e-01 3.601586959448666719e-02
9.901499043006039003e-01 3.510302773950890742e-02
9.904964398681177506e-01 3.420684969618775773e-02
9.908340962968399390e-01 3.332717270764841422e-02
9.911630377762846722e-01 3.246383228731090920e-02
9.914834268428729391e-01 3.161666231980418684e-02
9.917954243641433631e-01 3.078549516052896465e-02
9.920991895239521519e-01 2.997016173384723856e-02
9.923948798086478229e-01 2.917049162987762553e-02
9.926826509942070498e-01 2.838631319987679896e-02
9.929626571343166397e-01 2.761745365018854551e-02
9.932350505493883208e-01 2.686373913474299907e-02
9.934999818164910179e-01 2.612499484608981487e-02
9.937575997601859612e-01 2.540104510495006657e-02
9.940080514442499737e-01 2.469171344827279097e-02
9.942514821642718381e-01 2.399682271578311432e-02
9.944880354411063106e-01 2.331619513500997332e-02
9.947178530151710163e-01 2.264965240478243255e-02
9.949410748415705719e-01 2.199701577718462045e-02
9.951578390860321699e-01 2.135810613796030807e-02
9.953682821216380816e-01 2.073274408535909913e-02
9.955725385263382021e-01 2.012075000741717773e-02
9.957707410812278725e-01 1.952194415766649038e-02
9.959630207695747695e-01 1.893614672926715800e-02
9.961495067765792077e-01 1.836317792755884706e-02
9.963303264898522027e-01 1.780285804102768252e-02
9.965056055005950819e-01 1.725500751068621136e-02
9.966754676054651041e-01 1.671944699786475155e-02
9.968400348091108754e-01 1.619599745041332486e-02
9.969994273273620200e-01 1.568448016731421174e-02
9.971537635910567854e-01 1.518471686170598696e-02
9.973031602504923709e-01 1.469652972232069095e-02
9.974477321804812169e-01 1.421974147333658796e-02
9.975875924859983757e-01 1.375417543264974285e-02
9.977228525084030908e-01 1.329965556856841161e-02
9.978536218322203721e-01 1.285600655493497786e-02
9.979800082924648041e-01 1.242305382468091891e-02
9.981021179824932643e-01 1.200062362182098726e-02
9.982200552623688994e-01 1.158854305189350488e-02
9.983339227677221484e-01 1.118664013085436323e-02
9.984438214190932692e-01 1.079474383243298266e-02
9.985498504317400492e-01 1.041268413395915644e-02
9.986521073258969317e-01 1.004029206067033955e-02
9.987506879374692392e-01 9.677399728509580509e-03
9.988456864291478388e-01 9.323840385424903704e-03
9.989371953019297035e-01 8.979448451181544499e-03
9.990253054070288297e-01 8.644059555699024067e-03
9.991101059581634081e-01 8.317510575925623345e-03
9.991916845442045947e-01 7.999639671263356760e-03
9.992701271421718934e-01 7.690286317557087567e-03
9.993455181305618273e-01 7.389291339661934084e-03
9.994179403029949116e-01 7.096496942603639987e-03
9.994874748821673816e-01 6.811746741347042382e-03
9.995542015340936892e-01 6.534885789188252768e-03
9.996181983826262218e-01 6.265760604786621384e-03
9.996795420242381436e-01 6.004219197852978668e-03
9.997383075430571475e-01 5.750111093511077812e-03
9.997945685261357962e-01 5.503287355349561344e-03
9.998483970789461273e-01 5.263600607182147666e-03
9.998998638410853124e-01 5.030905053534122894e-03
9.999490380021798241e-01 4.805056498873551234e-03
9.999959873179762315e-01 4.585912365605964922e-03
1.000040778126604968e+00 4.373331710851607879e-03
1.000083475365007191e+00 4.167175242024598672e-03
1.000124142585509412e+00 3.967305331233672398e-03
1.000162841972539018e+00 3.773586028524414816e-03
1.000199634359463907e+00 3.585883073983158788e-03
1.000234579245549815e+00 3.404063908722933848e-03
1.000267734813020004e+00 3.227997684772083899e-03
1.000299157944209760e+00 3.057555273886355864e-03
1.000328904238803496e+00 2.892609275305445520e-03
1.000357028031143791e+00 2.733034022475153754e-03
1.000383582407602834e+00 2.578705588756444785e-03
1.000408619224006035e+00 2.429501792142834543e-03
1.000432189123098281e+00 2.285302199007650109e-03
1.000454341552041715e+00 2.145988126902796580e-03
1.000475124779938385e+00 2.011442646430751813e-03
1.000494585915365775e+00 1.881550582211574153e-03
1.000512770923918326e+00 1.756198512966758527e-03
1.000529724645745633e+00 1.635274770741812966e-03
1.000545490813077754e+00 1.518669439289446234e-03
1.000560112067730989e+00 1.406274351635261165e-03
1.000573629978585011e+00 1.297983086847839850e-03
1.000586085059024466e+00 1.193690966035084030e-03
1.000597516784335284e+00 1.093295047588632024e-03
1.000607963609051465e+00 9.966941216981244599e-04
1.000617462984242145e+00 9.037887041570249937e-04
1.000626051374734260e+00 8.144810294816200906e-04
1.000633764276262161e+00 7.286750433647343553e-04
1.000640636232539293e+00 6.462763944855890418e-04
1.000646700852244164e+00 5.671924256971170968e-04
1.000651990825915938e+00 4.913321646119162521e-04
1.000656537942752333e+00 4.186063136078832839e-04
1.000660373107304491e+00 3.489272392744174065e-04
1.000663526356065036e+00 2.822089613199198731e-04
1.000666026873940684e+00 2.183671409611408903e-04
1.000667903010607818e+00 1.573190688147407194e-04
1.000669182296743731e+00 9.898365231123822561e-05
1.000669891460129968e+00 4.328140265131437110e-05
1.000670056441622657e+00 -9.865578675773926248e-06
1.000669702410986961e+00 -6.053361379213782767e-05
1.000668853782588963e+00 -1.087974627302568169e-04
1.000667534230943900e+00 -1.547303381119735633e-04
1.000665766706115622e+00 -1.984039201886682552e-04
1.000663573448963062e+00 -2.398883722240522851e-04
1.000660976006232161e+00 -2.792523562012827866e-04
1.000657995245489040e+00 -3.165630488363675786e-04
1.000654651369890846e+00 -3.518861578801056210e-04
1.000650963932793625e+00 -3.852859386910883685e-04
1.000646951852191213e+00 -4.168252110625739475e-04
1.000642633424986494e+00 -4.465653762863384642e-04
1.000638026341090336e+00 -4.745664344369045782e-04
1.000633147697345793e+00 -5.008870018598498295e-04
1.000628014011277767e+00 -5.255843288482016547e-04
1.000622641234663934e+00 -5.487143174912371361e-04
1.000617044766927588e+00 -5.703315396803161543e-04
1.000611239468347957e+00 -5.904892552566955860e-04
1.000605239673090230e+00 -6.092394302865887208e-04
1.000599059202051500e+00 -6.266327554490577073e-04
1.000592711375521748e+00 -6.427186645226491690e-04
1.000586209025660311e+00 -6.575453529570099128e-04
1.000579564508786046e+00 -6.711597965160466441e-04
1.000572789717480982e+00 -6.836077699795210360e-04
1.000565896092505680e+00 -6.949338658903034781e-04
1.000558894634528517e+00 -7.051815133348366977e-04
1.000551795915666009e+00 -7.143929967446918834e-04
1.000544610090835063e+00 -7.226094747074310581e-04
1.000537346908917602e+00 -7.298709987753187198e-04
1.000530015723736899e+00 -7.362165322607578614e-04
1.000522625504846275e+00 -7.416839690076517137e-04
1.000515184848129513e+00 -7.463101521282238925e-04
1.000507701986215414e+00 -7.501308926951547789e-04
1.000500184798704062e+00 -7.531809883792187424e-04
1.000492640822208790e+00 -7.554942420229291506e-04
1.000485077260211630e+00 -7.571034801410224998e-04
1.000477500992734026e+00 -7.580405713389301321e-04
1.000469918585824569e+00 -7.583364446407057360e-04
1.000462336300863786e+00 -7.580211077181900521e-04
1.000454760103686391e+00 -7.571236650135075401e-04
1.000447195673523693e+00 -7.556723357472981120e-04
1.000439648411766580e+00 -7.536944718053935387e-04
1.000432123450549771e+00 -7.512165754969505217e-04
1.000424625661158862e+00 -7.482643171773523116e-04
1.000417159662263078e+00 -7.448625527294853348e-04
1.000409729827972827e+00 -7.410353408972901283e-04
1.000402340295725168e+00 -7.368059604657736360e-04
1.000394994973998086e+00 -7.321969272819528907e-04
1.000387697549855348e+00 -7.272300111114812435e-04
1.000380451496324152e+00 -7.219262523259819533e-04
1.000373260079605808e+00 -7.163059784163870606e-04
1.000366126366123209e+00 -7.103888203278439046e-04
1.000359053229404882e+00 -7.041937286120138065e-04
1.000352043356809384e+00 -6.977389893928465613e-04
1.000345099256090275e+00 -6.910422401421629926e-04
1.000338223261804771e+00 -6.841204852616293575e-04
1.000331417541567181e+00 -6.769901114679467789e-04
1.000324684102149586e+00 -6.696669029783174120e-04
1.000318024795431970e+00 -6.621660564934825832e-04
1.000311441324203354e+00 -6.545021959758530071e-04
1.000304935247815941e+00 -6.466893872204762658e-04
1.000298507987694929e+00 -6.387411522168015164e-04
1.000292160832705335e+00 -6.306704832994135691e-04
1.000285894944379361e+00 -6.224898570861164306e-04
1.000279711362003887e+00 -6.142112482019451399e-04
1.000273611007573615e+00 -6.058461427878837841e-04
1.000267594690608330e+00 -5.974055517932551481e-04
1.000261663112840038e+00 -5.889000240509351287e-04
1.000255816872769321e+00 -5.803396591347240435e-04
1.000250056470094462e+00 -5.717341199983829326e-04
1.000244382310015334e+00 -5.630926453960100270e-04
1.000238794707414502e+00 -5.544240620836007145e-04
1.000233293890916864e+00 -5.457367968017894869e-04
1.000227880006830938e+00 -5.370388880399295595e-04
1.000222553122973590e+00 -5.283379975818118957e-04
1.000217313232379723e+00 -5.196414218334709798e-04
1.000212160256900962e+00 -5.109561029336623719e-04
1.000207094050693080e+00 -5.022886396477302222e-04
1.000202114403596854e+00 -4.936452980457120467e-04
1.000197221044412110e+00 -4.850320219656513443e-04
1.000192413644068301e+00 -4.764544432632065920e-04
1.000187691818694713e+00 -4.679178918487602473e-04
1.000183055132590093e+00 -4.594274055133387735e-04
1.000178503101095684e+00 -4.509877395447603617e-04
1.000174035193373223e+00 -4.426033761355254673e-04
1.000169650835089241e+00 -4.342785335840610144e-04
1.000165349411009430e+00 -4.260171752910190020e-04
1.000161130267503307e+00 -4.178230185524168193e-04
1.000156992714962056e+00 -4.096995431514874049e-04
1.000152936030131334e+00 -4.016499997511857167e-04
1.000148959458361686e+00 -3.936774180893699740e-04
1.000145062215777703e+00 -3.857846149787458974e-04
1.000141243491367460e+00 -3.779742021137262511e-04
1.000137502448996019e+00 -3.702485936864199001e-04
1.000133838229342986e+00 -3.626100138140201583e-04
1.000130249951767025e+00 -3.550605037799168498e-04
1.000126736716098641e+00 -3.476019290909044797e-04
1.000123297604363470e+00 -3.402359863529056403e-04
1.000119931682437402e+00 -3.329642099676706837e-04
1.000116638001636415e+00 -3.257879786529530725e-04
1.000113415600240918e+00 -3.187085217886953797e-04
1.000110263504958574e+00 -3.117269255917931689e-04
1.000107180732325407e+00 -3.048441391220320070e-04
1.000104166290048502e+00 -2.980609801218194279e-04
1.000101219178290091e+00 -2.913781406923555127e-04
1.000098338390897013e+00 -2.847961928089058061e-04
1.000095522916573998e+00 -2.783155936778569368e-04
1.000092771740006325e+00 -2.719366909382495059e-04
1.000090083842929412e+00 -2.656597277104938187e-04
1.000087458205149549e+00 -2.594848474949829216e-04
1.000084893805516240e+00 -2.534120989233238025e-04
1.000082389622847900e+00 -2.474414403649107604e-04
1.000079944636812046e+00 -2.415727443915674131e-04
1.000077557828760844e+00 -2.358058021029815917e-04
1.000075228182525811e+00 -2.301403273156557691e-04
1.000072954685169657e+00 -2.245759606180894655e-04
1.000070736327699050e+00 -2.191122732949035928e-04
1.000068572105738074e+00 -2.137487711226072429e-04
1.000066461020165498e+00 -2.084848980396967967e-04
1.000064402077714965e+00 -2.033200396937643597e-04
1.000062394291540979e+00 -1.982535268682782408e-04
1.000060436681750486e+00 -1.932846387916820952e-04
1.000058528275902914e+00 -1.884126063314418397e-04
1.000056668109477354e+00 -1.836366150756505561e-04
1.000054855226311323e+00 -1.789558083047808118e-04
1.000053088679009328e+00 -1.743692898561524911e-04
1.000051367529322555e+00 -1.698761268836610600e-04
1.000049690848503703e+00 -1.654753525152868963e-04
1.000048057717632943e+00 -1.611659684108810060e-04
1.000046467227921232e+00 -1.569469472226962597e-04
1.000044918480988088e+00 -1.528172349611059075e-04
1.000043410589116721e+00 -1.487757532679224277e-04
1.000041942675486739e+00 -1.448214015997011410e-04
1.000040513874384862e+00 -1.409530593233828256e-04
1.000039123331396551e+00 -1.371695877265987804e-04
1.000037770203576759e+00 -1.334698319449305001e-04
1.000036453659601809e+00 -1.298526228083840377e-04
1.000035172879904177e+00 -1.263167786093064384e-04
1.000033927056788841e+00 -1.228611067939388332e-04
1.000032715394533867e+00 -1.194844055797664910e-04
1.000031537109474788e+00 -1.161854655007927921e-04
1.000030391430074106e+00 -1.129630708828291159e-04
1.000029277596976129e+00 -1.098160012508581887e-04
1.000028194863048281e+00 -1.067430326704931734e-04
1.000027142493409293e+00 -1.037429390255196517e-04
1.000026119765444754e+00 -1.008144932334719291e-04
1.000025125968811546e+00 -9.795646840115973238e-05
1.000024160405429408e+00 -9.516763892202519625e-05
1.000023222389463617e+00 -9.244678151717445019e-05
1.000022311247296347e+00 -8.979267622189210450e-05
1.000021426317488915e+00 -8.720410731941088630e-05
1.000020566950735157e+00 -8.467986422367285669e-05
1.000019732509805248e+00 -8.221874231278282063e-05
1.000018922369482866e+00 -7.981954371481853234e-05
1.000018135916493023e+00 -7.748107804762680495e-05
1.000017372549424799e+00 -7.520216311419904381e-05
1.000016631678644963e+00 -7.298162555518429725e-05
1.000015912726207601e+00 -7.081830146006270826e-05
1.000015215125756196e+00 -6.871103693846746213e-05
1.000014538322420599e+00 -6.665868865310825033e-05
1.000013881772709334e+00 -6.466012431571521398e-05
1.000013244944396362e+00 -6.271422314738771687e-05
1.000012627316404501e+00 -6.081987630469878930e-05
1.000012028378683526e+00 -5.897598727287218259e-05
1.000011447632085160e+00 -5.718147222731597356e-05
1.000010884588234505e+00 -5.543526036476369162e-05
1.000010338769398377e+00 -5.373629420524134089e-05
1.000009809708350517e+00 -5.208352986604676641e-05
1.000009296948234594e+00 -5.047593730889583650e-05
1.000008800042424539e+00 -4.891250056135878317e-05
1.000008318554382658e+00 -4.739221791367904778e-05
1.000007852057516411e+00 -4.591410209203643862e-05
1.000007400135033198e+00 -4.447718040928658466e-05
1.000006962379793807e+00 -4.308049489417878640e-05
1.000006538394164757e+00 -4.172310240002553866e-05
1.000006127789869526e+00 -4.040407469376805852e-05
1.000005730187838671e+00 -3.912249852635417939e-05
1.000005345218060615e+00 -3.787747568531712160e-05
1.000004972519430435e+00 -3.666812303041644329e-05
1.000004611739599092e+00 -3.549357251317569566e-05
1.000004262534822441e+00 -3.435297118112516347e-05
1.000003924569810465e+00 -3.324548116753211244e-05
1.000003597517576726e+00 -3.217027966737578379e-05
1.000003281059287374e+00 -3.112655890029967078e-05
1.000002974884111495e+00 -3.011352606124913543e-05
1.000002678689071889e+00 -2.913040325947879541e-05
1.000002392178895638e+00 -2.817642744659074614e-05
1.000002115065866448e+00 -2.725085033424188115e-05
1.000001847069677652e+00 -2.635293830213632059e-05
1.000001587917285883e+00 -2.548197229689708711e-05
1.000001337342765861e+00 -2.463724772238990482e-05
1.000001095087166281e+00 -2.381807432205113929e-05
1.000000860898367705e+00 -2.302377605375158839e-05
1.000000634530940014e+00 -2.225369095770794863e-05
1.000000415746003180e+00 -2.150717101793442885e-05
1.000000204311088270e+00 -2.078358201770809396e-05
1.000000000000000000e+00 -2.008230338950308367e-05
