4.761904761904763028e-02 4.240280773333920394e-01
5.186698632060987579e-02 4.255596475243103582e-01
5.613023994236299163e-02 4.270910288707048252e-01
6.040880559580367321e-02 4.286220188405193698e-01
6.470267829088817424e-02 4.301523996044035458e-01
6.901185078172171472e-02 4.316819377914999367e-01
7.333631341040462714e-02 4.332103843561441736e-01
7.767605394992013745e-02 4.347374745142661978e-01
8.203105744662789189e-02 4.362629277250031357e-01
8.640130606273510594e-02 4.377864477027064716e-01
9.078677891900036045e-02 4.393077224502890399e-01
9.518745193785337066e-02 4.408264243083713230e-01
9.960329768707068543e-02 4.423422100168769022e-01
1.040342852241208926e-01 4.438547207871122446e-01
1.084803799412783765e-01 4.453635823832567397e-01
1.129415434115966510e-01 4.468684052127645523e-01
1.174177332358297687e-01 4.483687844255567767e-01
1.219089028903899696e-01 4.498643000221276833e-01
1.264150015764321511e-01 4.513545169708493288e-01
1.309359740701588892e-01 4.528389853348608884e-01
1.354717605744442110e-01 4.543172404089938499e-01
1.400222965718787294e-01 4.557888028672223979e-01
1.445875126793441656e-01 4.572531789211483066e-01
1.491673345042298648e-01 4.587098604900377019e-01
1.537616825024097911e-01 4.601583253829255038e-01
1.583704718381028498e-01 4.615980374932971420e-01
1.629936122457451564e-01 4.630284470068442571e-01
1.676310078940071169e-01 4.644489906227763920e-01
1.722825572520934045e-01 4.658590917891531347e-01
1.769481529584681634e-01 4.672581609526807456e-01
1.816276816921524317e-01 4.686455958233953223e-01
1.863210240467442491e-01 4.700207816546323469e-01
1.910280544073167108e-01 4.713830915386563181e-01
1.957486408303519276e-01 4.727318867182995765e-01
2.004826449268727884e-01 4.740665169149308467e-01
2.052299217489373939e-01 4.753863206730463697e-01
2.099903196796634453e-01 4.766906257217463638e-01
2.147636803269529493e-01 4.779787493533284026e-01
2.195498384210892717e-01 4.792499988191976090e-01
2.243486217163804530e-01 4.805036717432593640e-01
2.291598508970246195e-01 4.817390565529264257e-01
2.339833394873738204e-01 4.829554329278358260e-01
2.388188937667738432e-01 4.841520722663342768e-01
2.436663126891579212e-01 4.853282381697526238e-01
2.485253878075719403e-01 4.864831869444507517e-01
2.533959032038088366e-01 4.876161681215736010e-01
2.582776354233286553e-01 4.887264249944180960e-01
2.631703534156397684e-01 4.898131951732682121e-01
2.680738184803149737e-01 4.908757111575124399e-01
2.729877842188143111e-01 4.919132009248131099e-01
2.779119964922837083e-01 4.929248885370536848e-01
2.828461933854956034e-01 4.939099947627429432e-01
2.877901051770944685e-01 4.948677377155104584e-01
2.927434543163059955e-01 4.957973335082802580e-01
2.977059554062644886e-01 4.966979969226631986e-01
3.026773151941082318e-01 4.975689420930612950e-01
3.076572325679872710e-01 4.984093832049304451e-01
3.126453985611218345e-01 4.992185352065997561e-01
3.176414963630443955e-01 4.999956145340002100e-01
3.226452013381503892e-01 5.007398398476067269e-01
3.276561810516765427e-01 5.014504327808529949e-01
3.326740953032174541e-01 5.021266186992318081e-01
3.376985961678830028e-01 5.027676274692479685e-01
3.427293280451911284e-01 5.033726942363485612e-01
3.477659277157807427e-01 5.039410602109093418e-01
3.528080244060210480e-01 5.044719734613171136e-01
3.578552398605828189e-01 5.049646897131444545e-01
3.629071884230274936e-01 5.054184731533760688e-01
3.679634771244597036e-01 5.058325972386069624e-01
3.730237057802766043e-01 5.062063455060986650e-01
3.780874670950373218e-01 5.065390123865437522e-01
3.831543467754640608e-01 5.068299040173596115e-01
3.882239236515732106e-01 5.070783390553013081e-01
3.932957698059244556e-01 5.072836494871575397e-01
3.983694507109619698e-01 5.074451814372691327e-01
4.034445253744093352e-01 5.075622959705869963e-01
4.085205464926675023e-01 5.076343698899690171e-01
4.135970606121515125e-01 5.076607965263990607e-01
4.186736082984882090e-01 5.076409865207970329e-01
4.237497243134847325e-01 5.075743685960825147e-01
4.288249377997631617e-01 5.074603903181440501e-01
4.338987724729436724e-01 5.072985188443666082e-01
4.389707468212453167e-01 5.070882416583687435e-01
4.440403743123595426e-01 5.068290672896044180e-01
4.491071636074384088e-01 5.065205260164935552e-01
4.541706187820264140e-01 5.061621705517540537e-01
4.592302395537509740e-01 5.057535767086258627e-01
4.642855215165742067e-01 5.052943440466931557e-01
4.693359563813959134e-01 5.047840964960343957e-01
4.743810322227841048e-01 5.042224829584551760e-01
4.794202337315985329e-01 5.036091778845881439e-01
4.844530424732593210e-01 5.029438818256769528e-01
4.894789371514022269e-01 5.022263219588981586e-01
4.944973938766503152e-01 5.014562525851132824e-01
4.995078864402204832e-01 5.006334555979892187e-01
5.045098865920741860e-01 4.997577409234685852e-01
5.095028643233100452e-01 4.988289469286234512e-01
5.144862881524888687e-01 4.978469407989781215e-01
5.194596254155697812e-01 4.968116188834414970e-01
5.244223425591308940e-01 4.957229070060495402e-01
5.293739054365381724e-01 4.945807607437778253e-01
5.343137796067199963e-01 4.933851656697491594e-01
5.392414306351982489e-01 4.921361375612258171e-01
5.441563243970207742e-01 4.908337225718453767e-01
5.490579273812355998e-01 4.894779973676268714e-01
5.539457069965423308e-01 4.880690692263479069e-01
5.588191318777525618e-01 4.866070760999643419e-01
5.636776721926889389e-01 4.850921866398192339e-01
5.685207999491495023e-01 4.835246001844634156e-01
5.733479893015623885e-01 4.819045467099847824e-01
5.781587168569567448e-01 4.802322867428213682e-01
5.829524619798738261e-01 4.785081112351092791e-01
5.877287070958455706e-01 4.767323414026937156e-01
5.924869379930663982e-01 4.749053285260080304e-01
5.972266441218901933e-01 4.730274537141027080e-01
6.019473188917843220e-01 4.710991276321806476e-01
6.066484599653780840e-01 4.691207901930715130e-01
6.113295695492484416e-01 4.670929102131498034e-01
6.159901546810885309e-01 4.650159850332757361e-01
6.206297275129144531e-01 4.628905401054064783e-01
6.252478055899685083e-01 4.607171285455965437e-01
6.298439121249881367e-01 4.584963306541710026e-01
6.344175762675161589e-01 4.562287534039215497e-01
6.389683333679361255e-01 4.539150298972369213e-01
6.434957252359284618e-01 4.515558187931389411e-01
6.479993003930504258e-01 4.491518037052532053e-01
6.524786143191547705e-01 4.467036925717964291e-01
6.569332296923732217e-01 4.442122169987143265e-01
6.613627166224022025e-01 4.416781315771515226e-01
6.657666528768396708e-01 4.391022131764792391e-01
6.701446241003353732e-01 4.364852602141477966e-01
6.744962240263293607e-01 4.338280919036684447e-01
6.788210546811662693e-01 4.311315474820631155e-01
6.831187265803874142e-01 4.283964854181505078e-01
6.873888589170152885e-01 4.256237826030639382e-01
6.916310797416608258e-01 4.228143335244187728e-01
6.958450261342962184e-01 4.199690494255664541e-01
7.000303443675518489e-01 4.170888574513868519e-01
7.041866900614098812e-01 4.141746997820826559e-01
7.083137283291821573e-01 4.112275327564463012e-01
7.124111339146739219e-01 4.082483259860744118e-01
7.164785913204507750e-01 4.052380614620043620e-01
7.205157949271402407e-01 4.021977326552440557e-01
7.245224491037142167e-01 3.991283436126589756e-01
7.284982683087130040e-01 3.960309080496698386e-01
7.324429771823864899e-01 3.929064484411998737e-01
7.363563106297420502e-01 3.897559951122939736e-01
7.402380138945026111e-01 3.865805853298101558e-01
7.440878426239929677e-01 3.833812623965615618e-01
7.479055629249852233e-01 3.801590747492595845e-01
7.516909514105484247e-01 3.769150750615791745e-01
7.554437952379596810e-01 3.736503193536362399e-01
7.591638921377472649e-01 3.703658661091310256e-01
7.628510504339488518e-01 3.670627754013759958e-01
7.665050890556791563e-01 3.637421080293855025e-01
7.701258375401136558e-01 3.604049246651654381e-01
7.737131360270056435e-01 3.570522850132961667e-01
7.772668352448651730e-01 3.536852469838582258e-01
7.807867964889378953e-01 3.503048658797037196e-01
7.842728915911326704e-01 3.469121935990282513e-01
7.877250028820549366e-01 3.435082778541497794e-01
7.911430231453124851e-01 3.400941614073507147e-01
7.945268555642688302e-01 3.366708813245888332e-01
7.978764136614252545e-01 3.332394682478307946e-01
8.011916212306232632e-01 3.298009456867109224e-01
8.044724122622622930e-01 3.263563293301645074e-01
8.077187308617364003e-01 3.229066263786335433e-01
8.109305311612983180e-01 3.194528348973892928e-01
8.141077772255639333e-01 3.159959431914641237e-01
8.172504429508764545e-01 3.125369292026332624e-01
8.203585119587519792e-01 3.090767599288343770e-01
8.234319774836331707e-01 3.056163908663626638e-01
8.264708422551795275e-01 3.021567654751279308e-01
8.294751183753269475e-01 2.986988146672105437e-01
8.324448271903499563e-01 2.952434563189043626e-01
8.353799991581627449e-01 2.917915948063867226e-01
8.382806737110947148e-01 2.883441205651084416e-01
8.411468991143794538e-01 2.849019096729519251e-01
8.439787323205938385e-01 2.814658234571605355e-01
8.467762388202851875e-01 2.780367081249993655e-01
8.495394924890233845e-01 2.746153944180665940e-01
8.522685754311140061e-01 2.712026972901337984e-01
8.549635778202064884e-01 2.677994156083555732e-01
8.576245977370307028e-01 2.644063318776519456e-01
8.602517410044921986e-01 2.610242119880311074e-01
8.628451210203544886e-01 2.576538049845874534e-01
8.654048585877329725e-01 2.542958428598767751e-01
8.679310817436236558e-01 2.509510403683416491e-01
8.704239255856847102e-01 2.476200948624301679e-01
8.728835320974860368e-01 2.443036861500257340e-01
8.753100499724377759e-01 2.410024763727799391e-01
8.777036344366055953e-01 2.377171099049175951e-01
8.800644470706138200e-01 2.344482132720616119e-01
8.823926556308351321e-01 2.311963950896055997e-01
8.846884338700599093e-01 2.279622460201441436e-01
8.869519613578327188e-01 2.247463387494544607e-01
8.891834233006395971e-01 2.215492279805083564e-01
8.913830103621229739e-01 2.183714504449806304e-01
8.935509184834973251e-01 2.152135249317086441e-01
8.956873487043315318e-01 2.120759523315475792e-01
8.977925069838595951e-01 2.089592156980585314e-01
8.998666040229748031e-01 2.058637803234585895e-01
9.019098550870575659e-01 2.027900938292579169e-01
9.039224798297806895e-01 1.997385862710038540e-01
9.059047021180299808e-01 1.967096702565502286e-01
9.078567498580726314e-01 1.937037410772682322e-01
9.097788548231005024e-01 1.907211768516153816e-01
9.116712524822679908e-01 1.877623386804802286e-01
9.135341818313398310e-01 1.848275708137225304e-01
9.153678852250581865e-01 1.819172008273320928e-01
9.171726082113318412e-01 1.790315398106337441e-01
9.189485993673450759e-01 1.761708825629713093e-01
9.206961101376788248e-01 1.733355077993095905e-01
9.224153946745301536e-01 1.705256783642004337e-01
9.241067096801103276e-01 1.677416414535669309e-01
9.257703142512984096e-01 1.649836288437682708e-01
9.274064697266191093e-01 1.622518571274174093e-01
9.290154395356106098e-01 1.595465279554331151e-01
9.305974890506421016e-01 1.568678282848192107e-01
9.321528854412350906e-01 1.542159306316740197e-01
9.336818975309399971e-01 1.515909933289456002e-01
9.351847956568110076e-01 1.489931607884593945e-01
9.366618515315210391e-01 1.464225637667579127e-01
9.381133381081524503e-01 1.438793196343045311e-01
9.395395294476948100e-01 1.413635326476164189e-01
9.409407005892762577e-01 1.388752942239052657e-01
9.423171274231529893e-01 1.364146832178172453e-01
9.436690865664745242e-01 1.339817661998780607e-01
9.449968552418400725e-01 1.315765977362621242e-01
9.463007111586583253e-01 1.291992206695190271e-01
9.475809323973173326e-01 1.268496663999042484e-01
9.488377972961696827e-01 1.245279551669751239e-01
9.500715843413330974e-01 1.222340963311268902e-01
9.512825720593052203e-01 1.199680886547576236e-01
9.524710389123867138e-01 1.177299205827645745e-01
9.536372631969051161e-01 1.155195705220882774e-01
9.547815229442276896e-01 1.133370071200343471e-01
9.559040958245508257e-01 1.111821895411163191e-01
9.570052590534492420e-01 1.090550677421763259e-01
9.580852893011667648e-01 1.069555827455532515e-01
9.591444626046281563e-01 1.048836669100813301e-01
9.601830542821493397e-01 1.028392441997143941e-01
9.612013388508211520e-01 1.008222304495838689e-01
9.621995899465398683e-01 9.883253362931039565e-02
9.631780802466566316e-01 9.687005410340136791e-02
9.641370813952157004e-01 9.493468488857793874e-02
9.650768639307496510e-01 9.302631190788664128e-02
9.659976972165996711e-01 9.114481424146184119e-02
9.668998493737253064e-01 8.929006437381600825e-02
9.677835872159701314e-01 8.746192843754524437e-02
9.686491761877459306e-01 8.566026645334774703e-02
9.694968803040977523e-01 8.388493256626257388e-02
9.703269620931125328e-01 8.213577527804585832e-02
9.711396825406319877e-01 8.041263767561049325e-02
9.719353010372295820e-01 7.871535765546448793e-02
9.727140753274116092e-01 7.704376814409144569e-02
9.734762614610021902e-01 7.539769731422504839e-02
9.742221137466694492e-01 7.377696879697720478e-02
9.749518847075527850e-01 7.218140188978705574e-02
9.756658250389483866e-01 7.061081176016528738e-02
9.763641835680109127e-01 6.906500964521512798e-02
9.770472072154294807e-01 6.754380304691791348e-02
9.777151409590351117e-01 6.604699592317744838e-02
9.783682277992977738e-01 6.457438887462327304e-02
9.790067087266697277e-01 6.312577932717866602e-02
9.796308226907337602e-01 6.170096171040448385e-02
9.802408065711138985e-01 6.029972763163496396e-02
9.808368951501059696e-01 5.892186604592650895e-02
9.814193210869877060e-01 5.756716342184477891e-02
9.819883148939653195e-01 5.623540390311965176e-02
9.825441049137161320e-01 5.492636946620158694e-02
9.830869172984869619e-01 5.363984007375650204e-02
9.836169759907068544e-01 5.237559382413967818e-02
9.841345027050746319e-01 5.113340709689238178e-02
9.846397169120819637e-01 4.991305469430772079e-02
9.851328358229326509e-01 4.871430997911494615e-02
9.856140743758190492e-01 4.753694500833386544e-02
9.860836452235187677e-01 4.638073066335315908e-02
9.865417587222732321e-01 4.524543677628844324e-02
9.869886229219114737e-01 4.413083225267766529e-02
9.874244435571825074e-01 4.303668519057302772e-02
9.878494240402615478e-01 4.196276299609003058e-02
9.882637654543934280e-01 4.090883249547540290e-02
9.886676665486404669e-01 3.987466004375670586e-02
9.890613237336992603e-01 3.886001163003737630e-02
9.894449310787539753e-01 3.786465297950149245e-02
9.898186803093340647e-01 3.688834965219326550e-02
9.901827608061434249e-01 3.593086713863657966e-02
9.905373596048303586e-01 3.499197095236015326e-02
9.908826613966676966e-01 3.407142671939410172e-02
9.912188485301127727e-01 3.316900026480361363e-02
9.915461010132183839e-01 3.228445769632543039e-02
9.918645965168660927e-01 3.141756548517251474e-02
9.921745103787930065e-01 3.056809054407202964e-02
9.924760156083862750e-01 2.973580030260133261e-02
9.927692828922168866e-01 2.892046277988616354e-02
9.930544806002882252e-01 2.812184665472463110e-02
9.933317747929727437e-01 2.733972133319991990e-02
9.936013292286126619e-01 2.657385701384391147e-02
9.938633053717601529e-01 2.582402475041312845e-02
9.941178624020341470e-01 2.508999651233749864e-02
9.943651572235694402e-01 2.437154524290155097e-02
9.946053444750371231e-01 2.366844491521669785e-02
9.948385765402135705e-01 2.298047058604220719e-02
9.950650035590774545e-01 2.230739844751145409e-02
9.952847734394134616e-01 2.164900587681892544e-02
9.954980318689032881e-01 2.100507148392235374e-02
9.957049223276832617e-01 2.037537515731322260e-02
9.959055861013510480e-01 1.975969810790770623e-02
9.961001622944015699e-01 1.915782291110892585e-02
9.962887878440749301e-01 1.856953354709022994e-02
9.964715975345980192e-01 1.799461543934800095e-02
9.966487240118037105e-01 1.743285549157128078e-02
9.968202977981099888e-01 1.688404212287426820e-02
9.969864473078442479e-01 1.634796530143659693e-02
9.971472988628951040e-01 1.582441657659503301e-02
9.973029767086785125e-01 1.531318910942907480e-02
9.974536030304017586e-01 1.481407770188170742e-02
9.975992979696119978e-01 1.432687882445543050e-02
9.977401796410142465e-01 1.385139064252246220e-02
9.978763641495462799e-01 1.338741304128692952e-02
9.980079656076961125e-01 1.293474764943564753e-02
9.981350961530497390e-01 1.249319786151306157e-02
9.982578659660565901e-01 1.206256885905475362e-02
9.983763832879997135e-01 1.164266763051290815e-02
9.984907544391600220e-01 1.123330299000603778e-02
9.986010838371617293e-01 1.083428559492428771e-02
9.987074740154885388e-01 1.044542796242060347e-02
9.988100256421589274e-01 1.006654448481710852e-02
9.989088375385508645e-01 9.697451443955083794e-03
9.990040066983641998e-01 9.337967024516027198e-03
9.990956283067116139e-01 8.987911326340391679e-03
9.991837957593274755e-01 8.647106375769738132e-03
9.992686006818858324e-01 8.315376136037227681e-03
9.993501329494173246e-01 7.992546516730567735e-03
9.994284807058163578e-01 7.678445382350762918e-03
9.995037303834291009e-01 7.372902559989298610e-03
9.995759667227145373e-01 7.075749846145654512e-03
9.996452727919687975e-01 6.786821012706398606e-03
9.997117300071056700e-01 6.505951812106432718e-03
9.997754181514846294e-01 6.232979981692368492e-03
9.998364153957782774e-01 5.967745247307405451e-03
9.998947983178724241e-01 5.710089326116530271e-03
9.999506419227899290e-01 5.459855928690310854e-03
1.000004019662632526e+00 5.216890760365071322e-03
1.000055003456531866e+00 4.981041521896723175e-03
1.000103663710604662e+00 4.752157909425105443e-03
1.000150069337903291e+00 4.530091613765223520e-03
1.000194287778355839e+00 4.314696319041401613e-03
1.000236385018690610e+00 4.105827700679950086e-03
1.000276425612335762e+00 3.903343422775614954e-03
1.000314472699290302e+00 3.707103134846719949e-03
1.000350588025959775e+00 3.516968467993605765e-03
1.000384831964950871e+00 3.332803030474664526e-03
1.000417263534817636e+00 3.154472402713994709e-03
1.000447940419756376e+00 2.981844131754442847e-03
1.000476918989241959e+00 2.814787725169552463e-03
1.000504254317600150e+00 2.653174644447712539e-03
1.000530000203511793e+00 2.496878297861596183e-03
1.000554209189442600e+00 2.345774032835775888e-03
1.000576932580994560e+00 2.199739127825224398e-03
1.000598220466174082e+00 2.058652783717239768e-03
1.000618121734570876e+00 1.922396114769180748e-03
1.000636684096444684e+00 1.790852139094244481e-03
1.000653954101714316e+00 1.663905768707396159e-03
1.000669977158844981e+00 1.541443799143423724e-03
1.000684797553630156e+00 1.423354898658980936e-03
1.000698458467863095e+00 1.309529597030372654e-03
1.000711001997894201e+00 1.199860273958734463e-03
1.000722469173070506e+00 1.094241147094163810e-03
1.000732899974054346e+00 9.925682596902743720e-04
1.000742333351015700e+00 8.947394679005590910e-04
1.000750807241696405e+00 8.006544277278683508e-04
1.000758358589341812e+00 7.102145816382385768e-04
1.000765023360497219e+00 6.233231448502302889e-04
1.000770836562665744e+00 5.398850913108681942e-04
1.000775832261823872e+00 4.598071393692091096e-04
1.000780043599792890e+00 3.829977371584973762e-04
1.000783502811462444e+00 3.093670476978031261e-04
1.000786241241863772e+00 2.388269337239763994e-04
1.000788289363089500e+00 1.712909422646857055e-04
1.000789676791059124e+00 1.066742889632465215e-04
1.000790432302125499e+00 4.489384216588037291e-05
1.000790583849521020e+00 -1.413189321801923350e-05
1.000790158579641931e+00 -7.048279207210496062e-05
1.000789182848168091e+00 -1.242371256353366846e-04
1.000787682236015108e+00 -1.754715782599148741e-04
1.000785681565119045e+00 -2.242612643545875500e-04
1.000783204914050595e+00 -2.706797455031070701e-04
1.000780275633456284e+00 -3.147990477476906679e-04
1.000776916361327817e+00 -3.566896790274185890e-04
1.000773149038094667e+00 -3.964206467615872956e-04
1.000768994921540811e+00 -4.340594755681211102e-04
1.000764474601543830e+00 -4.696722251072362082e-04
1.000759608014634816e+00 -5.033235080406429397e-04
1.000754414458377983e+00 -5.350765080966705294e-04
1.000748912605569085e+00 -5.649929982317959979e-04
1.000743120518252205e+00 -5.931333588791652374e-04
1.000737055661553576e+00 -6.195565962748004248e-04
1.000730734917331555e+00 -6.443203608522981131e-04
1.000724174597641847e+00 -6.674809656969384573e-04
1.000717390458019329e+00 -6.890934050502430181e-04
1.000710397710573130e+00 -7.092113728561406667e-04
1.000703211036897189e+00 -7.278872813400265578e-04
1.000695844600794526e+00 -7.451722796121284815e-04
1.000688312060814766e+00 -7.611162722867250091e-04
1.000680626582606036e+00 -7.757679381088985202e-04
1.000672800851081234e+00 -7.891747485806419353e-04
1.000664847082396669e+00 -8.013829865782823997e-04
1.000656777035745515e+00 -8.124377649533282746e-04
1.000648602024965195e+00 -8.223830451089956303e-04
1.000640332929958687e+00 -8.312616555448187547e-04
1.000631980207931981e+00 -8.391153103619054246e-04
1.000623553904444574e+00 -8.459846277215518585e-04
1.000615063664277660e+00 -8.519091482500910006e-04
1.000606518742117368e+00 -8.569273533830092191e-04
1.000597928013055027e+00 -8.610766836415284856e-04
1.000589299982905578e+00 -8.643935568350166569e-04
1.000580642798344133e+00 -8.669133861827541497e-04
1.000571964256860902e+00 -8.686705983487556229e-04
1.000563271816537814e+00 -8.696986513835117116e-04
1.000554572605644621e+00 -8.700300525666910612e-04
1.000545873432058475e+00 -8.696963761450121535e-04
1.000537180792505865e+00 -8.687282809596684344e-04
1.000528500881628480e+00 -8.671555279578661065e-04
1.000519839600875649e+00 -8.650069975832069911e-04
1.000511202567222702e+00 -8.623107070398245040e-04
1.000502595121718130e+00 -8.590938274253579485e-04
1.000494022337858446e+00 -8.553827007280249929e-04
1.000485489029796060e+00 -8.512028566832286012e-04
1.000476999760377295e+00 -8.465790294853115178e-04
1.000468558849015421e+00 -8.415351743502450963e-04
1.000460170379397828e+00 -8.360944839252177230e-04
1.000451838207030431e+00 -8.302794045412590631e-04
1.000443565966620207e+00 -8.241116523052138430e-04
1.000435357079298315e+00 -8.176122290275496425e-04
1.000427214759682881e+00 -8.108014379826565358e-04
1.000419142022787256e+00 -8.036988994984675064e-04
1.000411141690771943e+00 -7.963235663723975885e-04
1.000403216399543549e+00 -7.886937391107690402e-04
1.000395368605202062e+00 -7.808270809890560616e-04
1.000387600590339154e+00 -7.727406329304483453e-04
1.000379914470187259e+00 -7.644508282003961361e-04
1.000372312198624325e+00 -7.559735069149606983e-04
1.000364795574033128e+00 -7.473239303609545501e-04
1.000357366245018476e+00 -7.385167951260131420e-04
1.000350025715984748e+00 -7.295662470368943732e-04
1.000342775352574431e+00 -7.204858949044572712e-04
1.000335616386970772e+00 -7.112888240739198044e-04
1.000328549923064969e+00 -7.019876097791463926e-04
1.000321576941491486e+00 -6.925943302998595558e-04
1.000314698304532790e+00 -6.831205799208144459e-04
1.000307914760895089e+00 -6.735774816921163890e-04
1.000301226950357725e+00 -6.639756999899974147e-04
1.000294635408298438e+00 -6.543254528775043584e-04
1.000288140570094964e+00 -6.446365242646833957e-04
1.000281742775406713e+00 -6.349182758679736962e-04
1.000275442272338111e+00 -6.251796589686513597e-04
1.000269239221484252e+00 -6.154292259702861222e-04
1.000263133699863527e+00 -6.056751417552956162e-04
1.000257125704736350e+00 -5.959251948407965705e-04
1.000251215157314189e+00 -5.861868083340700773e-04
1.000245401906359577e+00 -5.764670506880656105e-04
1.000239685731679762e+00 -5.667726462574783049e-04
1.000234066347515549e+00 -5.571099856560385267e-04
1.000228543405828008e+00 -5.474851359157530519e-04
1.000223116499484144e+00 -5.379038504489380007e-04
1.000217785165344209e+00 -5.283715788139752923e-04
1.000212548887252195e+00 -5.188934762858200085e-04
1.000207407098931744e+00 -5.094744132323716012e-04
1.000202359186788792e+00 -5.001189842979096968e-04
1.000197404492623843e+00 -4.908315173948759160e-04
1.000192542316255429e+00 -4.816160825053640636e-04
1.000187771918055635e+00 -4.724765002937547686e-04
1.000183092521401695e+00 -4.634163505320054634e-04
1.000178503315042988e+00 -4.544389803391753863e-04
1.000174003455387428e+00 -4.455475122368319119e-04
1.000169592068707480e+00 -4.367448520220485408e-04
1.000165268253269568e+00 -4.280336964597642900e-04
1.000161031081385987e+00 -4.194165407963331002e-04
1.000156879601393545e+00 -4.108956860961453261e-04
1.000152812839559591e+00 -4.024732464032550389e-04
1.000148829801916772e+00 -3.941511557299958216e-04
1.000144929476029176e+00 -3.859311748746131645e-04
1.000141110832691638e+00 -3.778148980699847230e-04
1.000137372827561766e+00 -3.698037594655395393e-04
1.000133714402730467e+00 -3.618990394445245227e-04
1.000130134488227185e+00 -3.541018707788023121e-04
1.000126632003467186e+00 -3.464132446233946254e-04
1.000123205858637787e+00 -3.388340163530169109e-04
1.000119854956027510e+00 -3.313649112428750554e-04
1.000116578191299732e+00 -3.240065299960206502e-04
1.000113374454711046e+00 -3.167593541195825148e-04
1.000110242632277435e+00 -3.096237511522118013e-04
1.000107181606887607e+00 -3.025999797450957293e-04
1.000104190259367920e+00 -2.956881945989093120e-04
1.000101267469497346e+00 -2.888884512590873376e-04
1.000098412116975810e+00 -2.822007107718099272e-04
1.000095623082346341e+00 -2.756248442031025269e-04
1.000092899247872591e+00 -2.691606370234585644e-04
1.000090239498374167e+00 -2.628077933603966852e-04
1.000087642722018666e+00 -2.565659401213671960e-04
1.000085107811073959e+00 -2.504346309894232630e-04
1.000082633662621179e+00 -2.444133502940708420e-04
1.000080219179229069e+00 -2.385015167597081978e-04
1.000077863269592360e+00 -2.326984871340621332e-04
1.000075564849133070e+00 -2.270035596990204829e-04
1.000073322840568713e+00 -2.214159776662535169e-04
1.000071136174446318e+00 -2.159349324600072755e-04
1.000069003789644251e+00 -2.105595668894406371e-04
1.000066924633843168e+00 -2.052889782128662632e-04
1.000064897663966557e+00 -2.001222210962415814e-04
1.000062921846592179e+00 -1.950583104682409479e-04
1.000060996158335769e+00 -1.900962242742246298e-04
1.000059119586207412e+00 -1.852349061314020038e-04
1.000057291127941950e+00 -1.804732678874688588e-04
1.000055509792304065e+00 -1.758101920849785779e-04
1.000053774599369838e+00 -1.712445343336866743e-04
1.000052084580784317e+00 -1.667751255930865779e-04
1.000050438779997108e+00 -1.624007743673322641e-04
1.000048836252476203e+00 -1.581202688147200332e-04
1.000047276065901158e+00 -1.539323787738774594e-04
1.000045757300336735e+00 -1.498358577087830846e-04
1.000044279048386997e+00 -1.458294445747144606e-04
1.000042840415331646e+00 -1.419118656071961001e-04
1.000041440519244373e+00 -1.380818360359921122e-04
1.000040078491094775e+00 -1.343380617261607092e-04
1.000038753474833841e+00 -1.306792407481600145e-04
1.000037464627464789e+00 -1.271040648789657876e-04
1.000036211119098573e+00 -1.236112210361331963e-04
1.000034992132995404e+00 -1.201993926467053163e-04
1.000033806865593178e+00 -1.168672609528412356e-04
1.000032654526523235e+00 -1.136135062560067319e-04
1.000031534338613470e+00 -1.104368091015403081e-04
1.000030445537880341e+00 -1.073358514053766763e-04
1.000029387373510215e+00 -1.043093175246791643e-04
1.000028359107828946e+00 -1.013558952741014976e-04
1.000027360016263245e+00 -9.847427688936826492e-05
1.000026389387291381e+00 -9.566315993983242380e-05
1.000025446522385675e+00 -9.292124819163666283e-05
1.000024530735946326e+00 -9.024725242307424223e-05
1.000023641355227699e+00 -8.763989119371353104e-05
1.000022777720256162e+00 -8.509789156881916771e-05
1.000021939183742603e+00 -8.261998980057135543e-05
1.000021125110986286e+00 -8.020493196755363317e-05
1.000020334879774486e+00 -7.785147457394831936e-05
1.000019567880274574e+00 -7.555838510984749193e-05
1.000018823514922106e+00 -7.332444257405688860e-05
1.000018101198303144e+00 -7.114843796073884582e-05
1.000017400357031683e+00 -6.902917471121007770e-05
1.000016720429623307e+00 -6.696546913217969776e-05
1.000016060866364853e+00 -6.495615078168239344e-05
1.000015421129179627e+00 -6.300006282393199675e-05
1.000014800691489958e+00 -6.109606235429086501e-05
1.000014199038076423e+00 -5.924302069552091459e-05
1.000013615664933964e+00 -5.743982366645310021e-05
1.000013050079125776e+00 -5.568537182418325891e-05
1.000012501798635212e+00 -5.397858068087350652e-05
1.000011970352214563e+00 -5.231838089621027987e-05
1.000011455279232964e+00 -5.070371844654210510e-05
1.000010956129522954e+00 -4.913355477169260648e-05
1.000010472463224831e+00 -4.760686690041707018e-05
1.000010003850629881e+00 -4.612264755544397588e-05
1.000009549872023618e+00 -4.467990523901646104e-05
1.000009110117527245e+00 -4.327766429982258086e-05
1.000008684186938890e+00 -4.191496498217741571e-05
1.000008271689574846e+00 -4.059086345829492483e-05
1.000007872244109919e+00 -3.930443184446237923e-05
1.000007485478418001e+00 -3.805475820190575833e-05
1.000007111029412643e+00 -3.684094652311039827e-05
1.000006748542887847e+00 -3.566211670433750357e-05
1.000006397673359526e+00 -3.451740450505383042e-05
1.000006058083906746e+00 -3.340596149496906782e-05
1.000005729446014069e+00 -3.232695498935297972e-05
1.000005411439414793e+00 -3.127956797328247711e-05
1.000005103751933966e+00 -3.026299901544706749e-05
1.000004806079333619e+00 -2.927646217212023842e-05
1.000004518125158004e+00 -2.831918688188341302e-05
1.000004239600581046e+00 -2.739041785166901035e-05
1.000003970224253136e+00 -2.648941493466926210e-05
1.000003709722151468e+00 -2.561545300063800256e-05
1.000003457827429720e+00 -2.476782179909376341e-05
1.000003214280270392e+00 -2.394582581591388383e-05
1.000002978827738032e+00 -2.314878412379126036e-05
1.000002751223634023e+00 -2.237603022700769889e-05
1.000002531228353586e+00 -2.162691190096050398e-05
1.000002318608743224e+00 -2.090079102686211534e-05
1.000002113137960835e+00 -2.019704342201618944e-05
1.000001914595337160e+00 -1.951505866605745713e-05
1.000001722766239221e+00 -1.885423992352706278e-05
1.000001537441935096e+00 -1.821400376313994827e-05
1.000001358419460917e+00 -1.759377997408593107e-05
1.000001185501489642e+00 -1.699301137969179686e-05
1.000001018496201821e+00 -1.641115364875763634e-05
1.000000857217157479e+00 -1.584767510486706211e-05
1.000000701483171106e+00 -1.530205653395763361e-05
1.000000551118187753e+00 -1.477379099042497129e-05
1.000000405951161797e+00 -1.426238360202153797e-05
1.000000265815936151e+00 -1.376735137379886239e-05
1.000000130551125688e+00 -1.328822299133025747e-05
1.000000000000000444e+00 -1.282453862343961838e-05
