0.0 0.4696 0.0
2.0 0.4746 0.1765
3.0 0.4810 0.2589
3.10 0.4803 0.2471
3.20 0.4810 0.2528
3.30 0.4818 0.2583
3.40 0.4825 0.2635
3.50 0.4833 0.2685
3.60 0.4841 0.2733
3.70 0.4850 0.2779
3.80 0.4858 0.2823
3.90 0.4867 0.2866
4.00 0.4876 0.2907
4.10 0.4885 0.2946
4.20 0.4894 0.2984
4.30 0.4904 0.3020
4.40 0.4914 0.3056
4.50 0.4924 0.3090
4.60 0.4934 0.3123
4.70 0.4944 0.3155
4.80 0.4955 0.3186
4.90 0.4965 0.3217
5.00 0.4976 0.3246
5.10 0.4987 0.3274
5.20 0.4998 0.3302
5.30 0.5010 0.3329
5.40 0.5021 0.3356
5.50 0.5033 0.3382
5.60 0.5045 0.3407
5.70 0.5057 0.3432
5.80 0.5069 0.3456
5.90 0.5081 0.3480
6.00 0.5094 0.3503
6.10 0.5106 0.3526
6.20 0.5119 0.3548
6.30 0.5132 0.3570
6.40 0.5145 0.3592
6.50 0.5158 0.3613
6.60 0.5171 0.3634
6.70 0.5185 0.3655
6.80 0.5198 0.3676
6.90 0.5212 0.3696
7.00 0.5225 0.3716
7.10 0.5239 0.3735
7.20 0.5253 0.3755
7.30 0.5267 0.3774
7.40 0.5281 0.3793
7.50 0.5295 0.3812
7.60 0.5309 0.3831
7.70 0.5324 0.3849
7.80 0.5338 0.3867
7.90 0.5353 0.3886
8.00 0.5367 0.3904
8.10 0.5382 0.3921
8.20 0.5397 0.3939
8.30 0.5411 0.3957
8.40 0.5426 0.3974
8.50 0.5441 0.3992
8.60 0.5456 0.4009
8.70 0.5471 0.4026
8.80 0.5486 0.4043
8.90 0.5502 0.4060
9.00 0.5517 0.4077
9.10 0.5532 0.4093
9.20 0.5547 0.4110
9.30 0.5563 0.4127
9.40 0.5578 0.4143
9.50 0.5593 0.4159
9.5250 0.5597 0.4164
9.5500 0.5601 0.4168
9.5750 0.5605 0.4172
9.6000 0.5609 0.4176
9.6250 0.5613 0.4180
9.6500 0.5617 0.4184
9.6750 0.5621 0.4188
9.7000 0.5624 0.4192
9.7250 0.5628 0.4196
9.7500 0.5632 0.4200
9.7750 0.5636 0.4204
9.8000 0.5640 0.4208
9.8250 0.5644 0.4212
9.8500 0.5648 0.4216
9.8750 0.5652 0.4220
9.9000 0.5656 0.4224
9.9250 0.5660 0.4228
9.9500 0.5663 0.4232
9.9750 0.5667 0.4236
10.0000 0.5671 0.4240
10.0250 0.5675 0.4244
10.0500 0.5679 0.4248
10.0750 0.5683 0.4252
10.1000 0.5687 0.4256
10.1250 0.5691 0.4260
10.1500 0.5695 0.4264
10.1750 0.5699 0.4268
10.2000 0.5703 0.4272
10.2250 0.5707 0.4276
10.2500 0.5711 0.4280
10.2750 0.5714 0.4284
10.3000 0.5718 0.4288
10.3250 0.5722 0.4292
10.3500 0.5726 0.4296
10.3750 0.5730 0.4300
10.4000 0.5734 0.4304
10.4250 0.5738 0.4308
10.4500 0.5742 0.4312
10.4750 0.5746 0.4316
10.5000 0.5750 0.4319
10.5250 0.5754 0.4323
10.5500 0.5758 0.4327
10.5750 0.5762 0.4331
10.6000 0.5766 0.4335
10.6250 0.5770 0.4339
10.6500 0.5774 0.4343
10.6750 0.5778 0.4347
10.7000 0.5782 0.4351
10.7250 0.5786 0.4355
10.7500 0.5790 0.4359
10.7750 0.5793 0.4362
10.8000 0.5797 0.4366
10.8250 0.5801 0.4370
10.8500 0.5805 0.4374
10.8750 0.5809 0.4378
10.9000 0.5813 0.4382
10.9250 0.5817 0.4386
10.9500 0.5821 0.4390
10.9750 0.5825 0.4393
11.0000 0.5829 0.4397
11.0250 0.5833 0.4401
11.0500 0.5837 0.4405
11.0750 0.5841 0.4409
11.1000 0.5845 0.4413
11.1250 0.5849 0.4416
11.1500 0.5853 0.4420
11.1750 0.5857 0.4424
11.2000 0.5861 0.4428
11.2250 0.5865 0.4432
11.2500 0.5869 0.4436
