1.000000000000000000e+00
1.012150378432229214e+00
1.024186641924145880e+00
1.036108784043007658e+00
1.047916794315216560e+00
1.059610658440635289e+00
1.071190358508856910e+00
1.082655873217443609e+00
1.094007178092145427e+00
1.105244245709111617e+00
1.116367045919082202e+00
1.127375546073558832e+00
1.138269711252936744e+00
1.149049504496574947e+00
1.159714887034783093e+00
1.170265818522687518e+00
1.180702257275944023e+00
1.191024160508250107e+00
1.201231484570616681e+00
1.211324185192339087e+00
1.221302217723619021e+00
1.231165537379772301e+00
1.240914099486957634e+00
1.250547859729360223e+00
1.260066774397753608e+00
1.269470800639364683e+00
1.278759896708958843e+00
1.287934022221062014e+00
1.296993138403229606e+00
1.305937208350266943e+00
1.314766197279309878e+00
1.323480072785660377e+00
1.332078805099275787e+00
1.340562367341803007e+00
1.348930735784047652e+00
1.357183890103762725e+00
1.365321813643638249e+00
1.373344493669374389e+00
1.381251921627706825e+00
1.389044093404264490e+00
1.396721009581120443e+00
1.404282675693912630e+00
1.411729102488383791e+00
1.419060306176215036e+00
1.426276308690000327e+00
1.433377137937220658e+00
1.440362828053069588e+00
1.447233419651978714e+00
1.453988960077692516e+00
1.460629503651735384e+00
1.467155111920111832e+00
1.473565853898086475e+00
1.479861806312875228e+00
1.486043053844091411e+00
1.492109689361774016e+00
1.498061814161842253e+00
1.503899538198798513e+00
1.509622980315517227e+00
1.515232268469948851e+00
1.520727539958566021e+00
1.526108941636381555e+00
1.531376630133367334e+00
1.536530772067102646e+00
1.541571544251474135e+00
1.546499133901260814e+00
1.551313738832429845e+00
1.556015567657970333e+00
1.560604839979094827e+00
1.565081786571636879e+00
1.569446649567478813e+00
1.573699682630835817e+00
1.577841151129234731e+00
1.581871332299021216e+00
1.585790515405228085e+00
1.589599001895652730e+00
1.593297105548973303e+00
1.596885152616756454e+00
1.600363481959202305e+00
1.603732445174468779e+00
1.606992406721438948e+00
1.610143744035776869e+00
1.613186847639142218e+00
1.616122121241417631e+00
1.618949981835825280e+00
1.621670859786796592e+00
1.624285198910478734e+00
1.626793456547757533e+00
1.629196103629679593e+00
1.631493624735168790e+00
1.633686518140935018e+00
1.635775295863473255e+00
1.637760483693065261e+00
1.639642621219695506e+00
1.641422261850806086e+00
1.643099972820808663e+00
1.644676335192295946e+00
1.646151943848885635e+00
1.647527407479646877e+00
1.648803348555062165e+00
1.649980403294482922e+00
1.651059221625047702e+00
1.652040467132040780e+00
1.652924817000668067e+00
1.653712961949244331e+00
1.654405606153785735e+00
1.655003467164020137e+00
1.655507275810815582e+00
1.655917776105061634e+00
1.656235725128021530e+00
1.656461892913198231e+00
1.656597062319753899e+00
1.656642028897540975e+00
1.656597600743798804e+00
1.656464598351590878e+00
1.656243854450051067e+00
1.655936213836533888e+00
1.655542533200746291e+00
1.655063680940978887e+00
1.654500536972524749e+00
1.653853992528418804e+00
1.653124949952607281e+00
1.652314322485687104e+00
1.651423034043344895e+00
1.650452018987647262e+00
1.649402221891330456e+00
1.648274597295250832e+00
1.647070109459158438e+00
1.645789732105970238e+00
1.644434448159719286e+00
1.643005249477363705e+00
1.641503136574652633e+00
1.639929118346239001e+00
1.638284211780243194e+00
1.636569441667481639e+00
1.634785840305566396e+00
1.632934447198095551e+00
1.631016308749160704e+00
1.629032477953395341e+00
1.626984014081793273e+00
1.624871982363540912e+00
1.622697453664092127e+00
1.620461504159733002e+00
1.618165215008883662e+00
1.615809672020378063e+00
1.613395965318979108e+00
1.610925189008378222e+00
1.608398440831933618e+00
1.605816821831403285e+00
1.603181436003928484e+00
1.600493389957533097e+00
1.597753792565384634e+00
1.594963754619084018e+00
1.592124388481245933e+00
1.589236807737618662e+00
1.586302126849011174e+00
1.583321460803277292e+00
1.580295924767615379e+00
1.577226633741441342e+00
1.574114702210080985e+00
1.570961243799537721e+00
1.567767370932581228e+00
1.564534194486403296e+00
1.561262823452082227e+00
1.557954364596098706e+00
1.554609922124135624e+00
1.551230597347393214e+00
1.547817488351656223e+00
1.544371689669323811e+00
1.540894291954638007e+00
1.537386381662309898e+00
1.533849040729768021e+00
1.530283346263224153e+00
1.526690370227765658e+00
1.523071179141661347e+00
1.519426833775072261e+00
1.515758388853358785e+00
1.512066892765146164e+00
1.508353387275338742e+00
1.504618907243231885e+00
1.500864480345890817e+00
1.497091126806948225e+00
1.493299859130961416e+00
1.489491681843476023e+00
1.485667591236922380e+00
1.481828575122477787e+00
1.477975612588010801e+00
1.474109673762215689e+00
1.470231719585053387e+00
1.466342701584587793e+00
1.462443561660315972e+00
1.458535231873072657e+00
1.454618634241588548e+00
1.450694680545776993e+00
1.446764272136807250e+00
1.442828299754025156e+00
1.438887643348770062e+00
1.434943171915134652e+00
1.430995743327698078e+00
1.427046204186269929e+00
1.423095389667663024e+00
1.419144123384513456e+00
1.415193217251160984e+00
1.411243471356588230e+00
1.407295673844421113e+00
1.403350600799981862e+00
1.399409016144375739e+00
1.395471671535599256e+00
1.391539306276633026e+00
1.387612647230497487e+00
1.383692408742224655e+00
1.379779292567716364e+00
1.375873987809423049e+00
1.371977170858807105e+00
1.368089505345517320e+00
1.364211642093230203e+00
1.360344219082066042e+00
1.356487861417531970e+00
1.352643181305900999e+00
1.348810778035946623e+00
1.344991237966956854e+00
1.341185134522933975e+00
1.337393028192884525e+00
1.333615466537113603e+00
1.329852984199414223e+00
1.326106102925055374e+00
1.322375331584465963e+00
1.318661166202500734e+00
1.314964089993184926e+00
1.311284573399814191e+00
1.307623074140308095e+00
1.303980037257692182e+00
1.300355895175588694e+00
1.296751067758596720e+00
1.293165962377445632e+00
1.289600973978779486e+00
1.286056485159476459e+00
1.282532866245341685e+00
1.279030475374078213e+00
1.275549658582385115e+00
1.272090749897069717e+00
1.268654071430027175e+00
1.265239933476978162e+00
1.261848634619816112e+00
1.258480461832446107e+00
1.255135690589975983e+00
1.251814584981138179e+00
1.248517397823804442e+00
1.245244370783470389e+00
1.241995734494577341e+00
1.238771708684542450e+00
1.235572502300370523e+00
1.232398313637723231e+00
1.229249330472316659e+00
1.226125730193520003e+00
1.223027679940039469e+00
1.219955336737556628e+00
1.216908847638203728e+00
1.213888349861757421e+00
1.210893970938429653e+00
1.207925828853140926e+00
1.204984032191156462e+00
1.202068680284979596e+00
1.199179863362385134e+00
1.196317662695479234e+00
1.193482150750686976e+00
1.190673391339554632e+00
1.187891439770262236e+00
1.185136342999747239e+00
1.182408139786338852e+00
1.179706860842799188e+00
1.177032528989687021e+00
1.174385159308932947e+00
1.171764759297554193e+00
1.169171329021398975e+00
1.166604861268853321e+00
1.164065341704406231e+00
1.161552749022007003e+00
1.159067055098119248e+00
1.156608225144405866e+00
1.154176217859959941e+00
1.151770985583013607e+00
1.149392474442047618e+00
1.147040624506239670e+00
1.144715369935178417e+00
1.142416639127777689e+00
1.140144354870337828e+00
1.137898434483681775e+00
1.135678789969316149e+00
1.133485328154557159e+00
1.131317950836572717e+00
1.129176554925281462e+00
1.127061032585070732e+00
1.124971271375275306e+00
1.122907154389376494e+00
1.120868560392880298e+00
1.118855363959835980e+00
1.116867435607945991e+00
1.114904641932241258e+00
1.112966845737284549e+00
1.111053906167865701e+00
1.109165678838157643e+00
1.107302015959313213e+00
1.105462766465462821e+00
1.103647776138094061e+00
1.101856887728796419e+00
1.100089941080332201e+00
1.098346773246031916e+00
1.096627218607481469e+00
1.094931108990495616e+00
1.093258273779355028e+00
1.091608540029292529e+00
1.089981732577226303e+00
1.088377674150717400e+00
1.086796185475147336e+00
1.085237085379112010e+00
1.083700190898021276e+00
1.082185317375893741e+00
1.080692278565356546e+00
1.079220886725835493e+00
1.077770952719940833e+00
1.076342286108042501e+00
1.074934695241045457e+00
1.073547987351355149e+00
1.072181968642045957e+00
1.070836444374232865e+00
1.069511218952649445e+00
1.068206096009443495e+00
1.066920878486191215e+00
1.065655368714145013e+00
1.064409368492712282e+00
1.063182679166189581e+00
1.061975101698750645e+00
1.060786436747703121e+00
1.059616484735022679e+00
1.058465045917191372e+00
1.057331920453325802e+00
1.056216908471637739e+00
1.055119810134219627e+00
1.054040425700184969e+00
1.052978555587166021e+00
1.051934000431195670e+00
1.050906561144982376e+00
1.049896038974595713e+00
1.048902235554583617e+00
1.047924952961534872e+00
1.046963993766103274e+00
1.046019161083520332e+00
1.045090258622597412e+00
1.044177090733262148e+00
1.043279462452617157e+00
1.042397179549567010e+00
1.041530048568016342e+00
1.040677876868665752e+00
1.039840472669423921e+00
1.039017645084454156e+00
1.038209204161876675e+00
1.037414960920147067e+00
1.036634727383130450e+00
1.035868316613893780e+00
1.035115542747230499e+00
1.034376221020946174e+00
1.033650167805919340e+00
1.032937200634962638e+00
1.032237138230499340e+00
1.031549800531081029e+00
1.030875008716762631e+00
1.030212585233361233e+00
1.029562353815608677e+00
1.028924139509230784e+00
1.028297768691962544e+00
1.027683069093528134e+00
1.027079869814598645e+00
1.026488001344752155e+00
1.025907295579454814e+00
1.025337585836079812e+00
1.024778706868994416e+00
1.024230494883714426e+00
1.023692787550168903e+00
1.023165424015078040e+00
1.022648244913469506e+00
1.022141092379349470e+00
1.021643810055553825e+00
1.021156243102786298e+00
1.020678238207875399e+00
1.020209643591257764e+00
1.019750309013712108e+00
1.019300085782358201e+00
1.018858826755940417e+00
1.018426386349416513e+00
1.018002620537862501e+00
1.017587386859710952e+00
1.017180544419348687e+00
1.016781953889081880e+00
1.016391477510486530e+00
1.016008979095164522e+00
1.015634324024916380e+00
1.015267379251349356e+00
1.014908013294937739e+00
1.014556096243548922e+00
1.014211499750449885e+00
1.013874097031812971e+00
1.013543762863727382e+00
1.013220373578744171e+00
1.012903807061959593e+00
1.012593942746648823e+00
1.012290661609474229e+00
1.011993846165272215e+00
1.011703380461441704e+00
1.011419150071935613e+00
1.011141042090879960e+00
1.010868945125824814e+00
1.010602749290650637e+00
1.010342346198126684e+00
1.010087628952149652e+00
1.009838492139665256e+00
1.009594831822286487e+00
1.009356545527621440e+00
1.009123532240322474e+00
1.008895692392868249e+00
1.008672927856083756e+00
1.008455141929421206e+00
1.008242239330997769e+00
1.008034126187414392e+00
1.007830710023357224e+00
1.007631899750994986e+00
1.007437605659176505e+00
1.007247739402453490e+00
1.007062213989916799e+00
1.006880943773873049e+00
1.006703844438360917e+00
1.006530832987517554e+00
1.006361827733811110e+00
1.006196748286134701e+00
1.006035515537784253e+00
1.005878051654313543e+00
1.005724280061292442e+00
1.005574125431956567e+00
1.005427513674773676e+00
1.005284371920919240e+00
1.005144628511682292e+00
1.005008212985794680e+00
1.004875056066703465e+00
1.004745089649785816e+00
1.004618246789512170e+00
1.004494461686571860e+00
1.004373669674954339e+00
1.004255807209009532e+00
1.004140811850478432e+00
1.004028622255503933e+00
1.003919178161630565e+00
1.003812420374798675e+00
1.003708290756331722e+00
1.003606732209932018e+00
1.003507688668681119e+00
1.003411105082051780e+00
1.003316927402942316e+00
1.003225102574728966e+00
1.003135578518348892e+00
1.003048304119409373e+00
1.002963229215336094e+00
1.002880304582561832e+00
1.002799481923753788e+00
1.002720713855090429e+00
1.002643953893590734e+00
1.002569156444496512e+00
1.002496276788709562e+00
1.002425271070295665e+00
1.002356096284047871e+00
1.002288710263118832e+00
1.002223071666722420e+00
1.002159139967909951e+00
1.002096875441422119e+00
1.002036239151616881e+00
1.001977192940481043e+00
1.001919699415722009e+00
1.001863721938948348e+00
1.001809224613938065e+00
1.001756172274989032e+00
1.001704530475375332e+00
1.001654265475881100e+00
1.001605344233442496e+00
1.001557734389882715e+00
1.001511404260741811e+00
1.001466322824210886e+00
1.001422459710167745e+00
1.001379785189314919e+00
1.001338270162419608e+00
1.001297886149663752e+00
1.001258605280096470e+00
1.001220400281196854e+00
1.001183244468542011e+00
1.001147111735587902e+00
1.001111976543557880e+00
1.001077813911442016e+00
1.001044599406110791e+00
1.001012309132537359e+00
1.000980919724133722e+00
1.000950408333197927e+00
1.000920752621481169e+00
1.000891930750860803e+00
1.000863921374128607e+00
1.000836703625898494e+00
1.000810257113623924e+00
1.000784561908729886e+00
1.000759598537860340e+00
1.000735347974240019e+00
1.000711791629151026e+00
1.000688911343520227e+00
1.000666689379628327e+00
1.000645108412923534e+00
1.000624151523954231e+00
1.000603802190414449e+00
1.000584044279301033e+00
1.000564862039182712e+00
1.000546240092585526e+00
1.000528163428484385e+00
1.000510617394909874e+00
1.000493587691664077e+00
1.000477060363143211e+00
1.000461021791277272e+00
1.000445458688573153e+00
1.000430358091267014e+00
1.000415707352585004e+00
1.000401494136107683e+00
1.000387706409246125e+00
1.000374332436820168e+00
1.000361360774737030e+00
1.000348780263786486e+00
1.000336580023519550e+00
1.000324749446249939e+00
1.000313278191140132e+00
1.000302156178398016e+00
1.000291373583567678e+00
1.000280920831922549e+00
1.000270788592950710e+00
1.000260967774942555e+00
1.000251449519670377e+00
1.000242225197165657e+00
1.000233286400584509e+00
1.000224624941172369e+00
1.000216232843316622e+00
1.000208102339690264e+00
1.000200225866484827e+00
1.000192596058735006e+00
1.000185205745725225e+00
1.000178047946487458e+00
1.000171115865384541e+00
1.000164402887771198e+00
1.000157902575747659e+00
1.000151608663989444e+00
1.000145515055663292e+00
1.000139615818412153e+00
1.000133905180435656e+00
1.000128377526634971e+00
1.000123027394840491e+00
1.000117849472115905e+00
1.000112838591131981e+00
1.000107989726621183e+00
1.000103297991900009e+00
1.000098758635461937e+00
1.000094367037646537e+00
1.000090118707371634e+00
1.000086009278938759e+00
1.000082034508901652e+00
1.000078190273005374e+00
1.000074472563187156e+00
1.000070877484644072e+00
1.000067401252960231e+00
1.000064040191300352e+00
1.000060790727663962e+00
1.000057649392193770e+00
1.000054612814552657e+00
1.000051677721351728e+00
1.000048840933636551e+00
1.000046099364432450e+00
1.000043450016341762e+00
1.000040889979198155e+00
1.000038416427770693e+00
1.000036026619523177e+00
1.000033717892424567e+00
1.000031487662807805e+00
1.000029333423280820e+00
1.000027252740683492e+00
1.000025243254094143e+00
1.000023302672882197e+00
1.000021428774806376e+00
1.000019619404158622e+00
1.000017872469953328e+00
1.000016185944158087e+00
1.000014557859963071e+00
1.000012986310101937e+00
1.000011469445208467e+00
1.000010005472205865e+00
1.000008592652749106e+00
1.000007229301695721e+00
1.000005913785616762e+00
1.000004644521348851e+00
1.000003419974574204e+00
1.000002238658441511e+00
1.000001099132223015e+00
1.000000000000001332e+00
