1.000000000000000000e+00
1.053592826383256353e+00
1.106632528383432623e+00
1.159119074348976985e+00
1.211052412376621978e+00
1.262432471082066243e+00
1.313259160416416105e+00
1.363532372531858883e+00
1.413251982698476406e+00
1.462417850273033837e+00
1.511029819719797107e+00
1.559087721682912875e+00
1.606591374109491044e+00
1.653540583422256738e+00
1.699935145740462783e+00
1.745774848147596092e+00
1.791059470004339182e+00
1.835788784305166566e+00
1.879962559076912676e+00
1.923580558817630237e+00
1.966642545974010448e+00
2.009148282455651469e+00
2.051097531184428391e+00
2.092490057677219628e+00
2.133325631660240695e+00
2.173604028713223002e+00
2.213325031941674848e+00
2.252488433675453372e+00
2.291094037191865329e+00
2.329141658461517661e+00
2.366631127915110433e+00
2.403562292229368680e+00
2.439935016130298617e+00
2.475749184211928355e+00
2.511004702768687924e+00
2.545701501639576314e+00
2.579839536062227712e+00
2.613418788534994430e+00
2.646439270685137402e+00
2.678901025141197767e+00
2.710804127407616892e+00
2.742148687739636603e+00
2.772934853016527423e+00
2.803162808611135315e+00
2.832832780253768501e+00
2.861945035888390887e+00
2.890499887519104139e+00
2.918497693044880936e+00
2.945938858080484835e+00
2.972823837761539245e+00
2.999153138531662766e+00
3.024927319909600509e+00
3.050146996234285979e+00
3.074812838385746261e+00
3.098925575479773098e+00
3.122485996534291708e+00
3.145494952105356123e+00
3.167953355890700262e+00
3.189862186298808133e+00
3.211222487981453266e+00
3.232035373327684091e+00
3.252302023917258200e+00
3.272023691931538192e+00
3.291201701519887113e+00
3.309837450119638813e+00
3.327932409727744734e+00
3.345488128122222626e+00
3.362506230031586441e+00
3.378988418250472581e+00
3.394936474699709716e+00
3.410352261429145493e+00
3.425237721561575466e+00
3.439594880176194192e+00
3.453425845130023486e+00
3.466732807815843476e+00
3.479518043855234222e+00
3.491783913725353017e+00
3.503532863318202573e+00
3.514767424431173293e+00
3.525490215187739640e+00
3.535703940387259880e+00
3.545411391782919974e+00
3.554615448286932544e+00
3.563319076102208438e+00
3.571525328779774355e+00
3.579237347201347674e+00
3.586458359486519143e+00
3.593191680824140644e+00
3.599440713227565869e+00
3.605208945213534744e+00
3.610499951404546604e+00
3.615317392054705703e+00
3.619665012499104328e+00
3.623546642526918937e+00
3.626966195678487992e+00
3.629927668466763624e+00
3.632435139523610967e+00
3.634492768671544916e+00
3.636104795921601518e+00
3.637275540398128282e+00
3.638009399191395321e+00
3.638310846139028332e+00
3.638184430537354075e+00
3.637634775783855634e+00
3.636666577952041290e+00
3.635284604300108580e+00
3.633493691714885010e+00
3.631298745092618852e+00
3.628704735658292879e+00
3.625716699225205009e+00
3.622339734396640143e+00
3.618579000711549920e+00
3.614439716736244534e+00
3.609927158104130562e+00
3.605046655505663722e+00
3.599803592630675730e+00
3.594203404065379193e+00
3.588251573146336248e+00
3.581953629773787728e+00
3.575315148186760883e+00
3.568341744702432372e+00
3.561039075422249400e+00
3.553412833907365620e+00
3.545468748825977290e+00
3.537212581575171821e+00
3.528650123879911504e+00
3.519787195371808508e+00
3.510629641150377900e+00
3.501183329329403016e+00
3.491454148571140337e+00
3.481448005611003982e+00
3.471170822775427212e+00
3.460628535495569036e+00
3.449827089819490045e+00
3.438772439925465108e+00
3.427470545639025978e+00
3.415927369956305970e+00
3.404148876576263749e+00
3.392141027444272261e+00
3.379909780309586775e+00
3.367461086299079920e+00
3.354800887509658658e+00
3.341935114621703118e+00
3.328869684535786355e+00
3.315610498034899933e+00
3.302163437474384455e+00
3.288534364501601637e+00
3.274729117807448908e+00
3.260753510911622577e+00
3.246613329983564888e+00
3.232314331700892662e+00
3.217862241147058100e+00
3.203262749749913763e+00
3.188521513262753793e+00
3.173644149789372815e+00
3.158636237854515638e+00
3.143503314521136183e+00
3.128250873555637135e+00
3.112884363642354213e+00
3.097409186648317547e+00
3.081830695939316467e+00
3.066154194748208273e+00
3.050384934596264142e+00
3.034528113768360846e+00
3.018588875842635133e+00
3.002572308275233581e+00
2.986483441040610032e+00
2.970327245327847088e+00
2.954108632293282355e+00
2.937832451869755612e+00
2.921503491632615912e+00
2.905126475722614732e+00
2.888706063825710046e+00
2.872246850209736468e+00
2.855753362817817109e+00
2.839230062418355960e+00
2.822681341811326572e+00
2.806111525090550174e+00
2.789524866961586635e+00
2.772925552114780423e+00
2.756317694652977046e+00
2.739705337573306032e+00
2.723092452302471322e+00
2.706482938284835438e+00
2.689880622622608186e+00
2.673289259767358761e+00
2.656712531262046983e+00
2.640154045532715266e+00
2.623617337728977539e+00
2.607105869612341031e+00
2.590623029491412321e+00
2.574172132203003116e+00
2.557756419138109916e+00
2.541379058311675543e+00
2.525043144475136891e+00
2.508751699270576729e+00
2.492507671425419069e+00
2.476313936986498376e+00
2.460173299592378626e+00
2.444088490782727163e+00
2.428062170343605608e+00
2.412096926687459231e+00
2.396195277266641277e+00
2.380359669019249225e+00
2.364592478846115675e+00
2.348896014117717534e+00
2.333272513209823096e+00
2.317724146066682867e+00
2.302253014790573094e+00
2.286861154256503603e+00
2.271550532750919782e+00
2.256323052633236514e+00
2.241180551019028577e+00
2.226124800483747723e+00
2.211157509785839803e+00
2.196280324608127721e+00
2.181494828316370871e+00
2.166802542733901937e+00
2.152204928931308547e+00
2.137703388030049112e+00
2.123299262019036071e+00
2.108993834583126059e+00
2.094788331942558646e+00
2.080683923702357774e+00
2.066681723710759755e+00
2.052782790925726353e+00
2.038988130288658329e+00
2.025298693604415057e+00
2.011715380426812416e+00
1.998239038948717461e+00
1.984870466895990671e+00
1.971610412424433800e+00
1.958459575019047882e+00
1.945418606394790473e+00
1.932488111398199315e+00
1.919668648909135245e+00
1.906960732742021492e+00
1.894364832545912369e+00
1.881881374702804255e+00
1.869510743223575799e+00
1.857253280641014914e+00
1.845109288899368538e+00
1.833079030239912033e+00
1.821162728082031057e+00
1.809360567899349848e+00
1.797672698090456489e+00
1.786099230843794183e+00
1.774640242996299078e+00
1.763295776885422050e+00
1.752065841194164530e+00
1.740950411788752650e+00
1.729949432548671950e+00
1.719062816188742016e+00
1.708290445072901953e+00
1.697632172019525765e+00
1.687087821097940310e+00
1.676657188415947353e+00
1.666340042898142748e+00
1.656136127054817830e+00
1.646045157741278242e+00
1.636066826907392358e+00
1.626200802337256057e+00
1.616446728378801545e+00
1.606804226663232082e+00
1.597272896814219578e+00
1.587852317146709602e+00
1.578542045355294743e+00
1.569341619192075932e+00
1.560250557133939342e+00
1.551268359039240874e+00
1.542394506793805853e+00
1.533628464946278580e+00
1.524969681332780658e+00
1.516417587690847002e+00
1.507971600262701717e+00
1.499631120387831196e+00
1.491395535084911295e+00
1.483264217623098125e+00
1.475236528082729759e+00
1.467311813905466833e+00
1.459489410433951972e+00
1.451768641440988494e+00
1.444148819648375603e+00
1.436629247235401419e+00
1.429209216337105293e+00
1.421888009532351171e+00
1.414664900321860319e+00
1.407539153596200077e+00
1.400510026093889193e+00
1.393576766849690118e+00
1.386738617633176629e+00
1.379994813377682039e+00
1.373344582599752783e+00
1.366787147809178204e+00
1.360321725909720447e+00
1.353947528590669691e+00
1.347663762709309099e+00
1.341469630664426482e+00
1.335364330760975493e+00
1.329347057565997581e+00
1.323417002255946606e+00
1.317573352955512478e+00
1.311815295068071041e+00
1.306142011597867247e+00
1.300552683464088144e+00
1.295046489806907841e+00
1.289622608285638350e+00
1.284280215369114408e+00
1.279018486618436645e+00
1.273836596962170997e+00
1.268733720964154044e+00
1.263709033083996180e+00
1.258761707930433849e+00
1.253890920507614082e+00
1.249095846454473913e+00
1.244375662277283023e+00
1.239729545575507519e+00
1.235156675261083192e+00
1.230656231771242393e+00
1.226227397274979758e+00
1.221869355873281604e+00
1.217581293793239094e+00
1.213362399576155770e+00
1.209211864259735592e+00
1.205128881554491826e+00
1.201112648014476481e+00
1.197162363202420199e+00
1.193277229849403209e+00
1.189456454009167219e+00
1.185699245207149977e+00
1.182004816584357965e+00
1.178372385036185133e+00
1.174801171346261164e+00
1.171290400315425861e+00
1.167839300885951115e+00
1.164447106261063292e+00
1.161113054019903945e+00
1.157836386227995229e+00
1.154616349543301057e+00
1.151452195317982374e+00
1.148343179695936911e+00
1.145288563706191809e+00
1.142287613352275688e+00
1.139339599697589689e+00
1.136443798946930483e+00
1.133599492524193675e+00
1.130805967146381930e+00
1.128062514893942936e+00
1.125368433277583069e+00
1.122723025301572530e+00
1.120125599523643878e+00
1.117575470111583869e+00
1.115071956896526606e+00
1.112614385423088770e+00
1.110202086996381343e+00
1.107834398725972003e+00
1.105510663566863894e+00
1.103230230357574060e+00
1.100992453855375031e+00
1.098796694768739757e+00
1.096642319787084929e+00
1.094528701607862198e+00
1.092455218961069008e+00
1.090421256631223468e+00
1.088426205476871633e+00
1.086469462447707590e+00
1.084550430599322990e+00
1.082668519105677962e+00
1.080823143269348030e+00
1.079013724529572560e+00
1.077239690468201339e+00
1.075500474813555929e+00
1.073795517442287739e+00
1.072124264379265890e+00
1.070486167795554611e+00
1.068880686004539449e+00
1.067307283456221834e+00
1.065765430729770591e+00
1.064254604524341064e+00
1.062774287648247107e+00
1.061323969006502388e+00
1.059903143586785168e+00
1.058511312443877195e+00
1.057147982682617560e+00
1.055812667439422370e+00
1.054504885862386443e+00
1.053224163090062282e+00
1.051970030228882580e+00
1.050742024329347712e+00
1.049539688360965783e+00
1.048362571185988523e+00
1.047210227532009652e+00
1.046082217963442140e+00
1.044978108851911669e+00
1.043897472345619359e+00
1.042839886337686428e+00
1.041804934433544050e+00
1.040792205917371982e+00
1.039801295717664775e+00
1.038831804371903589e+00
1.037883337990414878e+00
1.036955508219429500e+00
1.036047932203372657e+00
1.035160232546406212e+00
1.034292037273299103e+00
1.033442979789589211e+00
1.032612698841136156e+00
1.031800838473034165e+00
1.031007047987964720e+00
1.030230981903972332e+00
1.029472299911729394e+00
1.028730666831290108e+00
1.028005752568385001e+00
1.027297232070259581e+00
1.026604785281091781e+00
1.025928097097022373e+00
1.025266857320813907e+00
1.024620760616160142e+00
1.023989506461684851e+00
1.023372799104624420e+00
1.022770347514259770e+00
1.022181865335082485e+00
1.021607070839734455e+00
1.021045686881734804e+00
1.020497440848033843e+00
1.019962064611391606e+00
1.019439294482618719e+00
1.018928871162668504e+00
1.018430539694660464e+00
1.017944049415795194e+00
1.017469153909192014e+00
1.017005610955703299e+00
1.016553182485675055e+00
1.016111634530698193e+00
1.015680737175366666e+00
1.015260264509056931e+00
1.014849994577717851e+00
1.014449709335747629e+00
1.014059194597906499e+00
1.013678239991327557e+00
1.013306638907614632e+00
1.012944188455046302e+00
1.012590689410920897e+00
1.012245946173999434e+00
1.011909766717151493e+00
1.011581962540111013e+00
1.011262348622438356e+00
1.010950743376653360e+00
1.010646968601577766e+00
1.010350849435874387e+00
1.010062214311804318e+00
1.009780894909232174e+00
1.009506726109841379e+00
1.009239545951622796e+00
1.008979195583617372e+00
1.008725519220918354e+00
1.008478364099957947e+00
1.008237580434071079e+00
1.008003021369360486e+00
1.007774542940864659e+00
1.007552004029007353e+00
1.007335266316411460e+00
1.007124194244983784e+00
1.006918654973361305e+00
1.006718518334681844e+00
1.006523656794694466e+00
1.006333945410220032e+00
1.006149261787959270e+00
1.005969486043656103e+00
1.005794500761641563e+00
1.005624190954707897e+00
1.005458444024399212e+00
1.005297149721631644e+00
1.005140200107731863e+00
1.004987489515821064e+00
1.004838914512620862e+00
1.004694373860607559e+00
1.004553768480599629e+00
1.004417001414713129e+00
1.004283977789711457e+00
1.004154604780772342e+00
1.004028791575636292e+00
1.003906449339173612e+00
1.003787491178333768e+00
1.003671832107527528e+00
1.003559389014390124e+00
1.003450080625958751e+00
1.003343827475273509e+00
1.003240551868365360e+00
1.003140177851653991e+00
1.003042631179771993e+00
1.002947839283784726e+00
1.002855731239818304e+00
1.002766237738100363e+00
1.002679291052403610e+00
1.002594825009900825e+00
1.002512774961436648e+00
1.002433077752171720e+00
1.002355671692669148e+00
1.002280496530368215e+00
1.002207493421445772e+00
1.002136604903114181e+00
1.002067774866273409e+00
1.002000948528596114e+00
1.001936072407989764e+00
1.001873094296460431e+00
1.001811963234357394e+00
1.001752629485030521e+00
1.001695044509835819e+00
1.001639160943561091e+00
1.001584932570217079e+00
1.001532314299212745e+00
1.001481262141906470e+00
1.001431733188527184e+00
1.001383685585477634e+00
1.001337078512994472e+00
1.001291872163182717e+00
1.001248027718400824e+00
1.001205507330030775e+00
1.001164274097571916e+00
1.001124292048108710e+00
1.001085526116135105e+00
1.001047942123699963e+00
1.001011506760920433e+00
1.000976187566822162e+00
1.000941952910518351e+00
1.000908771972729205e+00
1.000876614727624681e+00
1.000845451924993412e+00
1.000815255072730947e+00
1.000785996419662816e+00
1.000757648938660704e+00
1.000730186310091474e+00
1.000703582905561051e+00
1.000677813771963409e+00
1.000652854615837306e+00
1.000628681788013452e+00
1.000605272268564550e+00
1.000582603652026004e+00
1.000560654132933269e+00
1.000539402491604113e+00
1.000518828080223521e+00
1.000498910809215714e+00
1.000479631133837977e+00
1.000460970041097575e+00
1.000442909036898476e+00
1.000425430133458304e+00
1.000408515836973544e+00
1.000392149135552078e+00
1.000376313487385982e+00
1.000360992809155025e+00
1.000346171464691514e+00
1.000331834253886498e+00
1.000317966401797376e+00
1.000304553548028608e+00
1.000291581736300950e+00
1.000279037404270488e+00
1.000266907373541514e+00
1.000255178839930759e+00
1.000243839363906151e+00
1.000232876861258724e+00
1.000222279593970809e+00
1.000212036161284956e+00
1.000202135490976696e+00
1.000192566830813590e+00
1.000183319740215460e+00
1.000174384082094914e+00
1.000165750014897936e+00
1.000157407984788582e+00
1.000149348718067710e+00
1.000141563213712281e+00
1.000134042736121609e+00
1.000126778808020589e+00
1.000119763203530132e+00
1.000112987941395915e+00
1.000106445278381884e+00
1.000100127702811870e+00
1.000094027928285056e+00
1.000088138887509359e+00
1.000082453726315102e+00
1.000076965797788375e+00
1.000071668656564494e+00
1.000066556053249567e+00
1.000061621928970634e+00
1.000056860410088566e+00
1.000052265803007989e+00
1.000047832589135099e+00
1.000043555419951158e+00
1.000039429112226097e+00
1.000035448643324498e+00
1.000031609146651013e+00
1.000027905907200365e+00
1.000024334357236810e+00
1.000020890072057300e+00
1.000017568765885212e+00
1.000014366287853784e+00
1.000011278618113897e+00
1.000008301864009352e+00
1.000005432256398485e+00
1.000002666146022179e+00
1.000000000000004219e+00
