9.999999999999998890e-01
1.028583603073008890e+00
1.056886970298187789e+00
1.084910085785984135e+00
1.112652923595999654e+00
1.140115448213014027e+00
1.167297615034254665e+00
1.194199370868399335e+00
1.220820654446645337e+00
1.247161396946048217e+00
1.273221522525226135e+00
1.299000948872446104e+00
1.324499587766032604e+00
1.349717345646981315e+00
1.374654124203608330e+00
1.399309820968030138e+00
1.423684329924222780e+00
1.447777542127393513e+00
1.471589346334353898e+00
1.495119629644571457e+00
1.518368278151557504e+00
1.541335177604217677e+00
1.564020214077791016e+00
1.586423274653973703e+00
1.608544248109821329e+00
1.630383025614997816e+00
1.651939501436940017e+00
1.673213573653479447e+00
1.694205144872467095e+00
1.714914122957925002e+00
1.735340421762235463e+00
1.755483961863883557e+00
1.775344671310236100e+00
1.794922486364852299e+00
1.814217352258789218e+00
1.833229223945378683e+00
1.851958066857919638e+00
1.870403857669736158e+00
1.888566585056039582e+00
1.906446250457014102e+00
1.924042868841551623e+00
1.941356469471037460e+00
1.958387096662595805e+00
1.975134810551179010e+00
1.991599687849890277e+00
2.007781822607918709e+00
2.023681326965450111e+00
2.039298331904924932e+00
2.054632987997990323e+00
2.069685466147510589e+00
2.084455958323967906e+00
2.098944678295604049e+00
2.113151862351637877e+00
2.127077770017884895e+00
2.140722684764114092e+00
2.154086914702476374e+00
2.167170793276308238e+00
2.179974679938659676e+00
2.192498960819853959e+00
2.204744049383406956e+00
2.216710387069633192e+00
2.228398443926264516e+00
2.239808719225407252e+00
2.250941742066179252e+00
2.261798071962354495e+00
2.272378299414362424e+00
2.282683046464996313e+00
2.292712967238169863e+00
2.302468748460107850e+00
2.311951109962329554e+00
2.321160805165803254e+00
2.330098621545680260e+00
2.338765381076006289e+00
2.347161940653816892e+00
2.355289192502072027e+00
2.363148064550853356e+00
2.370739520796301569e+00
2.378064561636757723e+00
2.385124224185624087e+00
2.391919582560437796e+00
2.398451748147703455e+00
2.404721869843038817e+00
2.410731134266201448e+00
2.416480765950598908e+00
2.421972027506903657e+00
2.427206219760411621e+00
2.432184681861815800e+00
2.436908791371091176e+00
2.441379964314203566e+00
2.445599655212397749e+00
2.449569357083828613e+00
2.453290601417349670e+00
2.456764958118279107e+00
2.459994035426007919e+00
2.462979479803340865e+00
2.465722975797485894e+00
2.468226245872648050e+00
2.470491050214206563e+00
2.472519186504483990e+00
2.474312489670164261e+00
2.475872831601420021e+00
2.477202120842866950e+00
2.478302302256487621e+00
2.479175356656690088e+00
2.479823300417709930e+00
2.480248185053592458e+00
2.480452096771021964e+00
2.480437155995299126e+00
2.480205516869801841e+00
2.479759366729289205e+00
2.479100925547436329e+00
2.478232445359042746e+00
2.477156209657350061e+00
2.475874532766962233e+00
2.474389759192879623e+00
2.472704262946193055e+00
2.470820446846991203e+00
2.468740741805101724e+00
2.466467606079262076e+00
2.464003524515388399e+00
2.461351007764595700e+00
2.458512591481682996e+00
2.455490835504780645e+00
2.452288323016914351e+00
2.448907659690240379e+00
2.445351472813721116e+00
2.441622410405051902e+00
2.437723140307647363e+00
2.433656349273503050e+00
2.429424742032799234e+00
2.425031040351089295e+00
2.420477982074936030e+00
2.415768320166894689e+00
2.410904821730714964e+00
2.405890267027667839e+00
2.400727448484893500e+00
2.395419169696690886e+00
2.389968244419651278e+00
2.384377495562560068e+00
2.378649754171982433e+00
2.372787858414446838e+00
2.366794652556144296e+00
2.360672985941066671e+00
2.354425711968479717e+00
2.348055687070646158e+00
2.341565769691691834e+00
2.334958819268510233e+00
2.328237695214583347e+00
2.321405255907594611e+00
2.314464357681692341e+00
2.307417853825250553e+00
2.300268593584968713e+00
2.293019421177121320e+00
2.285673174806766905e+00
2.278232685695706472e+00
2.270700777119958325e+00
2.263080263457505570e+00
2.255373949247036158e+00
2.247584628258412209e+00
2.239715082575535643e+00
2.231768081692291794e+00
2.223746381622219381e+00
2.215652724022531217e+00
2.207489835333074968e+00
2.199260425930839702e+00
2.190967189300519369e+00
2.182612801221697651e+00
2.174199918973140910e+00
2.165731180554666402e+00
2.157209203927065833e+00
2.148636586270462612e+00
2.140015903261550001e+00
2.131349708370045892e+00
2.122640532174724814e+00
2.113890881699341584e+00
2.105103239768739698e+00
2.096280064385401154e+00
2.087423788126693047e+00
2.078536817563004568e+00
2.069621532696971133e+00
2.060680286423944629e+00
2.051715404013839006e+00
2.042729182614467565e+00
2.033723890776454546e+00
2.024701767999770752e+00
2.015665024301940278e+00
2.006615839807936119e+00
1.997556364361728232e+00
1.988488717159473618e+00
1.979414986404285148e+00
1.970337228982491418e+00
1.961257470161304806e+00
1.952177703307764078e+00
1.943099889628822297e+00
1.934025957932411277e+00
1.924957804409317852e+00
1.915897292435661425e+00
1.906846252395780539e+00
1.897806481525275757e+00
1.888779743773984610e+00
1.879767769688617030e+00
1.870772256314786608e+00
1.861794867118133912e+00
1.852837231924263861e+00
1.843900946877163882e+00
1.834987574415786860e+00
1.826098643268469601e+00
1.817235648464823328e+00
1.808400051364768446e+00
1.799593279704320592e+00
1.790816727657782437e+00
1.782071755915942468e+00
1.773359691779913039e+00
1.764681829270195568e+00
1.756039429250610295e+00
1.747433719566641841e+00
1.738865895197844180e+00
1.730337118423860066e+00
1.721848519003677858e+00
1.713401194367660585e+00
1.704996209822002617e+00
1.696634598765129009e+00
1.688317362915680242e+00
1.680045472551613850e+00
1.671819866760049011e+00
1.663641453697416228e+00
1.655511110859500423e+00
1.647429685360987106e+00
1.639397994224063737e+00
1.631416824675710586e+00
1.623486934453252761e+00
1.615609052117787492e+00
1.607783877375076109e+00
1.600012081403530129e+00
1.592294307188884206e+00
1.584631169865197808e+00
1.577023257061776373e+00
1.569471129255676889e+00
1.561975320129412204e+00
1.554536336933491469e+00
1.547154660853457209e+00
1.539830747381066400e+00
1.532565026689268972e+00
1.525357904010655741e+00
1.518209760019059384e+00
1.511120951213962282e+00
1.504091810307428112e+00
1.497122646613221697e+00
1.490213746437858644e+00
1.483365373473243265e+00
1.476577769190658085e+00
1.469851153235798069e+00
1.463185723824597329e+00
1.456581658139576074e+00
1.450039112726470680e+00
1.443558223890873293e+00
1.437139108094677376e+00
1.430781862352071832e+00
1.424486564624867224e+00
1.418253274216940696e+00
1.412082032167600421e+00
1.405972861643644434e+00
1.399925768329938425e+00
1.393940740818325752e+00
1.388017750994684940e+00
1.382156754423958578e+00
1.376357690732995298e+00
1.370620483991043415e+00
1.364945043087749443e+00
1.359331262108505189e+00
1.353779020707016167e+00
1.348288184474952356e+00
1.342858605308563602e+00
1.337490121772127116e+00
1.332182559458133131e+00
1.326935731344079272e+00
1.321749438145788380e+00
1.316623468667152297e+00
1.311557600146206592e+00
1.306551598597451846e+00
1.301605219150348436e+00
1.296718206383904448e+00
1.291890294657298766e+00
1.287121208436452946e+00
1.282410662616527031e+00
1.277758362840248463e+00
1.273164005812057908e+00
1.268627279608002700e+00
1.264147863981344599e+00
1.259725430663854562e+00
1.255359643662747438e+00
1.251050159553235508e+00
1.246796627766684429e+00
1.242598690874326506e+00
1.238455984866541293e+00
1.234368139427670874e+00
1.230334778206366941e+00
1.226355519081460566e+00
1.222429974423350885e+00
1.218557751350908935e+00
1.214738451983901513e+00
1.210971673690934836e+00
1.207257009332927788e+00
1.203594047502125175e+00
1.199982372756657423e+00
1.196421565850665170e+00
1.192911203960010935e+00
1.189450860903571883e+00
1.186040107360175622e+00
1.182678511081151962e+00
1.179365637098568786e+00
1.176101047929148491e+00
1.172884303773904957e+00
1.169714962713534145e+00
1.166592580899577181e+00
1.163516712741390569e+00
1.160486911088966400e+00
1.157502727411632737e+00
1.154563711972655504e+00
1.151669413999811153e+00
1.148819381851926114e+00
1.146013163181462513e+00
1.143250305093162389e+00
1.140530354298799676e+00
1.137852857268086382e+00
1.135217360375772921e+00
1.132623410044973244e+00
1.130070552886781154e+00
1.127558335836202685e+00
1.125086306284453164e+00
1.122654012207676910e+00
1.120261002292112895e+00
1.117906826055771408e+00
1.115591033966662149e+00
1.113313177557612610e+00
1.111072809537734463e+00
1.108869483900581043e+00
1.106702756029035450e+00
1.104572182796992763e+00
1.102477322667866133e+00
1.100417735789980922e+00
1.098392984088881086e+00
1.096402631356630630e+00
1.094446243338117908e+00
1.092523387814439584e+00
1.090633634683398023e+00
1.088776556037162502e+00
1.086951726237141758e+00
1.085158721986115626e+00
1.083397122397665502e+00
1.081666509062965575e+00
1.079966466114962831e+00
1.078296580290000417e+00
1.076656440986941687e+00
1.075045640323816665e+00
1.073463773192056436e+00
1.071910437308347896e+00
1.070385233264161684e+00
1.068887764573001053e+00
1.067417637715396550e+00
1.065974462181712656e+00
1.064557850512798165e+00
1.063167418338522907e+00
1.061802784414257683e+00
1.060463570655309162e+00
1.059149402169384357e+00
1.057859907287113765e+00
1.056594717590662702e+00
1.055353467940499002e+00
1.054135796500308642e+00
1.052941344760175868e+00
1.051769757557979856e+00
1.050620683099119601e+00
1.049493772974556594e+00
1.048388682177239239e+00
1.047305069116940324e+00
1.046242595633546157e+00
1.045200927008823832e+00
1.044179731976719872e+00
1.043178682732217810e+00
1.042197454938778911e+00
1.041235727734427075e+00
1.040293183736485716e+00
1.039369509045022122e+00
1.038464393245015049e+00
1.037577529407295529e+00
1.036708614088278635e+00
1.035857347328526634e+00
1.035023432650184816e+00
1.034206577053285780e+00
1.033406491011009454e+00
1.032622888463871069e+00
1.031855486812915279e+00
1.031104006911907955e+00
1.030368173058585413e+00
1.029647712984968821e+00
1.028942357846779121e+00
1.028251842211993061e+00
1.027575904048529054e+00
1.026914284711154313e+00
1.026266728927569316e+00
1.025632984783744872e+00
1.025012803708518661e+00
1.024405940457480568e+00
1.023812153096166799e+00
1.023231202982592958e+00
1.022662854749153638e+00
1.022106876283894072e+00
1.021563038711206683e+00
1.021031116371947656e+00
1.020510886803007944e+00
1.020002130716364031e+00
1.019504631977623532e+00
1.019018177584095852e+00
1.018542557642386992e+00
1.018077565345573587e+00
1.017622996949947067e+00
1.017178651751357910e+00
1.016744332061185085e+00
1.016319843181934912e+00
1.015904993382513499e+00
1.015499593873153472e+00
1.015103458780051371e+00
1.014716405119713283e+00
1.014338252773019811e+00
1.013968824459045015e+00
1.013607945708638436e+00
1.013255444837775743e+00
1.012911152920713764e+00
1.012574903762948564e+00
1.012246533873999432e+00
1.011925882440031677e+00
1.011612791296332636e+00
1.011307104899661802e+00
1.011008670300473478e+00
1.010717337115037973e+00
1.010432957497473749e+00
1.010155386111695641e+00
1.009884480103308224e+00
1.009620099071431243e+00
1.009362105040488178e+00
1.009110362431971497e+00
1.008864738036175934e+00
1.008625100983935097e+00
1.008391322718355188e+00
1.008163276966564936e+00
1.007940839711488845e+00
1.007723889163645303e+00
1.007512305733002211e+00
1.007305972000875016e+00
1.007104772691888694e+00
1.006908594646014121e+00
1.006717326790669498e+00
1.006530860112929027e+00
1.006349087631812189e+00
1.006171904370675163e+00
1.005999207329725476e+00
1.005830895458640795e+00
1.005666869629319615e+00
1.005507032608760953e+00
1.005351289032082596e+00
1.005199545375684345e+00
1.005051709930557591e+00
1.004907692775763417e+00
1.004767405752055254e+00
1.004630762435678060e+00
1.004497678112340475e+00
1.004368069751368608e+00
1.004241855980025022e+00
1.004118957058037997e+00
1.003999294852303326e+00
1.003882792811791047e+00
1.003769375942648034e+00
1.003658970783502635e+00
1.003551505380978037e+00
1.003446909265418574e+00
1.003345113426824087e+00
1.003246050291002334e+00
1.003149653695942334e+00
1.003055858868403538e+00
1.002964602400741256e+00
1.002875822227944358e+00
1.002789457604913670e+00
1.002705449083969302e+00
1.002623738492581573e+00
1.002544268911347070e+00
1.002466984652199633e+00
1.002391831236851605e+00
1.002318755375483539e+00
1.002247704945664397e+00
1.002178628971524210e+00
1.002111477603158773e+00
1.002046202096282368e+00
1.001982754792117847e+00
1.001921089097542295e+00
1.001861159465467610e+00
1.001802921375463562e+00
1.001746331314633975e+00
1.001691346758732948e+00
1.001637926153527980e+00
1.001586028896401359e+00
1.001535615318210448e+00
1.001486646665371127e+00
1.001439085082207248e+00
1.001392893593520350e+00
1.001348036087422733e+00
1.001304477298398110e+00
1.001262182790610522e+00
1.001221118941446608e+00
1.001181252925309018e+00
1.001142552697628529e+00
1.001104986979133082e+00
1.001068525240337737e+00
1.001033137686281105e+00
1.000998795241482053e+00
1.000965469535141317e+00
1.000933132886564270e+00
1.000901758290810850e+00
1.000871319404588178e+00
1.000841790532346121e+00
1.000813146612622662e+00
1.000785363204581113e+00
1.000758416474798684e+00
1.000732283184250671e+00
1.000706940675531342e+00
1.000682366860267569e+00
1.000658540206769587e+00
1.000635439727870279e+00
1.000613044968992504e+00
1.000591335996413811e+00
1.000570293385736775e+00
1.000549898210571387e+00
1.000530132031398400e+00
1.000510976884661840e+00
1.000492415272027813e+00
1.000474430149860261e+00
1.000457004918881010e+00
1.000440123414013893e+00
1.000423769894426940e+00
1.000407929033765075e+00
1.000392585910543142e+00
1.000377725998749856e+00
1.000363335158610978e+00
1.000349399627537439e+00
1.000335906011244225e+00
1.000322841275051777e+00
1.000310192735337500e+00
1.000297948051179109e+00
1.000286095216148530e+00
1.000274622550271442e+00
1.000263518692153353e+00
1.000252772591257777e+00
1.000242373500345172e+00
1.000232310968065974e+00
1.000222574831701960e+00
1.000213155210066374e+00
1.000204042496539492e+00
1.000195227352262295e+00
1.000186700699456921e+00
1.000178453714911875e+00
1.000170477823577375e+00
1.000162764692322126e+00
1.000155306223812657e+00
1.000148094550521449e+00
1.000141122028871843e+00
1.000134381233510394e+00
1.000127864951707579e+00
1.000121566177868182e+00
1.000115478108181133e+00
1.000109594135373703e+00
1.000103907843599149e+00
1.000098413003422504e+00
1.000093103566930486e+00
1.000087973662951324e+00
1.000083017592377832e+00
1.000078229823609721e+00
1.000073604988086506e+00
1.000069137875936542e+00
1.000064823431720207e+00
1.000060656750275667e+00
1.000056633072657020e+00
1.000052747782179452e+00
1.000048996400551893e+00
1.000045374584092484e+00
1.000041878120057071e+00
1.000038502923029649e+00
1.000035245031427822e+00
1.000032100604065999e+00
1.000029065916823390e+00
1.000026137359382172e+00
1.000023311432050255e+00
1.000020584742660867e+00
1.000017954003549869e+00
1.000015416028612991e+00
1.000012967730423696e+00
1.000010606117437639e+00
1.000008328291266846e+00
1.000006131444006297e+00
1.000004012855648439e+00
1.000001969891558984e+00
1.000000000000006439e+00
