1.000000000000000000e+00
1.088563440406247418e+00
1.176161950350953500e+00
1.262795473883763453e+00
1.348463918648862947e+00
1.433167156791645969e+00
1.516905026022606684e+00
1.599677330850137746e+00
1.681483843985789761e+00
1.762324307920898780e+00
1.842198436670786421e+00
1.921105917681241504e+00
1.999046413891162777e+00
2.076019565944852374e+00
2.152024994547311110e+00
2.227062302955879591e+00
2.301131079601681950e+00
2.374230900834437996e+00
2.446361333784392578e+00
2.517521939335242376e+00
2.587712275202134649e+00
2.656931899108908812e+00
2.725180372058943590e+00
2.792457261694023085e+00
2.858762145735808335e+00
2.924094615504521766e+00
2.988454279509576317e+00
3.051840767106910768e+00
3.114253732217847848e+00
3.175692857104335243e+00
3.236157856195432281e+00
3.295648479959949029e+00
3.354164518820129448e+00
3.411705807101273358e+00
3.468272227012195952e+00
3.523863712651405411e+00
3.578480254033852059e+00
3.632121901133099406e+00
3.684788767933744325e+00
3.736481036488864316e+00
3.787198960977284923e+00
3.836942871755393725e+00
3.885713179398233130e+00
3.933510378724557555e+00
3.980335052800538342e+00
4.026187876916762498e+00
4.071069622533163290e+00
4.114981161186504366e+00
4.157923468355031460e+00
4.199897627274898682e+00
4.240904832702994121e+00
4.280946394620744222e+00
4.320023741873576739e+00
4.358138425740642141e+00
4.395292123429503484e+00
4.431486641490488765e+00
4.466723919145446864e+00
4.501006031525733420e+00
4.534335192814255677e+00
4.566713759286522567e+00
4.598144232245688912e+00
4.628629260846687465e+00
4.658171644804628642e+00
4.686774336982744593e+00
4.714440445855273332e+00
4.741173237840828669e+00
4.766976139501871046e+00
4.791852739606101252e+00
4.815806791045721624e+00
4.838842212610662941e+00
4.860963090612060888e+00
4.882173680352456913e+00
4.902478407439349262e+00
4.921881868938962512e+00
4.940388834367285931e+00
4.958004246515647750e+00
4.974733222108323361e+00
4.990581052289916997e+00
5.005553202940454582e+00
5.019655314816428238e+00
5.032893203516239033e+00
5.045272859268766119e+00
5.056800446544041705e+00
5.067482303485299155e+00
5.077324941161898586e+00
5.086335042642963877e+00
5.094519461891776402e+00
5.101885222481320703e+00
5.108439516131626945e+00
5.114189701069817851e+00
5.119143300214124004e+00
5.123307999183325023e+00
5.126691644133440917e+00
5.129302239423734200e+00
5.131147945114362230e+00
5.132237074298330093e+00
5.132578090270635940e+00
5.132179603537781354e+00
5.131050368671080442e+00
5.129199281007470468e+00
5.126635373201750667e+00
5.123367811634462754e+00
5.119405892679822045e+00
5.114759038838347927e+00
5.109436794739083965e+00
5.103448823016465852e+00
5.096804900067133381e+00
5.089514911692144317e+00
5.081588848630254063e+00
5.073036801988026312e+00
5.063868958572792955e+00
5.054095596134504653e+00
5.043727078522790563e+00
5.032773850765461354e+00
5.021246434075001375e+00
5.009155420789547009e+00
4.996511469254926396e+00
4.983325298654504465e+00
4.969607683793489272e+00
4.955369449844482688e+00
4.940621467061035332e+00
4.925374645465947054e+00
4.909639929521166124e+00
4.893428292785900524e+00
4.876750732569773206e+00
4.859618264587583170e+00
4.842041917622320391e+00
4.824032728202921838e+00
4.805601735303222100e+00
4.786759975068408224e+00
4.767518475575204029e+00
4.747888251631887435e+00
4.727880299624091620e+00
4.707505592412215556e+00
4.686775074286095411e+00
4.665699655982451510e+00
4.644290209770434608e+00
4.622557564610414893e+00
4.600512501390975117e+00
4.578165748248878231e+00
4.555527975976577437e+00
4.532609793521601205e+00
4.509421743581996544e+00
4.485974298301711904e+00
4.462277855069684662e+00
4.438342732426046489e+00
4.414179166078755046e+00
4.389797305033668273e+00
4.365207207840826165e+00
4.340418838959545944e+00
4.315442065244631920e+00
4.290286652555822755e+00
4.264962262492320022e+00
4.239478449254068693e+00
4.213844656631174246e+00
4.188070215122664308e+00
4.162164339185538964e+00
4.136136124614883336e+00
4.109994546055553144e+00
4.083748454645740544e+00
4.057406575792573022e+00
4.030977507079621880e+00
4.004469716306047644e+00
3.977891539656901454e+00
3.951251180003928720e+00
3.924556705336047724e+00
3.897816047318446220e+00
3.871036999979178272e+00
3.844227218521889533e+00
3.817394218263174377e+00
3.790545373692979059e+00
3.763687917656228343e+00
3.736828940653801112e+00
3.709975390260837447e+00
3.683134070660218029e+00
3.656311642289006514e+00
3.629514621595438140e+00
3.602749380904121335e+00
3.576022148386809985e+00
3.549339008136230600e+00
3.522705900340235896e+00
3.496128621553588278e+00
3.469612825064544381e+00
3.443164021353391391e+00
3.416787578640090306e+00
3.390488723518038761e+00
3.364272541671049055e+00
3.338143978670522927e+00
3.312107840849872087e+00
3.286168796253107871e+00
3.260331375654637043e+00
3.234599973647248383e+00
3.208978849795233401e+00
3.183472129849669319e+00
3.158083807022908474e+00
3.132817743319219250e+00
3.107677670918722601e+00
3.082667193611653644e+00
3.057789788280080856e+00
3.033048806424226029e+00
3.008447475730591680e+00
2.983988901679093253e+00
2.959676069186502723e+00
2.935511844283514193e+00
2.911498975822814472e+00
2.887640097215567803e+00
2.863937728193819421e+00
2.840394276596352796e+00
2.817012040175574938e+00
2.793793208423133834e+00
2.770739864411955189e+00
2.747853986652480707e+00
2.725137450960978036e+00
2.702592032337843175e+00
2.680219406853804998e+00
2.658021153542185822e+00
2.635998756295227619e+00
2.614153605762723931e+00
2.592487001251189138e+00
2.571000152621833568e+00
2.549694182185815006e+00
2.528570126595092393e+00
2.507628938727498813e+00
2.486871489564534077e+00
2.466298570060560635e+00
2.445910893002071873e+00
2.425709094855824866e+00
2.405693737604668314e+00
2.385865310569914577e+00
2.366224232219264589e+00
2.346770851959248727e+00
2.327505451911271450e+00
2.308428248670367555e+00
2.289539395045879111e+00
2.270838981783250610e+00
2.252327039266248665e+00
2.234003539198949451e+00
2.215868396266870377e+00
2.197921469776655368e+00
2.180162565273892739e+00
2.162591436138451506e+00
2.145207785157059899e+00
2.128011266072640240e+00
2.111001485110088893e+00
2.094178002478211287e+00
2.077540333847562870e+00
2.061087951803934892e+00
2.044820287277301141e+00
2.028736730946118172e+00
2.012836634616791187e+00
1.997119312578268246e+00
1.981584042931679335e+00
1.966230068894993188e+00
1.951056600082672565e+00
1.936062813760405676e+00
1.921247856074882687e+00
1.906610843258756294e+00
1.892150862810836776e+00
1.877866974651677845e+00
1.863758212254632562e+00
1.849823583752583822e+00
1.836062073020499508e+00
1.822472640734014604e+00
1.809054225404207461e+00
1.795805744388828673e+00
1.782726094880207057e+00
1.769814154870053446e+00
1.757068784091444735e+00
1.744488824938239979e+00
1.732073103362217870e+00
1.719820429748188717e+00
1.707729599767432438e+00
1.695799395209698579e+00
1.684028584794108774e+00
1.672415924959290034e+00
1.660960160633022431e+00
1.649660025981732669e+00
1.638514245140181069e+00
1.627521532921648140e+00
1.616680595508965590e+00
1.605990131126705744e+00
1.595448830694896625e+00
1.585055378464581333e+00
1.574808452635550804e+00
1.564706725956603206e+00
1.554748866308642175e+00
1.544933537270994250e+00
1.535259398671239506e+00
1.525725107118899970e+00
1.516329316523307824e+00
1.507070678596022617e+00
1.497947843338073959e+00
1.488959459512372296e+00
1.480104175101618846e+00
1.471380637752042642e+00
1.462787495203217603e+00
1.454323395704344213e+00
1.445986988417283792e+00
1.437776923806592722e+00
1.429691854016938546e+00
1.421730433238131974e+00
1.413891318058089652e+00
1.406173167804021462e+00
1.398574644872077055e+00
1.391094415045788679e+00
1.383731147803555439e+00
1.376483516615411018e+00
1.369350199229369514e+00
1.362329877947596746e+00
1.355421239892672824e+00
1.348622977264146483e+00
1.341933787585662508e+00
1.335352373942914950e+00
1.328877445212598429e+00
1.322507716282646406e+00
1.316241908263937832e+00
1.310078748693708439e+00
1.304016971730867169e+00
1.298055318343448006e+00
1.292192536488359744e+00
1.286427381283677285e+00
1.280758615173644310e+00
1.275185008086560989e+00
1.269705337585784521e+00
1.264318389013973976e+00
1.259022955630792140e+00
1.253817838744216706e+00
1.248701847835627765e+00
1.243673800678842145e+00
1.238732523453257128e+00
1.233876850851235440e+00
1.229105626179913369e+00
1.224417701457557461e+00
1.219811937504606369e+00
1.215287204029578350e+00
1.210842379709923256e+00
1.206476352267991548e+00
1.202188018542253989e+00
1.197976284553845083e+00
1.193840065568615438e+00
1.189778286154796305e+00
1.185789880236347349e+00
1.181873791142166619e+00
1.178028971651224888e+00
1.174254384033759369e+00
1.170549000088604741e+00
1.166911801176812480e+00
1.163341778251586911e+00
1.159837931884700080e+00
1.156399272289438285e+00
1.153024819340208618e+00
1.149713602588837258e+00
1.146464661277719399e+00
1.143277044349872762e+00
1.140149810455920676e+00
1.137082027958217223e+00
1.134072774932082694e+00
1.131121139164237288e+00
1.128226218148593141e+00
1.125387119079349629e+00
1.122602958841598886e+00
1.119872863999414436e+00
1.117195970781523551e+00
1.114571425064635912e+00
1.111998382354498549e+00
1.109476007764715222e+00
1.107003475993433073e+00
1.104579971297929397e+00
1.102204687467154720e+00
1.099876827792306111e+00
1.097595605035514454e+00
1.095360241396622358e+00
1.093169968478197474e+00
1.091024027248794548e+00
1.088921668004490195e+00
1.086862150328822496e+00
1.084844743051093907e+00
1.082868724203180033e+00
1.080933380974793856e+00
1.079038009667349529e+00
1.077181915646398203e+00
1.075364413292743793e+00
1.073584825952240696e+00
1.071842485884320961e+00
1.070136734209333751e+00
1.068466920854698854e+00
1.066832404499917786e+00
1.065232552520538167e+00
1.063666740931023869e+00
1.062134354326659480e+00
1.060634785824476900e+00
1.059167437003241341e+00
1.057731717842568697e+00
1.056327046661194702e+00
1.054952850054412083e+00
1.053608562830747886e+00
1.052293627947884502e+00
1.051007496447899481e+00
1.049749627391820539e+00
1.048519487793534877e+00
1.047316552553109625e+00
1.046140304389538089e+00
1.044990233772943977e+00
1.043865838856301353e+00
1.042766625406639669e+00
1.041692106735840007e+00
1.040641803630994788e+00
1.039615244284417539e+00
1.038611964223242978e+00
1.037631506238759771e+00
1.036673420315395111e+00
1.035737263559462162e+00
1.034822600127661474e+00
1.033929001155342142e+00
1.033056044684600661e+00
1.032203315592192583e+00
1.031370405517318956e+00
1.030556912789284185e+00
1.029762442355096397e+00
1.028986605706932789e+00
1.028229020809650951e+00
1.027489312028188495e+00
1.026767110055039289e+00
1.026062051837714151e+00
1.025373780506236399e+00
1.024701945300726003e+00
1.024046201499069442e+00
1.023406210344687040e+00
1.022781638974405549e+00
1.022172160346519032e+00
1.021577453168984073e+00
1.020997201827794187e+00
1.020431096315561392e+00
1.019878832160316939e+00
1.019340110354534312e+00
1.018814637284423563e+00
1.018302124659449470e+00
1.017802289442181429e+00
1.017314853778411132e+00
1.016839544927572447e+00
1.016376095193522566e+00
1.015924241855624910e+00
1.015483727100195743e+00
1.015054297952332707e+00
1.014635706208117494e+00
1.014227708367171576e+00
1.013830065565678451e+00
1.013442543509764260e+00
1.013064912409344265e+00
1.012696946912373441e+00
1.012338426039555817e+00
1.011989133119527207e+00
1.011648855724466278e+00
1.011317385606207653e+00
1.010994518632843731e+00
1.010680054725802357e+00
1.010373797797419648e+00
1.010075555689040616e+00
1.009785140109610513e+00
1.009502366574819288e+00
1.009227054346740537e+00
1.008959026374029122e+00
1.008698109232660345e+00
1.008444133067197823e+00
1.008196931532618246e+00
1.007956341736702344e+00
1.007722204182986525e+00
1.007494362714271174e+00
1.007272664456700495e+00
1.007056959764424997e+00
1.006847102164821317e+00
1.006642948304316665e+00
1.006444357894783925e+00
1.006251193660506082e+00
1.006063321285771694e+00
1.005880609363003053e+00
1.005702929341520946e+00
1.005530155476875187e+00
1.005362164780793544e+00
1.005198836971697096e+00
1.005040054425830665e+00
1.004885702128993419e+00
1.004735667628833262e+00
1.004589840987778704e+00
1.004448114736547826e+00
1.004310383828229458e+00
1.004176545593026715e+00
1.004046499693494798e+00
1.003920148080473584e+00
1.003797394949543120e+00
1.003678146698085971e+00
1.003562311882955749e+00
1.003449801178716516e+00
1.003340527336469501e+00
1.003234405143242025e+00
1.003131351382007486e+00
1.003031284792228250e+00
1.002934126031009177e+00
1.002839797634795582e+00
1.002748223981657194e+00
1.002659331254151631e+00
1.002573047402710804e+00
1.002489302109615954e+00
1.002408026753519588e+00
1.002329154374519415e+00
1.002252619639789177e+00
1.002178358809723058e+00
1.002106309704664300e+00
1.002036411672134752e+00
1.001968605554602876e+00
1.001902833657802638e+00
1.001839039719546021e+00
1.001777168879063762e+00
1.001717167646864581e+00
1.001658983875099995e+00
1.001602566728431620e+00
1.001547866655403851e+00
1.001494835360312585e+00
1.001443425775542906e+00
1.001393592034444335e+00
1.001345289444610653e+00
1.001298474461694177e+00
1.001253104663673454e+00
1.001209138725576597e+00
1.001166536394677564e+00
1.001125258466127432e+00
1.001085266759057735e+00
1.001046524093118117e+00
1.001008994265436769e+00
1.000972642028051807e+00
1.000937433065723914e+00
1.000903333974211051e+00
1.000870312238939075e+00
1.000838336214090463e+00
1.000807375102090502e+00
1.000777398933513584e+00
1.000748378547364092e+00
1.000720285571766510e+00
1.000693092405020135e+00
1.000666772197047472e+00
1.000641298831213666e+00
1.000616646906513640e+00
1.000592791720119390e+00
1.000569709250292760e+00
1.000547376139644840e+00
1.000525769678748622e+00
1.000504867790068309e+00
1.000484649012275407e+00
1.000465092484856600e+00
1.000446177933040914e+00
1.000427885653089488e+00
1.000410196497867776e+00
1.000393091862744166e+00
1.000376553671770141e+00
1.000360564364214611e+00
1.000345106881319390e+00
1.000330164653412179e+00
1.000315721587266227e+00
1.000301762053763310e+00
1.000288270875806740e+00
1.000275233316541668e+00
1.000262635067806327e+00
1.000250462238866378e+00
1.000238701345404602e+00
1.000227339298748630e+00
1.000216363395360464e+00
1.000205761306574681e+00
1.000195521068562243e+00
1.000185631072525450e+00
1.000176080055134920e+00
1.000166857089195505e+00
1.000157951574512705e+00
1.000149353228998672e+00
1.000141052079979165e+00
1.000133038455721213e+00
1.000125302977127095e+00
1.000117836549694772e+00
1.000110630355609320e+00
1.000103675846078621e+00
1.000096964733812710e+00
1.000090488985730941e+00
1.000084240815819481e+00
1.000078212678171319e+00
1.000072397260218127e+00
1.000066787476105779e+00
1.000061376460267493e+00
1.000056157561123982e+00
1.000051124334977226e+00
1.000046270540029925e+00
1.000041590130593461e+00
1.000037077251401563e+00
1.000032726232112701e+00
1.000028531581920843e+00
1.000024487984341404e+00
1.000020590292091560e+00
1.000016833522140214e+00
1.000013212850870081e+00
1.000009723609389001e+00
1.000006361278926059e+00
1.000003121486387370e+00
1.000000000000013767e+00
