1.000000000000000000e+00
1.002951397468284434e+00
1.005875834454349693e+00
1.008773309443260047e+00
1.011643819971881353e+00
1.014487362681951499e+00
1.017303933373267855e+00
1.020093527057003291e+00
1.022856138009143878e+00
1.025591759824049154e+00
1.028300385468137845e+00
1.030982007333692607e+00
1.033636617292784665e+00
1.036264206751314809e+00
1.038864766703166964e+00
1.041438287784472116e+00
1.043984760327974826e+00
1.046504174417500321e+00
1.048996519942515526e+00
1.051461786652776231e+00
1.053899964213055096e+00
1.056311042257941812e+00
1.058695010446708329e+00
1.061051858518228697e+00
1.063381576345945545e+00
1.065684153992871863e+00
1.067959581766619204e+00
1.070207850274437877e+00
1.072428950478261811e+00
1.074622873749740082e+00
1.076789611925247581e+00
1.078929157360857261e+00
1.081041502987259761e+00
1.083126642364617975e+00
1.085184569737340121e+00
1.087215280088753566e+00
1.089218769195664738e+00
1.091195033682786919e+00
1.093144071077020385e+00
1.095065879861561342e+00
1.096960459529828791e+00
1.098827810639180447e+00
1.100667934864408171e+00
1.102480835050983377e+00
1.104266515268036875e+00
1.106024980861051166e+00
1.107756238504241653e+00
1.109460296252605005e+00
1.111137163593613586e+00
1.112786851498531959e+00
1.114409372473329274e+00
1.116004740609168433e+00
1.117572971632442957e+00
1.119114082954342004e+00
1.120628093719911789e+00
1.122115024856594978e+00
1.123574899122217641e+00
1.125007741152399321e+00
1.126413577507360930e+00
1.127792436718102476e+00
1.129144349331925090e+00
1.130469347957269388e+00
1.131767467307844832e+00
1.133038744246020579e+00
1.134283217825453161e+00
1.135500929332921460e+00
1.136691922329341908e+00
1.137856242689938124e+00
1.138993938643535486e+00
1.140105060810952864e+00
1.141189662242467762e+00
1.142247798454321117e+00
1.143279527464241996e+00
1.144284909825957541e+00
1.145264008662668198e+00
1.146216889699455344e+00
1.147143621294600013e+00
1.148044274469781190e+00
1.148918922939132781e+00
1.149767643137131312e+00
1.150590514245285245e+00
1.151387618217611042e+00
1.152159039804858232e+00
1.152904866577471488e+00
1.153625188947258184e+00
1.154320100187741449e+00
1.154989696453176951e+00
1.155634076796208554e+00
1.156253343184145521e+00
1.156847600513836394e+00
1.157416956625121784e+00
1.157961522312848324e+00
1.158481411337421330e+00
1.158976740433881325e+00
1.159447629319486861e+00
1.159894200699787437e+00
1.160316580273170306e+00
1.160714896733868073e+00
1.161089281773412640e+00
1.161439870080525072e+00
1.161766799339425393e+00
1.162070210226557876e+00
1.162350246405714937e+00
1.162607054521560546e+00
1.162840784191535581e+00
1.163051587996146274e+00
1.163239621467627494e+00
1.163405043076977341e+00
1.163548014219360160e+00
1.163668699197875966e+00
1.163767265205696511e+00
1.163843882306567989e+00
1.163898723413682834e+00
1.163931964266923247e+00
1.163943783408480259e+00
1.163934362156856750e+00
1.163903884579257086e+00
1.163852537462375825e+00
1.163780510281591907e+00
1.163687995168579681e+00
1.163575186877350731e+00
1.163442282748737400e+00
1.163289482673333985e+00
1.163116989052910277e+00
1.162925006760317181e+00
1.162713743097899544e+00
1.162483407754438147e+00
1.162234212760642649e+00
1.161966372443213213e+00
1.161680103377500384e+00
1.161375624338783830e+00
1.161053156252197738e+00
1.160712922141328152e+00
1.160355147075511795e+00
1.159980058115867685e+00
1.159587884260088630e+00
1.159178856386025691e+00
1.158753207194099577e+00
1.158311171148572072e+00
1.157852984417710784e+00
1.157378884812887421e+00
1.156889111726639774e+00
1.156383906069743839e+00
1.155863510207326028e+00
1.155328167894062119e+00
1.154778124208499124e+00
1.154213625486543160e+00
1.153634919254155289e+00
1.153042254159298174e+00
1.152435879903175531e+00
1.151816047170811208e+00
1.151183007561009664e+00
1.150537013515746665e+00
1.149878318249029974e+00
1.149207175675285741e+00
1.148523840337307256e+00
1.147828567333820216e+00
1.147121612246707167e+00
1.146403231067944173e+00
1.145673680126292782e+00
1.144933216013795718e+00
1.144182095512130015e+00
1.143420575518858451e+00
1.142648912973632580e+00
1.141867364784394656e+00
1.141076187753627069e+00
1.140275638504695932e+00
1.139465973408339439e+00
1.138647448509345628e+00
1.137820319453471729e+00
1.136984841414648173e+00
1.136141269022515443e+00
1.135289856290343735e+00
1.134430856543375832e+00
1.133564522347642711e+00
1.132691105439297630e+00
1.131810856654510200e+00
1.130924025859967763e+00
1.130030861884023130e+00
1.129131612448537325e+00
1.128226524101453299e+00
1.127315842150145464e+00
1.126399810595583695e+00
1.125478672067351749e+00
1.124552667759557423e+00
1.123622037367676407e+00
1.122687019026357813e+00
1.121747849248238449e+00
1.120804762863788273e+00
1.119857992962232318e+00
1.118907770833570625e+00
1.117954325911736824e+00
1.116997885718919337e+00
1.116038675811076519e+00
1.115076919724673710e+00
1.114112838924669724e+00
1.113146652753774335e+00
1.112178578383006267e+00
1.111208830763570798e+00
1.110237622580079631e+00
1.109265164205134546e+00
1.108291663655292858e+00
1.107317326548430403e+00
1.106342356062525178e+00
1.105366952895867616e+00
1.104391315228719916e+00
1.103415638686430000e+00
1.102440116304017614e+00
1.101464938492235035e+00
1.100490293005121467e+00
1.099516364909045585e+00
1.098543336553252647e+00
1.097571387541917076e+00
1.096600694707701162e+00
1.095631432086827450e+00
1.094663770895661248e+00
1.093697879508804593e+00
1.092733923438700572e+00
1.091772065316743756e+00
1.090812464875893895e+00
1.089855278934785732e+00
1.088900661383331414e+00
1.087948763169806377e+00
1.086999732289408049e+00
1.086053713774282503e+00
1.085110849685002377e+00
1.084171279103489427e+00
1.083235138127364161e+00
1.082302559865713665e+00
1.081373674436256760e+00
1.080448608963896717e+00
1.079527487580640432e+00
1.078610431426867855e+00
1.077697558653933907e+00
1.076788984428084239e+00
1.075884820935659736e+00
1.074985177389578217e+00
1.074090160037061814e+00
1.073199872168595359e+00
1.072314414128087368e+00
1.071433883324216074e+00
1.070558374242930544e+00
1.069687978461085098e+00
1.068822784661183745e+00
1.067962878647203961e+00
1.067108343361479639e+00
1.066259258902611418e+00
1.065415702544381560e+00
1.064577748755644038e+00
1.063745469221162532e+00
1.062918932863368360e+00
1.062098205865013689e+00
1.061283351692684729e+00
1.060474431121153138e+00
1.059671502258534126e+00
1.058874620572221925e+00
1.058083838915576447e+00
1.057299207555328913e+00
1.056520774199680268e+00
1.055748584027061732e+00
1.054982679715530391e+00
1.054223101472768542e+00
1.053469887066661004e+00
1.052723071856418224e+00
1.051982688824221190e+00
1.051248768607355499e+00
1.050521339530808174e+00
1.049800427640301459e+00
1.049086056735730521e+00
1.048378248404984170e+00
1.047677022058116414e+00
1.046982394961843310e+00
1.046294382274340018e+00
1.045612997080311191e+00
1.044938250426305615e+00
1.044270151356255560e+00
1.043608706947211084e+00
1.042953922345244866e+00
1.042305800801506033e+00
1.041664343708396778e+00
1.041029550635848455e+00
1.040401419367674940e+00
1.039779945937979733e+00
1.039165124667596807e+00
1.038556948200539898e+00
1.037955407540444241e+00
1.037360492086973451e+00
1.036772189672179767e+00
1.036190486596788807e+00
1.035615367666398834e+00
1.035046816227568112e+00
1.034484814203779024e+00
1.033929342131255202e+00
1.033380379194619891e+00
1.032837903262376456e+00
1.032301890922195042e+00
1.031772317515991855e+00
1.031249157174782827e+00
1.030732382853302376e+00
1.030221966364368580e+00
1.029717878412984344e+00
1.029220088630159680e+00
1.028728565606446876e+00
1.028243276925172811e+00
1.027764189195357281e+00
1.027291268084311371e+00
1.026824478349899206e+00
1.026363783872459523e+00
1.025909147686373091e+00
1.025460532011269521e+00
1.025017898282867046e+00
1.024581207183432818e+00
1.024150418671862850e+00
1.023725492013366267e+00
1.023306385808758101e+00
1.022893058023346180e+00
1.022485466015409017e+00
1.022083566564263579e+00
1.021687315897912063e+00
1.021296669720269001e+00
1.020911583237960940e+00
1.020532011186697785e+00
1.020157907857212498e+00
1.019789227120764696e+00
1.019425922454208155e+00
1.019067946964619997e+00
1.018715253413488453e+00
1.018367794240459201e+00
1.018025521586639170e+00
1.017688387317458476e+00
1.017356343045086708e+00
1.017029340150408911e+00
1.016707329804554583e+00
1.016390262989989246e+00
1.016078090521160826e+00
1.015770763064706372e+00
1.015468231159221357e+00
1.015170445234590657e+00
1.014877355630882994e+00
1.014588912616814165e+00
1.014305066407777511e+00
1.014025767183447169e+00
1.013750965104953439e+00
1.013480610331637388e+00
1.013214653037384672e+00
1.012953043426541244e+00
1.012695731749417849e+00
1.012442668317383943e+00
1.012193803517554169e+00
1.011949087827075155e+00
1.011708471827012845e+00
1.011471906215843042e+00
1.011239341822556481e+00
1.011010729619374882e+00
1.010786020734086854e+00
1.010565166462007003e+00
1.010348118277561102e+00
1.010134827845506678e+00
1.009925247031788542e+00
1.009719327914035736e+00
1.009517022791707852e+00
1.009318284195890536e+00
1.009123064898749034e+00
1.008931317922642679e+00
1.008742996548907422e+00
1.008558054326308628e+00
1.008376445079171901e+00
1.008198122915195949e+00
1.008023042232952582e+00
1.007851157729079850e+00
1.007682424405171417e+00
1.007516797574370848e+00
1.007354232867672783e+00
1.007194686239938575e+00
1.007038113975628590e+00
1.006884472694260069e+00
1.006733719355594969e+00
1.006585811264558483e+00
1.006440706075900637e+00
1.006298361798601215e+00
1.006158736800022435e+00
1.006021789809820044e+00
1.005887479923611272e+00
1.005755766606408974e+00
1.005626609695827289e+00
1.005499969405057925e+00
1.005375806325631949e+00
1.005254081429961532e+00
1.005134756073675861e+00
1.005017791997747212e+00
1.004903151330419631e+00
1.004790796588941548e+00
1.004680690681104549e+00
1.004572796906599841e+00
1.004467078958189541e+00
1.004363500922702768e+00
1.004262027281856540e+00
1.004162622912912362e+00
1.004065253089164944e+00
1.003969883480274161e+00
1.003876480152440465e+00
1.003785009568429976e+00
1.003695438587453470e+00
1.003607734464901702e+00
1.003521864851943057e+00
1.003437797794986874e+00
1.003355501735016642e+00
1.003274945506795746e+00
1.003196098337951314e+00
1.003118929847939933e+00
1.003043410046897899e+00
1.002969509334379561e+00
1.002897198497989084e+00
1.002826448711908292e+00
1.002757231535323035e+00
1.002689518910752531e+00
1.002623283162287215e+00
1.002558496993733783e+00
1.002495133486674517e+00
1.002433166098444017e+00
1.002372568660022445e+00
1.002313315373855929e+00
1.002255380811597263e+00
1.002198739911781100e+00
1.002143367977426314e+00
1.002089240673575077e+00
1.002036334024771103e+00
1.001984624412473490e+00
1.001934088572418613e+00
1.001884703591925607e+00
1.001836446907148570e+00
1.001789296300284793e+00
1.001743229896730147e+00
1.001698226162195393e+00
1.001654263899778963e+00
1.001611322247000668e+00
1.001569380672798992e+00
1.001528418974493739e+00
1.001488417274715159e+00
1.001449356018304426e+00
1.001411215969186141e+00
1.001373978207213744e+00
1.001337624124991388e+00
1.001302135424673834e+00
1.001267494114747025e+00
1.001233682506789568e+00
1.001200683212218001e+00
1.001168479139017853e+00
1.001137053488462492e+00
1.001106389751819759e+00
1.001076471707049720e+00
1.001047283415494427e+00
1.001018809218562122e+00
1.000991033734406122e+00
1.000963941854600581e+00
1.000937518740813603e+00
1.000911749821482788e+00
1.000886620788488557e+00
1.000862117593830591e+00
1.000838226446310042e+00
1.000814933808213736e+00
1.000792226392006157e+00
1.000770091157026753e+00
1.000748515306199682e+00
1.000727486282747547e+00
1.000706991766920018e+00
1.000687019672730438e+00
1.000667558144709535e+00
1.000648595554666898e+00
1.000630120498472442e+00
1.000612121792847642e+00
1.000594588472178526e+00
1.000577509785340657e+00
1.000560875192545218e+00
1.000544674362201292e+00
1.000528897167799247e+00
1.000513533684812773e+00
1.000498574187621559e+00
1.000484009146456410e+00
1.000469829224364338e+00
1.000456025274197414e+00
1.000442588335623606e+00
1.000429509632163150e+00
1.000416780568245345e+00
1.000404392726293779e+00
1.000392337863833525e+00
1.000380607910625219e+00
1.000369194965824216e+00
1.000358091295165508e+00
1.000347289328177514e+00
1.000336781655418505e+00
1.000326561025744576e+00
1.000316620343601137e+00
1.000306952666346616e+00
1.000297551201598356e+00
1.000288409304612269e+00
1.000279520475686246e+00
1.000270878357595983e+00
1.000262476733057015e+00
1.000254309522217167e+00
1.000246370780175864e+00
1.000238654694534990e+00
1.000231155582977927e+00
1.000223867890878582e+00
1.000216786188937279e+00
1.000209905170850178e+00
1.000203219651004449e+00
1.000196724562205874e+00
1.000190414953433748e+00
1.000184285987626209e+00
1.000178332939495540e+00
1.000172551193371451e+00
1.000166936241075222e+00
1.000161483679823160e+00
1.000156189210158919e+00
1.000151048633913797e+00
1.000146057852198789e+00
1.000141212863423279e+00
1.000136509761344605e+00
1.000131944733144040e+00
1.000127514057534750e+00
1.000123214102893954e+00
1.000119041325428171e+00
1.000114992267363334e+00
1.000111063555163993e+00
1.000107251897780714e+00
1.000103554084923907e+00
1.000099966985368516e+00
1.000096487545281132e+00
1.000093112786577976e+00
1.000089839805309966e+00
1.000086665770070216e+00
1.000083587920433281e+00
1.000080603565417725e+00
1.000077710081975768e+00
1.000074904913507368e+00
1.000072185568402050e+00
1.000069549618604281e+00
1.000066994698205258e+00
1.000064518502057354e+00
1.000062118784416976e+00
1.000059793357607418e+00
1.000057540090708796e+00
1.000055356908271520e+00
1.000053241789050862e+00
1.000051192764768171e+00
1.000049207918892735e+00
1.000047285385448292e+00
1.000045423347840190e+00
1.000043620037704528e+00
1.000041873733782172e+00
1.000040182760812302e+00
1.000038545488445729e+00
1.000036960330183078e+00
1.000035425742331396e+00
1.000033940222981643e+00
1.000032502311006599e+00
1.000031110585078542e+00
1.000029763662707794e+00
1.000028460199298808e+00
1.000027198887227797e+00
1.000025978454936126e+00
1.000024797666046794e+00
1.000023655318492910e+00
1.000022550243671482e+00
1.000021481305608528e+00
1.000020447400147283e+00
1.000019447454148835e+00
1.000018480424712974e+00
1.000017545298413912e+00
1.000016641090554659e+00
1.000015766844433829e+00
1.000014921630632436e+00
1.000014104546314231e+00
1.000013314714540469e+00
1.000012551283603557e+00
1.000011813426369800e+00
1.000011100339642578e+00
1.000010411243536179e+00
1.000009745380865400e+00
1.000009102016548024e+00
1.000008480437021285e+00
1.000007879949672995e+00
1.000007299882282652e+00
1.000006739582478543e+00
1.000006198417207059e+00
1.000005675772211777e+00
1.000005171051528308e+00
1.000004683676988471e+00
1.000004213087737570e+00
1.000003758739762327e+00
1.000003320105431470e+00
1.000002896673045649e+00
1.000002487946398677e+00
1.000002093444350759e+00
1.000001712700409495e+00
1.000001345262324426e+00
1.000000990691688685e+00
1.000000648563552641e+00
1.000000318466044869e+00
1.000000000000003997e+00
