0.000000000000000000e+00
1.422805177356507134e+00
2.862712893231708300e+00
4.319561760180708809e+00
5.793190378804025542e+00
7.283437332184499624e+00
8.790141180628676665e+00
1.031314045671543589e+01
1.185227366065464949e+01
1.340737925595868774e+01
1.497829566542958801e+01
1.656486126746466425e+01
1.816691439268337049e+01
1.978429332087814529e+01
2.141683627829200276e+01
2.306438143522550988e+01
2.472676690397581112e+01
2.640383073711029382e+01
2.809541092607735990e+01
2.980134540015679789e+01
3.152147202575211082e+01
3.325562860602706650e+01
3.500365288088870841e+01
3.676538252731889145e+01
3.854065516005635317e+01
4.032930833263127823e+01
4.213117953875400445e+01
4.394610621405969653e+01
4.577392573821042276e+01
4.761447543735607013e+01
4.946759258695541916e+01
5.133311441495847305e+01
5.321087810535105689e+01
5.510072080206250433e+01
5.700247961323724866e+01
5.891599161587061673e+01
6.084109386080945825e+01
6.277762337811761029e+01
6.472541718280633916e+01
6.668431228092951812e+01
6.865414567604331353e+01
7.063475437602980378e+01
7.262597540028369281e+01
7.462764578726148557e+01
7.663960260239176137e+01
7.866168294634535130e+01
8.069372396366389921e+01
8.273556285174495883e+01
8.478703687018197854e+01
8.684798335045657325e+01
8.891823970598107962e+01
9.099764344248858094e+01
9.308603216876767306e+01
9.518324360773880244e+01
9.728911560786899315e+01
9.940348615492131046e+01
1.015261933840354516e+02
1.036570755921352998e+02
1.057959712506592211e+02
1.079427190186088268e+02
1.100971577559111694e+02
1.122591265370895854e+02
1.144284646652379394e+02
1.166050116862928121e+02
1.187886074035980073e+02
1.209790918927549797e+02
1.231763055167540415e+02
1.253800889413786024e+02
1.275902831508767292e+02
1.298067294638927649e+02
1.320292695496518149e+02
1.342577454443898546e+02
1.364919995680217255e+02
1.387318747410393200e+02
1.409772142016314547e+02
1.432278616230178159e+02
1.454836611309877981e+02
1.477444573216359061e+02
1.500100952792843145e+02
1.522804205945840863e+02
1.545552793827849314e+02
1.568345183021642981e+02
1.591179845726062752e+02
1.614055259943196177e+02
1.636969909666854335e+02
1.659922285072238424e+02
1.682910882706692064e+02
1.705934205681432729e+02
1.728990763864153735e+02
1.752079074072387357e+02
1.775197660267517108e+02
1.798345053749329452e+02
1.821519793350985879e+02
1.844720425634307617e+02
1.867945505085250488e+02
1.891193594309455932e+02
1.914463264227760817e+02
1.937753094271546104e+02
1.961061672577805268e+02
1.984387596183813400e+02
2.007729471221274480e+02
2.031085913109827459e+02
2.054455546749791210e+02
2.077837006714022152e+02
2.101228937438770288e+02
2.124629993413403213e+02
2.148038839368887523e+02
2.171454150464894610e+02
2.194874612475421429e+02
2.218298921972796052e+02
2.241725786509956606e+02
2.265153924800877689e+02
2.288582066899031702e+02
2.312008954373763459e+02
2.335433340484463827e+02
2.358853990352427559e+02
2.382269681130279082e+02
2.405679202168858524e+02
2.429081355181448316e+02
2.452474954405241760e+02
2.475858826759936164e+02
2.499231812003350797e+02
2.522592762883960802e+02
2.545940545290249872e+02
2.569274038396777087e+02
2.592592134806861850e+02
2.615893740691794278e+02
2.639177775926469849e+02
2.662443174221368736e+02
2.685688883250778645e+02
2.708913864777193226e+02
2.732117094771781467e+02
2.755297563530867251e+02
2.778454275788331529e+02
2.801586250823867772e+02
2.824692522567014521e+02
2.847772139696907061e+02
2.870824165737670342e+02
2.893847679149403689e+02
2.916841773414690238e+02
2.939805557120583330e+02
2.962738154036014748e+02
2.985638703184575320e+02
3.008506358912629253e+02
3.031340290952713872e+02
3.054139684482194639e+02
3.076903740177136228e+02
3.099631674261362377e+02
3.122322718550674381e+02
3.144976120492214022e+02
3.167591143198940813e+02
3.190167065479215580e+02
3.212703181861469943e+02
3.235198802613971338e+02
3.257653253759652330e+02
3.280065877086029786e+02
3.302436030150198008e+02
3.324763086278910578e+02
3.347046434563758908e+02
3.369285479851459968e+02
3.391479642729272541e+02
3.413628359505562457e+02
3.435731082185532728e+02
3.457787278442157799e+02
3.479796431582347509e+02
3.501758040508369731e+02
3.523671619674580029e+02
3.545536699039482755e+02
3.567352824013187842e+02
3.589119555400288277e+02
3.610836469338225925e+02
3.632503157231187174e+02
3.654119225679584702e+02
3.675684296405196392e+02
3.697198006171996099e+02
3.718660006702773444e+02
3.740069964591578469e+02
3.761427561212078672e+02
3.782732492621891538e+02
3.803984469462969855e+02
3.825183216858109176e+02
3.846328474303667235e+02
3.867419995558556138e+02
3.888457548529607948e+02
3.909440915153386982e+02
3.930369891274531255e+02
3.951244286520723676e+02
3.972063924174364615e+02
3.992828641041044193e+02
4.013538287314909780e+02
4.034192726441004879e+02
4.054791834974700464e+02
4.075335502438277331e+02
4.095823631174792467e+02
4.116256136199295952e+02
4.136632945047509793e+02
4.156953997622068187e+02
4.177219246036414688e+02
4.197428654456442700e+02
4.217582198940002627e+02
4.237679867274356980e+02
4.257721658811694283e+02
4.277707584302784767e+02
4.297637665728897787e+02
4.317511936132075334e+02
4.337330439443846899e+02
4.357093230312505057e+02
4.376800373929029320e+02
4.396451945851756591e+02
4.416048031829906222e+02
4.435588727626040395e+02
4.455074138837576356e+02
4.474504380717432923e+02
4.493879577993906196e+02
4.513199864689883611e+02
4.532465383941469668e+02
4.551676287816133595e+02
4.570832737130460828e+02
4.589934901267598661e+02
4.608982957994496132e+02
4.627977093279002361e+02
4.646917501106948976e+02
4.665804383299252436e+02
4.684637949329174944e+02
4.703418416139772376e+02
4.722146007961655982e+02
4.740820956131119601e+02
4.759443498908720471e+02
4.778013881298393244e+02
4.796532354867162553e+02
4.814999177565536570e+02
4.833414613548649754e+02
4.851778932998226423e+02
4.870092411945424260e+02
4.888355332094642449e+02
4.906567980648346179e+02
4.924730650132965479e+02
4.942843638225944574e+02
4.960907247583995741e+02
4.978921785672602596e+02
4.996887564596851803e+02
5.014804900933628460e+02
5.032674115565231432e+02
5.050495533514463204e+02
5.068269483781242570e+02
5.085996299180779943e+02
5.103676316183369863e+02
5.121309874755828560e+02
5.138897318204641351e+02
5.156438993020829002e+02
5.173935248726600094e+02
5.191386437723804193e+02
5.208792915144225617e+02
5.226155038701756439e+02
5.243473168546471470e+02
5.260747667120635924e+02
5.277978899016662808e+02
5.295167230837078023e+02
5.312313031056468162e+02
5.329416669885478086e+02
5.346478519136841214e+02
5.363498952093494836e+02
5.380478343378767931e+02
5.397417068828679021e+02
5.414315505366340631e+02
5.431174030878495387e+02
5.447993024094190559e+02
5.464772864465599014e+02
5.481513932050987705e+02
5.498216607399861005e+02
5.514881271440260662e+02
5.531508305368239462e+02
5.548098090539508576e+02
5.564651008363255187e+02
5.581167440198138365e+02
5.597647767250456354e+02
5.614092370474484142e+02
5.630501630474975627e+02
5.646875927411830389e+02
5.663215640906919361e+02
5.679521149953045551e+02
5.695792832825069354e+02
5.712031066993145032e+02
5.728236229038089959e+02
5.744408694568861620e+02
5.760548838142142358e+02
5.776657033183995509e+02
5.792733651913615631e+02
5.808779065269121702e+02
5.824793642835402352e+02
5.840777752773994962e+02
5.856731761754959962e+02
5.872656034890775345e+02
5.888550935672186597e+02
5.904416825906029089e+02
5.920254065654984288e+02
5.936063013179261816e+02
5.951844024880176676e+02
5.967597455245609126e+02
5.983323656797326748e+02
5.999022980040135735e+02
6.014695773412857989e+02
6.030342383241090829e+02
6.045963153691748175e+02
6.061558426729336588e+02
6.077128542073967310e+02
6.092673837161064512e+02
6.108194647102741328e+02
6.123691304650844813e+02
6.139164140161615251e+02
6.154613481561950721e+02
6.170039654317257600e+02
6.185442981400846065e+02
6.200823783264856957e+02
6.216182377812694995e+02
6.231519080372933104e+02
6.246834203674675337e+02
6.262128057824340885e+02
6.277400950283855536e+02
6.292653185850216460e+02
6.307885066636406464e+02
6.323096892053631564e+02
6.338288958794860264e+02
6.353461560819641818e+02
6.368614989340155716e+02
6.383749532808508320e+02
6.398865476905203877e+02
6.413963104528805843e+02
6.429042695786732793e+02
6.444104527987185520e+02
6.459148875632167801e+02
6.474176010411576954e+02
6.489186201198351682e+02
6.504179714044634011e+02
6.519156812178936207e+02
6.534117756004280864e+02
6.549062803097299366e+02
6.563992208208242118e+02
6.578906223261917603e+02
6.593805097359487490e+02
6.608689076781140557e+02
6.623558404989587416e+02
6.638413322634376073e+02
6.653254067556998734e+02
6.668080874796759190e+02
6.682893976597398478e+02
6.697693602414431098e+02
6.712479978923204271e+02
6.727253330027616585e+02
6.742013876869516480e+02
6.756761837838737392e+02
6.771497428583749070e+02
6.786220862022915981e+02
6.800932348356329840e+02
6.815632095078213979e+02
6.830320306989863184e+02
6.844997186213105351e+02
6.859662932204275876e+02
6.874317741768676342e+02
6.888961809075498195e+02
6.903595325673200023e+02
6.918218480505321395e+02
6.932831459926711659e+02
6.947434447720153230e+02
6.962027625113379372e+02
6.976611170796444412e+02
6.991185260939461159e+02
7.005750069210657784e+02
7.020305766794766669e+02
7.034852522411712243e+02
7.049390502335589872e+02
7.063919870413917579e+02
7.078440788087152669e+02
7.092953414408458457e+02
7.107457906063689279e+02
7.121954417391617653e+02
7.136443100404347888e+02
7.150924104807935464e+02
7.165397578023187179e+02
7.179863665206622727e+02
7.194322509271599984e+02
7.208774250909582406e+02
7.223219028611548538e+02
7.237656978689501557e+02
7.252088235298116388e+02
7.266512930456475488e+02
7.280931194069889898e+02
7.295343153951806698e+02
7.309748935845785809e+02
7.324148663447534773e+02
7.338542458426998110e+02
7.352930440450481910e+02
7.367312727202812539e+02
7.381689434409521482e+02
7.396060675859047251e+02
7.410426563424931601e+02
7.424787207088031664e+02
7.439142714958707074e+02
7.453493193299001405e+02
7.467838746544789501e+02
7.482179477327904351e+02
7.496515486498212795e+02
7.510846873145653717e+02
7.525173734622226220e+02
7.539496166563902761e+02
7.553814262912507047e+02
7.568128115937491884e+02
7.582437816257653367e+02
7.596743452862766617e+02
7.611045113135130578e+02
7.625342882871009351e+02
7.639636846301995092e+02
7.653927086116251530e+02
7.668213683479665406e+02
7.682496718056864893e+02
7.696776268032140251e+02
7.711052410130240560e+02
7.725325219637036298e+02
7.739594770420065970e+02
7.753861134948938343e+02
7.768124384315609632e+02
7.782384588254512892e+02
7.796641815162555531e+02
7.810896132118957667e+02
7.825147604904950640e+02
7.839396298023327745e+02
7.853642274717830105e+02
7.867885596992382489e+02
7.882126325630173369e+02
7.896364520212563320e+02
7.910600239137839935e+02
7.924833539639807896e+02
7.939064477806196010e+02
7.953293108596918728e+02
7.967519485862146666e+02
7.981743662360215694e+02
7.995965689775355258e+02
8.010185618735250728e+02
8.024403498828420425e+02
8.038619378621422129e+02
8.052833305675864040e+02
8.067045326565267942e+02
8.081255486891719784e+02
8.095463831302359949e+02
8.109670403505674585e+02
8.123875246287626624e+02
8.138078401527584447e+02
8.152279910214076608e+02
8.166479812460355561e+02
8.180678147519790855e+02
8.194874953801067932e+02
8.209070268883198196e+02
8.223264129530369928e+02
8.237456571706576369e+02
8.251647630590094877e+02
8.265837340587768267e+02
8.280025735349097431e+02
8.294212847780167976e+02
8.308398710057371090e+02
8.322583353640966379e+02
8.336766809288442346e+02
8.350949107067716568e+02
8.365130276370134652e+02
8.379310345923304340e+02
8.393489343803745442e+02
8.407667297449365833e+02
8.421844233671746451e+02
8.436020178668273957e+02
8.450195158034073302e+02
8.464369196773782278e+02
8.478542319313147573e+02
8.492714549510445750e+02
8.506885910667738244e+02
8.521056425541951285e+02
8.535226116355787553e+02
8.549395004808479825e+02
8.563563112086354749e+02
8.577730458873263615e+02
8.591897065360818715e+02
8.606062951258487601e+02
8.620228135803513396e+02
8.634392637770683905e+02
8.648556475481938151e+02
8.662719666815810342e+02
8.676882229216737414e+02
8.691044179704175576e+02
8.705205534881617950e+02
8.719366310945392797e+02
8.733526523693384433e+02
8.747686188533546101e+02
8.761845320492296878e+02
8.776003934222773069e+02
8.790162044012918159e+02
8.804319663793452264e+02
8.818476807145675593e+02
8.832633487309166185e+02
8.846789717189305975e+02
8.860945509364697728e+02
8.875100876094426212e+02
8.889255829325204559e+02
8.903410380698378503e+02
8.917564541556806716e+02
8.931718322951611526e+02
8.945871735648797767e+02
8.960024790135759076e+02
8.974177496627651180e+02
8.988329865073650353e+02
9.002481905163085685e+02
9.016633626331456526e+02
9.030785037766332835e+02
9.044936148413149795e+02
9.059086966980863735e+02
9.073237501947533019e+02
9.087387761565751134e+02
9.101537753868002483e+02
9.115687486671887427e+02
9.129836967585263210e+02
9.143986204011257541e+02
9.158135203153206021e+02
9.172283972019464500e+02
9.186432517428137317e+02
9.200580846011710037e+02
9.214728964221568503e+02
9.228876878332441720e+02
9.243024594446745823e+02
9.257172118498831423e+02
9.271319456259151366e+02
9.285466613338320485e+02
9.299613595191119657e+02
9.313760407120377067e+02
9.327907054280798320e+02
9.342053541682688547e+02
9.356199874195616530e+02
9.370346056551967422e+02
9.384492093350453388e+02
9.398637989059521942e+02
9.412783748020691519e+02
9.426929374451822241e+02
9.441074872450305975e+02
9.455220245996185895e+02
9.469365498955206704e+02
9.483510635081790952e+02
9.497655658021956242e+02
9.511800571316159676e+02
9.525945378402068400e+02
9.540090082617289227e+02
9.554234687202011855e+02
9.568379195301598656e+02
9.582523609969118752e+02
9.596667934167813883e+02
9.610812170773515390e+02
9.624956322576992989e+02
9.639100392286253509e+02
9.653244382528791903e+02
9.667388295853771751e+02
9.681532134734162582e+02
9.695675901568832842e+02
9.709819598684573521e+02
9.723963228338089948e+02
9.738106792717934468e+02
9.752250293946394777e+02
9.766393734081340199e+02
9.780537115118006568e+02
9.794680438990756102e+02
9.808823707574786113e+02
9.822966922687784290e+02
9.837110086091557832e+02
9.851253199493620514e+02
9.865396264548714953e+02
9.879539282860339426e+02
9.893682255982189417e+02
9.907825185419598029e+02
9.921968072630917277e+02
9.936110919028873241e+02
9.950253725981889374e+02
9.964396494815364349e+02
9.978539226812924881e+02
9.992681923217636495e+02
1.000682458523320179e+03
1.002096721402510752e+03
1.003510981072173990e+03
1.004925237641549643e+03
1.006339491216383180e+03
1.007753741899030047e+03
1.009167989788557179e+03
1.010582234980840326e+03
1.011996477568659088e+03
1.013410717641790598e+03
1.014824955287099328e+03
1.016239190588624751e+03
1.017653423627667394e+03
1.019067654482870694e+03
1.020481883230303652e+03
1.021896109943536885e+03
1.023310334693721302e+03
1.024724557549660631e+03
1.026138778577884068e+03
1.027552997842716877e+03
1.028967215406347805e+03
1.030381431328895360e+03
1.031795645668472389e+03
