0.000000000000000000e+00
1.434425221936764139e+00
2.909075606332534925e+00
4.423554828615037238e+00
5.977466534633753881e+00
7.570414326782485048e+00
9.202001750803054492e+00
1.087183228328641427e+01
1.257950931988798970e+01
1.432463616427445174e+01
1.610681601781933736e+01
1.792565197006505429e+01
1.978074698996866587e+01
2.167170391794890350e+01
2.359812545875141865e+01
2.555961417514927092e+01
2.755577248249513644e+01
2.958620264414145495e+01
3.165050676774422556e+01
3.374828680246591972e+01
3.587914453709222329e+01
3.804268159907704216e+01
4.023849945452960242e+01
4.246619940915684310e+01
4.472538261017390937e+01
4.701565004919478952e+01
4.933660256611457129e+01
5.168784085399430239e+01
5.406896546495850941e+01
5.647957681711510247e+01
5.891927520250643369e+01
6.138766079609981574e+01
6.388433366582486883e+01
6.640889378366453855e+01
6.896094103780585272e+01
7.154007524585547628e+01
7.414589616912496695e+01
7.677800352798908534e+01
7.943599701832027904e+01
8.211947632900154304e+01
8.482804116051883625e+01
8.756129124463366509e+01
9.031882636513536511e+01
9.310024637967207184e+01
9.590515124265809277e+01
9.873314102925490943e+01
1.015838159604219157e+02
1.044567764290321747e+02
1.073516230270474807e+02
1.102679565737466021e+02
1.132053781449983205e+02
1.161634891035721466e+02
1.191418911304762105e+02
1.221401862573128625e+02
1.251579768996402322e+02
1.281948658913281349e+02
1.312504565198945556e+02
1.343243525628092527e+02
1.374161583247490341e+02
1.405254786757888894e+02
1.436519190905121945e+02
1.467950856880216008e+02
1.499545852728324746e+02
1.531300253766283674e+02
1.563210143008584510e+02
1.595271611601547477e+02
1.627480759265467611e+02
1.659833694744501713e+02
1.692326536264048684e+02
1.724955411995372287e+02
1.757716460527205129e+02
1.790605831344060448e+02
1.823619685310976593e+02
1.856754195164401153e+02
1.890005546008930253e+02
1.923369935819583816e+02
1.956843575949321519e+02
1.990422691641469441e+02
2.024103522546736542e+02
2.057882323244490124e+02
2.091755363767943550e+02
2.125718930132919411e+02
2.159769324869827187e+02
2.193902867558504397e+02
2.228115895365552319e+02
2.262404763583802492e+02
2.296765846173535692e+02
2.331195536305077098e+02
2.365690246902388196e+02
2.400246411187265210e+02
2.434860483223754102e+02
2.469528938462395899e+02
2.504248274283899320e+02
2.539015010541850756e+02
2.573825690104055184e+02
2.608676879392116348e+02
2.643565168918847235e+02
2.678487173823110084e+02
2.713439534401692868e+02
2.748418916637808138e+02
2.783422012725820878e+02
2.818445541591806887e+02
2.853486249409541529e+02
2.888540910111524340e+02
2.923606325894647284e+02
2.958679327720115566e+02
2.993756775807237887e+02
3.028835560120703008e+02
3.063912600850965759e+02
3.098984848887366184e+02
3.134049286283621996e+02
3.169102926715325452e+02
3.204142815929095036e+02
3.239166032183031803e+02
3.274169686678135918e+02
3.309150923980355969e+02
3.344106922432936244e+02
3.379034894558753876e+02
3.413932087452328688e+02
3.448795783161208419e+02
3.483623299056439464e+02
3.518411988191838873e+02
3.553159239651799339e+02
3.587862478887366251e+02
3.622519168040331010e+02
3.657126806255108704e+02
3.691682929978163656e+02
3.726185113244777654e+02
3.760630967952935748e+02
3.795018144124164223e+02
3.829344330151103009e+02
3.863607253031682944e+02
3.897804678589719174e+02
3.931934411681786514e+02
3.965994296390258569e+02
3.999982216202361087e+02
4.033896094175171925e+02
4.067733893086435728e+02
4.101493615571141049e+02
4.135173304243777466e+02
4.168771041806223820e+02
4.202284951141228362e+02
4.235713195391442127e+02
4.269053978023998752e+02
4.302305542880641269e+02
4.335466174213387376e+02
4.368534196705780346e+02
4.401507975479745483e+02
4.434385916088092472e+02
4.467166464492750038e+02
4.499848107028769846e+02
4.532429370354220737e+02
4.564908821386032969e+02
4.597285067221920940e+02
4.629556755048504328e+02
4.661722572035738494e+02
4.693781245217811602e+02
4.725731541360655683e+02
4.757572266816217734e+02
4.789302267363689225e+02
4.820920428037841248e+02
4.852425672944684720e+02
4.883816965064633564e+02
4.915093306043385155e+02
4.946253735970738603e+02
4.977297333147563450e+02
5.008223213841164920e+02
5.039030532029260030e+02
5.069718479132844777e+02
5.100286283738167299e+02
5.130733211308089494e+02
5.161058563883095758e+02
5.191261679772212574e+02
5.221341933234119779e+02
5.251298734148721223e+02
5.281131527679483497e+02
5.310839793926797938e+02
5.340423047572672886e+02
5.369880837517064265e+02
5.399212746506109397e+02
5.428418390752584628e+02
5.457497419548892594e+02
5.486449514872867894e+02
5.515274390986702429e+02
5.543971794029324656e+02
5.572541501602498784e+02
5.600983322350988374e+02
5.629297095537058340e+02
5.657482690609648444e+02
5.685540006768500234e+02
5.713468972523564844e+02
5.741269545249981547e+02
5.768941710738921529e+02
5.796485482744616320e+02
5.823900902527858534e+02
5.851188038396264801e+02
5.878346985241604443e+02
5.905377864074478111e+02
5.932280821556632873e+02
5.959056029531200238e+02
5.985703684551132255e+02
6.012224007406117607e+02
6.038617242648251704e+02
6.064883658116712013e+02
6.091023544461729671e+02
6.117037214668085880e+02
6.142925003578417318e+02
6.168687267416557916e+02
6.194324383311173960e+02
6.219836748819921013e+02
6.245224781454378444e+02
6.270488918205961681e+02
6.295629615073058858e+02
6.320647346589598783e+02
6.345542605355275327e+02
6.370315901567612400e+02
6.394967762556092339e+02
6.419498732318539851e+02
6.443909371059937712e+02
6.468200254733877728e+02
6.492371974586808392e+02
6.516425136705258865e+02
6.540360361566210941e+02
6.564178283590767933e+02
6.587879550701281914e+02
6.611464823882091650e+02
6.634934776744000828e+02
6.658290095092652336e+02
6.681531476500914550e+02
6.704659629885409231e+02
6.727675275087306090e+02
6.750579142457492026e+02
6.773371972446223026e+02
6.796054515197374712e+02
6.818627530147363132e+02
6.841091785628855177e+02
6.863448058479341398e+02
6.885697133654646223e+02
6.907839803847473377e+02
6.929876869111034239e+02
6.951809136487838714e+02
6.973637419643703197e+02
6.995362538507043837e+02
7.016985318913482388e+02
7.038506592255836267e+02
7.059927195139531477e+02
7.081247969043452031e+02
7.102469759986288409e+02
7.123593418198407790e+02
7.144619797799246044e+02
7.165549756480288579e+02
7.186384155193608194e+02
7.207123857846003148e+02
7.227769730998745672e+02
7.248322643572915922e+02
7.268783466560369106e+02
7.289153072740299422e+02
7.309432336401399652e+02
7.329622133069631218e+02
7.349723339241573967e+02
7.369736832123336399e+02
7.389663489375034260e+02
7.409504188860796603e+02
7.429259808404284513e+02
7.448931225549690680e+02
7.468519317328205034e+02
7.488024960029921431e+02
7.507449028981109223e+02
7.526792398326884950e+02
7.546055940819186389e+02
7.565240527610044410e+02
7.584347028050103745e+02
7.603376309492348355e+02
7.622329237100982482e+02
7.641206673665445805e+02
7.660009479419480840e+02
7.678738511865226428e+02
7.697394625602289580e+02
7.715978672161729719e+02
7.734491499844915552e+02
7.752933953567189747e+02
7.771306874706299368e+02
7.789611100955532947e+02
7.807847466181490290e+02
7.826016800286455464e+02
7.844119929075297932e+02
7.862157674126842721e+02
7.880130852669657315e+02
7.898040277462184804e+02
7.915886756677177800e+02
7.933671093790352415e+02
7.951394087473216814e+02
7.969056531490005000e+02
7.986659214598656717e+02
8.004202920455766161e+02
8.021688427525466523e+02
8.039116508992161698e+02
8.056487932677034678e+02
8.073803460958321239e+02
8.091063850695200017e+02
8.108269853155336477e+02
8.125422213945912517e+02
8.142521672948171272e+02
8.159568964255360015e+02
8.176564816114009773e+02
8.193509950868524356e+02
8.210405084908967410e+02
8.227250928622033825e+02
8.244048186345102067e+02
8.260797556323327626e+02
8.277499730669727569e+02
8.294155395328148188e+02
8.310765230039119160e+02
8.327329908308478252e+02
8.343850097378738155e+02
8.360326458203132916e+02
8.376759645422257563e+02
8.393150307343295253e+02
8.409499085921722781e+02
8.425806616745443307e+02
8.442073529021348577e+02
8.458300445564154870e+02
8.474487982787551346e+02
8.490636750697539128e+02
8.506747352887944089e+02
8.522820386538035109e+02
8.538856442412193246e+02
8.554856104861582935e+02
8.570819951827769501e+02
8.586748554848239792e+02
8.602642479063761130e+02
8.618502283227541056e+02
8.634328519716125356e+02
8.650121734541999103e+02
8.665882467367840718e+02
8.681611251522356270e+02
8.697308614017686068e+02
8.712975075568314196e+02
8.728611150611430958e+02
8.744217347328718688e+02
8.759794167669496119e+02
8.775342107375216756e+02
8.790861656005216673e+02
8.806353296963733328e+02
8.821817507528103306e+02
8.837254758878136727e+02
8.852665516126591001e+02
8.868050238350747350e+02
8.883409378624994588e+02
8.898743384054448597e+02
8.914052695809510851e+02
8.929337749161359170e+02
8.944598973518332059e+02
8.959836792463165693e+02
8.975051623791046040e+02
8.990243879548448831e+02
9.005413966072723042e+02
9.020562284032407661e+02
9.035689228468207830e+02
9.050795188834644023e+02
9.065880549042313987e+02
9.080945687500745862e+02
9.095990977161815181e+02
9.111016785563673466e+02
9.126023474875211150e+02
9.141011401940962742e+02
9.155980918326481515e+02
9.170932370364105282e+02
9.185866099199142809e+02
9.200782440836403566e+02
9.215681726187088998e+02
9.230564281115966878e+02
9.245430426488871944e+02
9.260280478220447549e+02
9.275114747322149924e+02
9.289933539950453678e+02
9.304737157455275565e+02
9.319525896428567648e+02
9.334300048753053716e+02
9.349059901651128257e+02
9.363805737733845262e+02
9.378537835050019567e+02
9.393256467135389585e+02
9.407961903061852809e+02
9.422654407486739956e+02
9.437334240702090256e+02
9.452001658683960841e+02
9.466656913141703171e+02
9.481300251567221267e+02
9.495931917284182191e+02
9.510552149497161736e+02
9.525161183340735533e+02
9.539759249928447389e+02
9.554346576401708262e+02
9.568923385978552005e+02
9.583489898002286509e+02
9.598046327989970905e+02
9.612592887680763170e+02
9.627129785084085825e+02
9.641657224527618837e+02
9.656175406705091291e+02
9.670684528723892299e+02
9.685184784152436350e+02
9.699676363067343345e+02
9.714159452100350336e+02
9.728634234485011802e+02
9.743100890103127085e+02
9.757559595530910883e+02
9.772010524084910230e+02
9.786453845867623613e+02
9.800889727812844967e+02
9.815318333730718905e+02
9.829739824352486721e+02
9.844154357374931124e+02
9.858562087504512874e+02
9.872963166501169781e+02
9.887357743221815554e+02
9.901745963663477141e+02
9.916127971006127382e+02
9.930503905655147037e+02
9.944873905283451450e+02
9.959238104873270458e+02
9.973596636757562237e+02
9.987949630661069023e+02
1.000229721374101132e+03
1.001663951062740580e+03
1.003097664346302395e+03
1.004530873194296532e+03
1.005963589335385223e+03
1.007395824261264920e+03
1.008827589230509943e+03
1.010258895272376435e+03
1.011689753190568581e+03
1.013120173566965832e+03
1.014550166765310451e+03
1.015979742934855153e+03
1.017408912013973008e+03
1.018837683733725385e+03
1.020266067621393177e+03
1.021694073003964945e+03
1.023121709011587313e+03
1.024548984580975684e+03
1.025975908458782214e+03
1.027402489204928315e+03
1.028828735195892932e+03
1.030254654627962964e+03
1.031680255520444007e+03
1.033105545718830399e+03
1.034530532897934336e+03
1.035955224564978607e+03
1.037379628062645907e+03
1.038803750572090848e+03
1.040227599115911516e+03
1.041651180561082811e+03
1.043074501621847503e+03
1.044497568862572734e+03
1.045920388700563763e+03
1.047342967408840650e+03
1.048765311118876070e+03
1.050187425823294006e+03
1.051609317378531387e+03
1.053030991507461522e+03
1.054452453801977526e+03
1.055873709725540721e+03
1.057294764615691292e+03
1.058715623686520757e+03
1.060136292031106905e+03
1.061556774623914862e+03
1.062977076323158144e+03
1.064397201873126733e+03
1.065817155906476955e+03
1.067236942946487261e+03
1.068656567409277386e+03
1.070076033605993416e+03
1.071495345744958058e+03
1.072914507933785217e+03
1.074333524181462053e+03
1.075752398400395805e+03
1.077171134408428543e+03
1.078589735930816687e+03
1.080008206602178916e+03
1.081426549968412019e+03
1.082844769488572410e+03
1.084262868536727183e+03
1.085680850403773775e+03
1.087098718299227357e+03
1.088516475352977523e+03
1.089934124617014277e+03
1.091351669067124249e+03
1.092769111604556656e+03
1.094186455057658350e+03
1.095603702183482255e+03
1.097020855669364892e+03
1.098437918134474785e+03
1.099854892131335191e+03
1.101271780147315212e+03
1.102688584606097947e+03
1.104105307869116132e+03
1.105521952236966399e+03
1.106938519950792397e+03
1.108355013193643344e+03
1.109771434091809169e+03
1.111187784716125407e+03
1.112604067083256950e+03
1.114020283156955884e+03
1.115436434849293164e+03
1.116852524021868703e+03
1.118268552486995759e+03
1.119684522008863041e+03
1.121100434304674081e+03
1.122516291045761363e+03
1.123932093858680901e+03
1.125347844326283393e+03
1.126763543988763558e+03
1.128179194344688767e+03
1.129594796852005402e+03
1.131010352929025885e+03
1.132425863955393197e+03
1.133841331273028118e+03
1.135256756187054862e+03
1.136672139966705345e+03
1.138087483846210034e+03
1.139502789025663105e+03
1.140918056671873728e+03
1.142333287919197801e+03
1.143748483870350583e+03
1.145163645597203868e+03
1.146578774141563144e+03
1.147993870515931803e+03
1.149408935704252599e+03
1.150823970662639113e+03
1.152238976320086067e+03
1.153653953579167364e+03
1.155068903316715023e+03
1.156483826384486292e+03
1.157898723609813487e+03
1.159313595796239952e+03
1.160728443724140789e+03
1.162143268151330403e+03
1.163558069813655720e+03
1.164972849425574395e+03
1.166387607680722112e+03
1.167802345252464647e+03
1.169217062794438334e+03
1.170631760941075754e+03
1.172046440308122101e+03
1.173461101493136766e+03
1.174875745075984014e+03
1.176290371619311827e+03
1.177704981669019844e+03
1.179119575754714788e+03
1.180534154390155436e+03
1.181948718073687587e+03
1.183363267288667203e+03
1.184777802503874000e+03
1.186192324173914358e+03
1.187606832739614902e+03
1.189021328628405627e+03
1.190435812254694156e+03
1.191850284020229765e+03
1.193264744314459904e+03
1.194679193514875806e+03
1.196093631987350591e+03
1.197508060086468504e+03
1.198922478155846193e+03
1.200336886528444438e+03
1.201751285526873289e+03
1.203165675463689695e+03
1.204580056641684678e+03
1.205994429354167551e+03
1.207408793885237628e+03
1.208823150510053665e+03
1.210237499495092379e+03
1.211651841098402656e+03
1.213066175569852021e+03
1.214480503151366293e+03
1.215894824077164458e+03
1.217309138573984683e+03
1.218723446861306911e+03
1.220137749151567505e+03
1.221552045650369791e+03
1.222966336556687111e+03
1.224380622063061764e+03
1.225794902355797831e+03
1.227209177615149656e+03
1.228623448015503527e+03
1.230037713725555250e+03
1.231451974908484090e+03
1.232866231722118755e+03
1.234280484319102925e+03
1.235694732847051682e+03
1.237108977448707492e+03
1.238523218262089586e+03
1.239937455420638571e+03
1.241351689053360133e+03
1.242765919284961001e+03
1.244180146235982875e+03
1.245594370022932935e+03
1.247008590758408900e+03
1.248422808551223170e+03
1.249837023506520154e+03
