0.000000000000000000e+00
1.452109413331648780e+00
2.979619410578289607e+00
4.581747733354665009e+00
6.257712064193337476e+00
8.006729998449394259e+00
9.828019017327413565e+00
1.172079646209787285e+01
1.368427950957395822e+01
1.571768514892170110e+01
1.782023015987697079e+01
1.999113109244259689e+01
2.222960424813790681e+01
2.453486566287157800e+01
2.690613109150703863e+01
2.934261599418753974e+01
3.184353552448607161e+01
3.440810451944291515e+01
3.703553749155140906e+01
3.972504862275006587e+01
4.247585176047681443e+01
4.528716041583871288e+01
4.815818776394790746e+01
5.108814664647239567e+01
5.407624957644740959e+01
5.712170874539096843e+01
6.022373603276437137e+01
6.338154301781644762e+01
6.659434099384705519e+01
6.986134098492370015e+01
7.318175376508186503e+01
7.655478988003747531e+01
7.997965967143738908e+01
8.345557330367094551e+01
8.698174079326332730e+01
9.055737204086850056e+01
9.418167686587737819e+01
9.785386504365355620e+01
1.015731463454068262e+02
1.053387305807115979e+02
1.091498276426749783e+02
1.130056475557558713e+02
1.169054005262348710e+02
1.208482969953302444e+02
1.248335476949541061e+02
1.288603637060989513e+02
1.329279565198425246e+02
1.370355381009555629e+02
1.411823209540945072e+02
1.453675181925583786e+02
1.495903436095852328e+02
1.538500117521624304e+02
1.581457379973199977e+02
1.624767386308750474e+02
1.668422309285912490e+02
1.712414332397148371e+02
1.756735650728460314e+02
1.801378471841007922e+02
1.846335016675161853e+02
1.891597520476490217e+02
1.937158233743142546e+02
1.983009423194076533e+02
2.029143372757541499e+02
2.075552384579193870e+02
2.122228780049216539e+02
2.169164900847754041e+02
2.216353110007986800e+02
2.263785792996103510e+02
2.311455358807434379e+02
2.359354241077968481e+02
2.407474899210459682e+02
2.455809819514295498e+02
2.504351516358288166e+02
2.553092533335522205e+02
2.602025444439370290e+02
2.651142855249764807e+02
2.700437404128807657e+02
2.749901763424762748e+02
2.799528640683473668e+02
2.849310779866223129e+02
2.899240962573041998e+02
2.949312009270457793e+02
2.999516780522656632e+02
3.049848178225030324e+02
3.100299146839059858e+02
3.150862674627479123e+02
3.201531794888662148e+02
3.252299587189161798e+02
3.303159178593322167e+02
3.354103744888892606e+02
3.405126511807559950e+02
3.456220756239313801e+02
3.507379807439567685e+02
3.558597048227950950e+02
3.609865916177702729e+02
3.661179904794584559e+02
3.712532564684253771e+02
3.763917504707039825e+02
3.815328393119061730e+02
3.866758958698667357e+02
3.918202991857148163e+02
3.969654345732729439e+02
4.021106937266827686e+02
4.072554748261597979e+02
4.123991826417808966e+02
4.175412286352088813e+02
4.226810310592626365e+02
4.278180150552419718e+02
4.329516127479188867e+02
4.380812633381100909e+02
4.432064131927468793e+02
4.483265159323625539e+02
4.534410325159191189e+02
4.585494313228982151e+02
4.636511882325850706e+02
4.687457867004758896e+02
4.738327178317431958e+02
4.789114804516966615e+02
4.839815811731805297e+02
4.890425344608511864e+02
4.940938626922831531e+02
4.991350962158546167e+02
5.041657734053671902e+02
5.091854407113582965e+02
5.141936527090682603e+02
5.191899721430286263e+02
5.241739699682399305e+02
5.291452253879127738e+02
5.341033258877508842e+02
5.390478672667535420e+02
5.439784536645260005e+02
5.488946975850833496e+02
5.537962199171413431e+02
5.586826499508903225e+02
5.635536253912514439e+02
5.684087923676186165e+02
5.732478054400939982e+02
5.780703276022264845e+02
5.828760302802691058e+02
5.876645933289717050e+02
5.924357050239311775e+02
5.971890620505238303e+02
6.019243694894470309e+02
6.066413407989031157e+02
6.113396977934582992e+02
6.160191706196164887e+02
6.206794977281450656e+02
6.253204258431998142e+02
6.299417099282939034e+02
6.345431131491593533e+02
6.391244068335535076e+02
6.436853704280648572e+02
6.482257914519746009e+02
6.527454654482323804e+02
6.572441959316087150e+02
6.617217943340863258e+02
6.661780799475551476e+02
6.706128798638793569e+02
6.750260289124043993e+02
6.794173695949739340e+02
6.837867520185299099e+02
6.881340338253676236e+02
6.924590801211198823e+02
6.967617634005489435e+02
7.010419634712184234e+02
7.052995673751254344e+02
7.095344693083710581e+02
7.137465705389466848e+02
7.179357793227173943e+02
7.221020108176807071e+02
7.262451869965813103e+02
7.303652365579629304e+02
7.344620948357368206e+02
7.385357037073476931e+02
7.425860115006174738e+02
7.466129728993469143e+02
7.506165488477553254e+02
7.545967064538359637e+02
7.585534188917102938e+02
7.624866653030532007e+02
7.663964306976725993e+02
7.702827058533172249e+02
7.741454872147893411e+02
7.779847767924372874e+02
7.818005820601027835e+02
7.855929158525960929e+02
7.893617962627695306e+02
7.931072465382615064e+02
7.968292949779813625e+02
8.005279748284021935e+02
8.042033241797278151e+02
8.078553858620014125e+02
8.114842073412196441e+02
8.150898406155132534e+02
8.186723421114580788e+02
8.222317725805722830e+02
8.257681969960642618e+02
8.292816844498785258e+02
8.327723080501043569e+02
8.362401448187926007e+02
8.396852755902377794e+02
8.431077849097703165e+02
8.465077609331124222e+02
8.498852953263415202e+02
8.532404831665027132e+02
8.565734228429221275e+02
8.598842159592536518e+02
8.631729672363040891e+02
8.664397844156732162e+02
8.696847781642456994e+02
8.729080619795686289e+02
8.761097520961492364e+02
8.792899673927028061e+02
8.824488293003811350e+02
8.855864617120118965e+02
8.887029908923700532e+02
8.917985453895129240e+02
8.948732559471982313e+02
8.979272554184080946e+02
9.009606786800000009e+02
9.039736625485037393e+02
9.069663456970799871e+02
9.099388685736614661e+02
9.128913733202841740e+02
9.158240036936301749e+02
9.187369049867868398e+02
9.216302239522393620e+02
9.245041087261014354e+02
9.273587087535943283e+02
9.301941747157837881e+02
9.330106584575751185e+02
9.358083129169776839e+02
9.385872920556365671e+02
9.413477507906404753e+02
9.440898449276007796e+02
9.468137310950078245e+02
9.495195666798608727e+02
9.522075097645739561e+02
9.548777190651494493e+02
9.575303538706248219e+02
9.601655739837817691e+02
9.627835396631149933e+02
9.653844115660594980e+02
9.679683506934638899e+02
9.705355183353082111e+02
9.730860760176550457e+02
9.756201854508303768e+02
9.781380084788213480e+02
9.806397070298838798e+02
9.831254430683509327e+02
9.855953785476299345e+02
9.880496753643802776e+02
9.904884953138579249e+02
9.929120000464179157e+02
9.953203510251606758e+02
9.977137094847116714e+02
1.000092236391121332e+03
1.002456092402871377e+03
1.004805437832975826e+03
1.007140432612162499e+03
1.009461236253121115e+03
1.011768007815805390e+03
1.014060905873772526e+03
1.016340088481548833e+03
1.018605713143004323e+03
1.020857936780724344e+03
1.023096915706360505e+03
1.025322805591948281e+03
1.027535761442176636e+03
1.029735937567593055e+03
1.031923487558728539e+03
1.034098564261131514e+03
1.036261319751290102e+03
1.038411905313431134e+03
1.040550471417180461e+03
1.042677167696067499e+03
1.044792142926861970e+03
1.046895545009724628e+03
1.048987520949158579e+03
1.051068216835747762e+03
1.053137777828663047e+03
1.055196348138927760e+03
1.057244071013420808e+03
1.059281088719607624e+03
1.061307542530985074e+03
1.063323572713219392e+03
1.065329318510971689e+03
1.067324918135389453e+03
1.069310508752253554e+03
1.071286226470767588e+03
1.073252206332972946e+03
1.075208582303776211e+03
1.077155487261579765e+03
1.079093052989496300e+03
1.081021410167136992e+03
1.082940688362960373e+03
1.084851016027168953e+03
1.086752520485138575e+03
1.088645327931373004e+03
1.090529563423963964e+03
1.092405350879551861e+03
1.094272813068770347e+03
1.096132071612162690e+03
1.097983246976562896e+03
1.099826458471924298e+03
1.101661824248586527e+03
1.103489461294971079e+03
1.105309485435692523e+03
1.107122011330074429e+03
1.108927152471060936e+03
1.110725021184510297e+03
1.112515728628864508e+03
1.114299384795180686e+03
1.116076098507515326e+03
1.117845977423654404e+03
1.119609128036174070e+03
1.121365655673827632e+03
1.123115664503246308e+03
1.124859257530946024e+03
1.126596536605630945e+03
1.128327602420782796e+03
1.130052554517531917e+03
1.131771491287796152e+03
1.133484509977682364e+03
1.135191706691142599e+03
1.136893176393873546e+03
1.138589012917455193e+03
1.140279308963718904e+03
1.141964156109337182e+03
1.143643644810626711e+03
1.145317864408562627e+03
1.146986903133986516e+03
1.148650848113013353e+03
1.150309785372620127e+03
1.151963799846414304e+03
1.153612975380577154e+03
1.155257394739969186e+03
1.156897139614397247e+03
1.158532290625034648e+03
1.160162927330987031e+03
1.161789128236000806e+03
1.163410970795305275e+03
1.165028531422583910e+03
1.166641885497071144e+03
1.168251107370764657e+03
1.169856270375750910e+03
1.171457446831639800e+03
1.173054708053098921e+03
1.174648124357486722e+03
1.176237765072575485e+03
1.177823698544364561e+03
1.179405992144971833e+03
1.180984712280608164e+03
1.182559924399618922e+03
1.184131693000600080e+03
1.185700081640573444e+03
1.187265152943226440e+03
1.188826968607204435e+03
1.190385589414456717e+03
1.191941075238629310e+03
1.193493485053503264e+03
1.195042876941471150e+03
1.196589308102051291e+03
1.198132834860435196e+03
1.199673512676062956e+03
1.201211396151225699e+03
1.202746539039690106e+03
1.204278994255342468e+03
1.205808813880848220e+03
1.207336049176325787e+03
1.208860750588027258e+03
1.210382967757030656e+03
1.211902749527931746e+03
1.213420143957540176e+03
1.214935198323571967e+03
1.216447959133339737e+03
1.217958472132434736e+03
1.219466782313399563e+03
1.220972933924391100e+03
1.222476970477825716e+03
1.223978934759013100e+03
1.225478868834764398e+03
1.226976814061987398e+03
1.228472811096251689e+03
1.229966899900333146e+03
1.231459119752729976e+03
1.232949509256148076e+03
1.234438106345958431e+03
1.235924948298619256e+03
1.237410071740064723e+03
1.238893512654056849e+03
1.240375306390500555e+03
1.241855487673716880e+03
1.243334090610678231e+03
1.244811148699197929e+03
1.246286694836078368e+03
1.247760761325210979e+03
1.249233379885632758e+03
1.250704581659531414e+03
1.252174397220203673e+03
1.253642856579961062e+03
1.255109989197985215e+03
1.256575823988131333e+03
1.258040389326674813e+03
1.259503713060006248e+03
1.260965822512268232e+03
1.262426744492937132e+03
1.263886505304345292e+03
1.265345130749146847e+03
1.266802646137723059e+03
1.268259076295527166e+03
1.269714445570369435e+03
1.271168777839640143e+03
1.272622096517471164e+03
1.274074424561832984e+03
1.275525784481571009e+03
1.276976198343375245e+03
1.278425687778689053e+03
1.279874273990548090e+03
1.281321977760359687e+03
1.282768819454612185e+03
1.284214819031520619e+03
1.285659996047603727e+03
1.287104369664197975e+03
1.288547958653900423e+03
1.289990781406947463e+03
1.291432855937523982e+03
1.292874199890006366e+03
1.294314830545137966e+03
1.295754764826133851e+03
1.297194019304721678e+03
1.298632610207110474e+03
1.300070553419894395e+03
1.301507864495885997e+03
1.302944558659882432e+03
1.304380650814363207e+03
1.305816155545119955e+03
1.307251087126817083e+03
1.308685459528485808e+03
1.310119286418949741e+03
1.311552581172181590e+03
1.312985356872594593e+03
1.314417626320263480e+03
1.315849402036080392e+03
1.317280696266843506e+03
1.318711520990276085e+03
1.320141887919983674e+03
1.321571808510340588e+03
1.323001293961311603e+03
1.324430355223209062e+03
1.325859003001383144e+03
1.327287247760846185e+03
1.328715099730834709e+03
1.330142568909304373e+03
1.331569665067361711e+03
1.332996397753632209e+03
1.334422776298564258e+03
1.335848809818671270e+03
1.337274507220710120e+03
1.338699877205797520e+03
1.340124928273465230e+03
1.341549668725652964e+03
1.342974106670641277e+03
1.344398250026923961e+03
1.345822106527019287e+03
1.347245683721223941e+03
1.348668988981305802e+03
1.350092029504139873e+03
1.351514812315284189e+03
1.352937344272501150e+03
1.354359632069219060e+03
1.355781682237939322e+03
1.357203501153585876e+03
1.358625095036800985e+03
1.360046469957184627e+03
1.361467631836480905e+03
1.362888586451709671e+03
1.364309339438245615e+03
1.365729896292844160e+03
1.367150262376615728e+03
1.368570442917948185e+03
1.369990443015377878e+03
1.371410267640412258e+03
1.372829921640299290e+03
1.374249409740750934e+03
1.375668736548615470e+03
1.377087906554503888e+03
1.378506924135366035e+03
1.379925793557022871e+03
1.381344518976650079e+03
1.382763104445215959e+03
1.384181553909876357e+03
1.385599871216321617e+03
1.387018060111082832e+03
1.388436124243790800e+03
1.389854067169396330e+03
1.391271892350344615e+03
1.392689603158710270e+03
1.394107202878289172e+03
1.395524694706651644e+03
1.396942081757153574e+03
1.398359367060910017e+03
1.399776553568728787e+03
1.401193644153005152e+03
1.402610641609580171e+03
1.404027548659560580e+03
1.405444367951103004e+03
1.406861102061160182e+03
1.408277753497194226e+03
1.409694324698853279e+03
1.411110818039613150e+03
1.412527235828386210e+03
1.413943580311096412e+03
1.415359853672221334e+03
1.416776058036301265e+03
1.418192195469418493e+03
1.419608267980642040e+03
1.421024277523445107e+03
1.422440225997088874e+03
1.423856115247979460e+03
1.425271947070993292e+03
1.426687723210775403e+03
1.428103445363008404e+03
1.429519115175653269e+03
1.430934734250164411e+03
1.432350304142676350e+03
1.433765826365164457e+03
1.435181302386580228e+03
1.436596733633961321e+03
1.438012121493513860e+03
1.439427467311675855e+03
1.440842772396149257e+03
1.442258038016916089e+03
1.443673265407224335e+03
1.445088455764555647e+03
1.446503610251569171e+03
1.447918729997023775e+03
1.449333816096677992e+03
1.450748869614169735e+03
1.452163891581875077e+03
1.453578883001747045e+03
1.454993844846133470e+03
1.456408778058576900e+03
1.457823683554593572e+03
1.459238562222435803e+03
1.460653414923834816e+03
1.462068242494723563e+03
1.463483045745947493e+03
1.464897825463951904e+03
1.466312582411456788e+03
1.467727317328112122e+03
1.469142030931138379e+03
1.470556723915952944e+03
1.471971396956776061e+03
1.473386050707227241e+03
1.474800685800902329e+03
1.476215302851939214e+03
1.477629902455566707e+03
1.479044485188641829e+03
1.480459051610170718e+03
1.481873602261819315e+03
1.483288137668408581e+03
1.484702658338397214e+03
1.486117164764353902e+03
1.487531657423415481e+03
1.488946136777731908e+03
1.490360603274903269e+03
1.491775057348403152e+03
1.493189499417989055e+03
1.494603929890107111e+03
1.496018349158279761e+03
1.497432757603488881e+03
1.498847155594544574e+03
1.500261543488446023e+03
1.501675921630731864e+03
1.503090290355822845e+03
1.504504649987351513e+03
1.505919000838488046e+03
1.507333343212251975e+03
1.508747677401818919e+03
1.510162003690818892e+03
1.511576322353622345e+03
1.512990633655625061e+03
1.514404937853518504e+03
1.515819235195556985e+03
1.517233525921815726e+03
1.518647810264440523e+03
1.520062088447894439e+03
1.521476360689192916e+03
1.522890627198134780e+03
1.524304888177525754e+03
1.525719143823397189e+03
1.527133394325215477e+03
1.528547639866089185e+03
1.529961880622967328e+03
1.531376116766833547e+03
1.532790348462893689e+03
1.534204575870758390e+03
1.535618799144621335e+03
1.537033018433429788e+03
1.538447233881052625e+03
