0.000000000000000000e+00
1.476837371649563302e+00
3.078240052979333896e+00
4.802843386680977211e+00
6.649282610577863295e+00
8.616192806781075575e+00
1.070220885223883478e+01
1.290596537090990381e+01
1.522609668780240710e+01
1.766123678512113671e+01
2.021001926076306177e+01
2.287107728939424689e+01
2.564304358633334857e+01
2.852455037445799846e+01
3.151422935434090533e+01
3.461071167781328484e+01
3.781262792514378646e+01
4.111860808601193185e+01
4.452728154444611874e+01
4.803727706788748719e+01
5.164722280053244674e+01
5.535574626109831087e+01
5.916147434514843440e+01
6.306303333210524897e+01
6.705904889707191785e+01
7.114814612757541568e+01
7.532894954533691134e+01
7.960008313316694739e+01
8.396017036707655734e+01
8.840783425368746862e+01
9.294169737301753287e+01
9.756038192671024945e+01
1.022625097917701140e+02
1.070467025798579783e+02
1.119115817021941126e+02
1.168557684401084060e+02
1.218778840212709156e+02
1.269765497016278033e+02
1.321503868530611783e+02
1.373980170567833738e+02
1.427180622024692696e+02
1.481091445931225792e+02
1.535698870556646227e+02
1.590989130572268380e+02
1.646948468271204149e+02
1.703563134844491174e+02
1.760819391713237962e+02
1.818703511916293962e+02
1.877201781552878117e+02
1.936300501279516766e+02
1.995985987860581474e+02
2.056244575771616496e+02
2.117062618854597815e+02
2.178426492024163394e+02
2.240322593023800550e+02
2.302737344230883991e+02
2.365657194509397812e+02
2.429068621109090884e+02
2.492958131609742907e+02
2.557312265909154405e+02
2.622117598253395840e+02
2.687360739307774793e+02
2.753028338266929040e+02
2.819107085002367512e+02
2.885583712245727952e+02
2.952444997805945945e+02
3.019677766818483065e+02
3.087268894024673500e+02
3.155205306079228080e+02
3.223473983883841925e+02
3.292061964944821852e+02
3.360956345752592256e+02
3.430144284180878458e+02
3.499613001903347254e+02
3.569349786825399633e+02
3.639341995528822622e+02
3.709577055726919639e+02
3.780042468727740470e+02
3.850725811902985356e+02
3.921614741160136077e+02
3.992696993415335669e+02
4.063960389064529863e+02
4.135392834450368582e+02
4.206982324322326008e+02
4.278716944287530168e+02
4.350584873249758289e+02
4.422574385834059854e+02
4.494673854794484669e+02
4.566871753402383547e+02
4.639156657812771982e+02
4.711517249406251722e+02
4.783942317104020958e+02
4.856420759653510686e+02
4.928941587882220574e+02
5.001493926917356703e+02
5.074067018368908180e+02
5.146650222473841723e+02
5.219233020199128532e+02
5.291805015301387130e+02
5.364355936340933795e+02
5.436875638648126596e+02
5.509354106239941302e+02
5.581781453684740200e+02
5.654147927913320473e+02
5.726443909974339022e+02
5.798659916732314059e+02
5.870786602506470899e+02
5.942814760648769834e+02
6.014735325059529032e+02
6.086539371639159981e+02
6.158218119674575064e+02
6.229762933158962142e+02
6.301165322043656261e+02
6.372416943420978441e+02
6.443509602636956970e+02
6.514435254332964860e+02
6.585186003415407185e+02
6.655754105952643158e+02
6.726131969998485829e+02
6.796312156341654145e+02
6.866287379180697599e+02
6.936050506723976241e+02
7.005594561714395923e+02
7.074912721878672528e+02
7.143998320301028571e+02
7.212844845721272122e+02
7.281445942757353578e+02
7.349795412052538950e+02
7.417887210347465725e+02
7.485715450477446211e+02
7.553274401295391272e+02
7.620558487520954714e+02
7.687562289516429246e+02
7.754280542990136382e+02
7.820708138628056076e+02
7.886840121654543054e+02
7.952671691323062078e+02
8.018198200337943717e+02
8.083415154208225886e+02
8.148318210534722539e+02
8.212903178231531456e+02
8.277166016683229373e+02
8.341102834839115303e+02
8.404709890245862880e+02
8.467983588020023262e+02
8.530920479761890647e+02
8.593517262412241280e+02
8.655770777053545544e+02
8.717678007657270882e+02
8.779236079778937665e+02
8.840442259202638979e+02
8.901293950536725106e+02
8.961788695762419366e+02
9.021924172737167282e+02
9.081698193654490296e+02
9.141108703462183485e+02
9.200153778240679685e+02
9.258831623543447904e+02
9.317140572701262045e+02
9.375079085092219202e+02
9.432645744379358348e+02
9.489839256717759781e+02
9.546658448932987540e+02
9.603102266672707401e+02
9.659169772533389278e+02
9.714860144163852738e+02
9.770172672347561047e+02
9.825106759065421329e+02
9.879661915540903010e+02
9.933837760269251476e+02
9.987634017032549991e+02
1.004105051290233177e+03
1.009408717623148164e+03
1.014674403463707222e+03
1.019902121297579015e+03
1.025091893131356073e+03
1.030243750289095487e+03
1.035357733208594254e+03
1.040433891237544685e+03
1.045472282429725510e+03
1.050472973341364877e+03
1.055436038827822358e+03
1.060361561840718196e+03
1.065249633225649632e+03
1.070100351520616641e+03
1.074913822755283263e+03
1.079690160251194811e+03
1.084429484423065105e+03
1.089131922581246045e+03
1.093797608735486392e+03
1.098426683400081174e+03
1.103019293400513789e+03
1.107575591681679725e+03
1.112095737117789213e+03
1.116579894324025645e+03
1.121028233470049827e+03
1.125440930095420754e+03
1.129818164927013640e+03
1.134160123698493408e+03
1.138466996971921844e+03
1.142738979961546647e+03
1.146976272359842142e+03
1.151179078165841929e+03
1.155347605515825762e+03
1.159482066516394070e+03
1.163582677079983341e+03
1.167649656762852374e+03
1.171683228605578961e+03
1.175683618976095886e+03
1.179651057415297146e+03
1.183585776485235556e+03
1.187488011619937652e+03
1.191358000978849986e+03
1.195195985302936833e+03
1.199002207773437704e+03
1.202776913873298781e+03
1.206520351251281454e+03
1.210232769588755446e+03
1.213914420469176093e+03
1.217565557250249412e+03
1.221186434938775392e+03
1.224777310068172028e+03
1.228338440578666905e+03
1.231870085700151321e+03
1.235372505837682411e+03
1.238845962459622797e+03
1.242290717988400957e+03
1.245707035693877742e+03
1.249095179589297686e+03
1.252455414329809628e+03
1.255788005113531199e+03
1.259093217585137609e+03
1.262371317741949952e+03
1.265622571842498246e+03
1.268847246317530562e+03
1.272045607683447088e+03
1.275217922458124576e+03
1.278364457079104113e+03
1.281485477824115833e+03
1.284581250733904653e+03
1.287652041537328387e+03
1.290698115578696616e+03
1.293719737747316685e+03
1.296717172409214072e+03
1.299690683340994383e+03
1.302640533665810608e+03
1.305566985791405159e+03
1.308470301350189402e+03
1.311350741141325216e+03
1.314208565074777653e+03
1.317044032117298684e+03
1.319857400240309289e+03
1.322648926369646006e+03
1.325418866337131703e+03
1.328167474833942151e+03
1.330895005365725865e+03
1.333601710209448584e+03
1.336287840371921902e+03
1.338953645549986049e+03
1.341599374092305879e+03
1.344225272962753479e+03
1.346831587705335778e+03
1.349418562410638060e+03
1.351986439683745630e+03
1.354535460613614305e+03
1.357065864743853126e+03
1.359577890044889955e+03
1.362071772887480620e+03
1.364547748017540926e+03
1.367006048532257182e+03
1.369446905857453430e+03
1.371870549726180116e+03
1.374277208158493750e+03
1.376667107442398219e+03
1.379040472115921375e+03
1.381397524950288698e+03
1.383738486934177217e+03
1.386063577259010572e+03
1.388373013305275890e+03
1.390667010629829065e+03
1.392945782954164542e+03
1.395209542153623261e+03
1.397458498247512352e+03
1.399692859390109561e+03
1.401912831862530084e+03
1.404118620065431060e+03
1.406310426512526874e+03
1.408488451824894582e+03
1.410652894726045588e+03
1.412803952037741510e+03
1.414941818676529920e+03
1.417066687650980612e+03
1.419178750059601953e+03
1.421278195089411611e+03
1.423365210015149842e+03
1.425439980199103729e+03
1.427502689091537832e+03
1.429553518231695762e+03
1.431592647249370430e+03
1.433620253867010206e+03
1.435636513902354636e+03
1.437641601271576292e+03
1.439635687992912608e+03
1.441618944190774073e+03
1.443591538100308298e+03
1.445553636072408835e+03
1.447505402579150086e+03
1.449447000219634674e+03
1.451378589726238488e+03
1.453300329971240672e+03
1.455212377973820594e+03
1.457114888907413160e+03
1.459008016107407229e+03
1.460891911079171450e+03
1.462766723506402059e+03
1.464632601259772400e+03
1.466489690405877127e+03
1.468338135216460387e+03
1.470178078177909583e+03
1.472009660001014936e+03
1.473833019630974150e+03
1.475648294257636280e+03
1.477455619325974340e+03
1.479255128546775040e+03
1.481046953907541592e+03
1.482831225683588400e+03
1.484608072449333122e+03
1.486377621089766535e+03
1.488139996812095433e+03
1.489895323157549228e+03
1.491643722013345723e+03
1.493385313624798073e+03
1.495120216607570001e+03
1.496848547960057203e+03
1.498570423075897452e+03
1.500285955756596877e+03
1.501995258224268127e+03
1.503698441134470386e+03
1.505395613589151480e+03
1.507086883149675941e+03
1.508772355849940141e+03
1.510452136209566333e+03
1.512126327247166955e+03
1.513795030493679178e+03
1.515458346005756539e+03
1.517116372379218546e+03
1.518769206762550994e+03
1.520416944870449015e+03
1.522059680997401301e+03
1.523697508031309553e+03
1.525330517467136133e+03
1.526958799420581045e+03
1.528582442641774378e+03
1.530201534528989214e+03
1.531816161142365900e+03
1.533426407217642236e+03
1.535032356179890257e+03
1.536634090157250512e+03
1.538231689994662247e+03
1.539825235267588596e+03
1.541414804295726299e+03
1.543000474156704286e+03
1.544582320699759066e+03
1.546160418559392838e+03
1.547734841169004085e+03
1.549305660774489525e+03
1.550872948447815816e+03
1.552436774100555567e+03
1.553997206497386514e+03
1.555554313269552495e+03
1.557108160928275311e+03
1.558658814878130215e+03
1.560206339430364324e+03
1.561750797816170007e+03
1.563292252199901668e+03
1.564830763692241362e+03
1.566366392363299838e+03
1.567899197255664603e+03
1.569429236397381828e+03
1.570956566814873668e+03
1.572481244545792833e+03
1.574003324651803723e+03
1.575522861231299430e+03
1.577039907432041900e+03
1.578554515463730695e+03
1.580066736610497173e+03
1.581576621243318186e+03
1.583084218832357919e+03
1.584589577959220605e+03
1.586092746329130932e+03
1.587593770783025548e+03
1.589092697309561345e+03
1.590589571057040757e+03
1.592084436345248150e+03
1.593577336677198900e+03
1.595068314750798208e+03
1.596557412470413283e+03
1.598044670958350707e+03
1.599530130566243542e+03
1.601013830886345659e+03
1.602495810762729889e+03
1.603976108302395687e+03
1.605454760886276517e+03
1.606931805180155379e+03
1.608407277145479839e+03
1.609881212050081103e+03
1.611353644478796241e+03
1.612824608343988530e+03
1.614294136895970496e+03
1.615762262733328498e+03
1.617229017813143628e+03
1.618694433461115068e+03
1.620158540381581133e+03
1.621621368667438446e+03
1.623082947809963343e+03
1.624543306708523687e+03
1.626002473680198591e+03
1.627460476469286959e+03
1.628917342256719621e+03
1.630373097669365734e+03
1.631827768789238462e+03
1.633281381162597654e+03
1.634733959808948839e+03
1.636185529229940357e+03
1.637636113418159994e+03
1.639085735865824290e+03
1.640534419573369405e+03
1.641982187057941019e+03
1.643429060361776010e+03
1.644875061060488861e+03
1.646320210271253245e+03
1.647764528660881524e+03
1.649208036453804652e+03
1.650650753439952268e+03
1.652092698982528418e+03
1.653533892025691557e+03
1.654974351102130640e+03
1.656414094340545944e+03
1.657853139473026431e+03
1.659291503842331622e+03
1.660729204409075919e+03
1.662166257758811071e+03
1.663602680109016092e+03
1.665038487315987595e+03
1.666473694881636220e+03
1.667908317960183467e+03
1.669342371364769633e+03
1.670775869573960563e+03
1.672208826738166181e+03
1.673641256685961707e+03
1.675073172930318833e+03
1.676504588674742763e+03
1.677935516819321265e+03
1.679365969966677312e+03
1.680795960427839418e+03
1.682225500228013743e+03
1.683654601112275941e+03
1.685083274551170234e+03
1.686511531746221635e+03
1.687939383635363356e+03
1.689366840898277815e+03
1.690793913961651697e+03
1.692220613004348934e+03
1.693646947962496597e+03
1.695072928534494395e+03
1.696498564185934811e+03
1.697923864154446619e+03
1.699348837454459272e+03
1.700773492881882703e+03
1.702197839018714603e+03
1.703621884237564018e+03
1.705045636706102187e+03
1.706469104391436304e+03
1.707892295064405062e+03
1.709315216303803481e+03
1.710737875500532482e+03
1.712160279861673871e+03
1.713582436414495533e+03
1.715004352010385901e+03
1.716426033328714084e+03
1.717847486880626320e+03
1.719268719012767406e+03
1.720689735910940726e+03
1.722110543603694623e+03
1.723531147965848504e+03
1.724951554721949833e+03
1.726371769449668136e+03
1.727791797583125344e+03
1.729211644416162699e+03
1.730631315105546491e+03
1.732050814674111734e+03
1.733470148013846256e+03
1.734889319888915907e+03
1.736308334938628377e+03
1.737727197680343806e+03
1.739145912512323321e+03
1.740564483716524819e+03
1.741982915461343964e+03
1.743401211804294917e+03
1.744819376694646735e+03
1.746237413975996560e+03
1.747655327388799606e+03
1.749073120572841390e+03
1.750490797069663358e+03
1.751908360324935757e+03
1.753325813690784344e+03
1.754743160428066403e+03
1.756160403708601280e+03
1.757577546617352482e+03
1.758994592154565225e+03
1.760411543237858268e+03
1.761828402704271184e+03
1.763245173312266388e+03
1.764661857743692508e+03
1.766078458605701144e+03
1.767494978432623157e+03
1.768911419687805846e+03
1.770327784765407387e+03
1.771744075992154649e+03
1.773160295629059192e+03
1.774576445873099146e+03
1.775992528858858350e+03
1.777408546660133652e+03
1.778824501291504248e+03
1.780240394709864859e+03
1.781656228815925033e+03
1.783072005455674798e+03
1.784487726421815523e+03
1.785903393455158721e+03
1.787319008245992791e+03
1.788734572435417249e+03
1.790150087616646942e+03
1.791565555336284888e+03
1.792980977095565777e+03
1.794396354351570380e+03
1.795811688518410847e+03
1.797226980968387124e+03
1.798642233033117918e+03
1.800057446004642770e+03
1.801472621136497764e+03
1.802887759644765083e+03
1.804302862709100054e+03
1.805717931473727276e+03
1.807132967048419459e+03
1.808547970509447168e+03
1.809962942900505368e+03
1.811377885233621782e+03
1.812792798490035921e+03
1.814207683621062188e+03
1.815622541548927074e+03
1.817037373167589521e+03
1.818452179343534681e+03
1.819866960916554490e+03
1.821281718700504143e+03
1.822696453484039239e+03
1.824111166031335188e+03
1.825525857082789798e+03
1.826940527355703580e+03
1.828355177544946400e+03
1.829769808323605275e+03
1.831184420343613738e+03
1.832599014236368475e+03
1.834013590613326642e+03
1.835428150066587477e+03
1.836842693169460290e+03
1.838257220477017199e+03
1.839671732526629739e+03
1.841086229838491136e+03
1.842500712916128123e+03
1.843915182246892300e+03
1.845329638302445801e+03
1.846744081539227636e+03
1.848158512398910943e+03
1.849572931308847274e+03
1.850987338682496784e+03
1.852401734919849105e+03
1.853816120407830340e+03
1.855230495520701425e+03
1.856644860620443069e+03
1.858059216057130925e+03
1.859473562169300067e+03
1.860887899284300829e+03
1.862302227718641007e+03
1.863716547778323047e+03
1.865130859759167151e+03
1.866545163947128458e+03
1.867959460618605135e+03
1.869373750040734649e+03
1.870788032471684119e+03
1.872202308160933399e+03
1.873616577349545423e+03
1.875030840270435419e+03
1.876445097148624200e+03
1.877859348201492139e+03
1.879273593639020419e+03
1.880687833664026130e+03
1.882102068472393285e+03
1.883516298253293144e+03
1.884930523189399537e+03
1.886344743457100321e+03
1.887758959226697698e+03
