0.000000000000000000e+00
1.416300515536895954e+00
2.836755873461592081e+00
4.261327944823264602e+00
5.689978597858170062e+00
7.122669696686214635e+00
8.559363100082665099e+00
1.000002066032516090e+01
1.144460422211621697e+01
1.289307562158139397e+01
1.434539668534328705e+01
1.580152922967151952e+01
1.726143505970894410e+01
1.872507596877415281e+01
2.019241373774049464e+01
2.166341013449179442e+01
2.313802691345482643e+01
2.461622581520879294e+01
2.609796856617187544e+01
2.758321687836502178e+01
2.907193244925303333e+01
3.056407696166316512e+01
3.205961208378121796e+01
3.355849946922527494e+01
3.506070075719716073e+01
3.656617757271163072e+01
3.807489152690336454e+01
3.958680421741182442e+01
4.110187722884390382e+01
4.262007213331447275e+01
4.414135049106466369e+01
4.566567385115799027e+01
4.719300375225412125e+01
4.872330172346035226e+01
5.025652928526046281e+01
5.179264795052112902e+01
5.333161922557544443e+01
5.487340461138354186e+01
5.641796560477015987e+01
5.796526369973872050e+01
5.951526038886189696e+01
6.106791716474827325e+01
6.262319552158481883e+01
6.418105695675478728e+01
6.574146297253081173e+01
6.730437507784264994e+01
6.886975479011927348e+01
7.043756363720477509e+01
7.200776315934767524e+01
7.358031491126294554e+01
7.515518046426652177e+01
7.673232140848134009e+01
7.831169935511451285e+01
7.989327593880499023e+01
8.147701282004086920e+01
8.306287168764579576e+01
8.465081426133350817e+01
8.624080229433003808e+01
8.783279757606231897e+01
8.942676193491264769e+01
9.102265724103799016e+01
9.262044540925317904e+01
9.422008840197700863e+01
9.582154823224014706e+01
9.742478696675409822e+01
9.902976672903949407e+01
1.006364497026134757e+02
1.022447981342340171e+02
1.038547743372007517e+02
1.054663406947104818e+02
1.070794596632666327e+02
1.086940937761407326e+02
1.103102056468849099e+02
1.119277579728939997e+02
1.135467135390156272e+02
1.151670352212069304e+02
1.167886859902362744e+02
1.184116289154285511e+02
1.200358271684523430e+02
1.216612440271472906e+02
1.232878428793901833e+02
1.249155872269978431e+02
1.265444406896651373e+02
1.281743670089364571e+02
1.298053300522085749e+02
1.314372938167634857e+02
1.330702224338288033e+02
1.347040801726642769e+02
1.363388314446722518e+02
1.379744408075301010e+02
1.396108729693427506e+02
1.412480927928131678e+02
1.428860652994289353e+02
1.445247556736624688e+02
1.461641292671831991e+02
1.478041516030794469e+02
1.494447883800875729e+02
1.510860054768266707e+02
1.527277689560364422e+02
1.543700450688157844e+02
1.560128002588604659e+02
1.576560011666968251e+02
1.592996146339102381e+02
1.609436077073650893e+02
1.625879476434147080e+02
1.642326019120986871e+02
1.658775382013251942e+02
1.675227244210361732e+02
1.691681287073531905e+02
1.708137194267011978e+02
1.724594651799084204e+02
1.741053348062797284e+02
1.757512973876413582e+02
1.773973222523544564e+02
1.790433789792954258e+02
1.806894374018006602e+02
1.823354676115731650e+02
1.839814399625493593e+02
1.856273250747230179e+02
1.872730938379249608e+02
1.889187174155554203e+02
1.905641672482675801e+02
1.922094150575996991e+02
1.938544328495535751e+02
1.954991929181178136e+02
1.971436678487327470e+02
1.987878305216960655e+02
2.004316541155061202e+02
2.020751121101415322e+02
2.037181782902745795e+02
2.053608267484170256e+02
2.070030318879957179e+02
2.086447684263566487e+02
2.102860113976954324e+02
2.119267361559121809e+02
2.135669183773891007e+02
2.152065340636898441e+02
2.168455595441770640e+02
2.184839714785489946e+02
2.201217468592910791e+02
2.217588630140432144e+02
2.233952976078793711e+02
2.250310286454990774e+02
2.266660344733296313e+02
2.283002937815370217e+02
2.299337856059444789e+02
2.315664893298576033e+02
2.331983846857953040e+02
2.348294517571241329e+02
2.364596709795970071e+02
2.380890231427931951e+02
2.397174893914602762e+02
2.413450512267565102e+02
2.429716905073929354e+02
2.445973894506743989e+02
2.462221306334395479e+02
2.478458969928979059e+02
2.494686718273645454e+02
2.510904387968921867e+02
2.527111819237987334e+02
2.543308855930920629e+02
2.559495345527900270e+02
2.575671139141364847e+02
2.591836091517131422e+02
2.607990061034469136e+02
2.624132909705127190e+02
2.640264503171322303e+02
2.656384710702691336e+02
2.672493405192191744e+02
2.688590463150982828e+02
2.704675764702263336e+02
2.720749193574085893e+02
2.736810637091155627e+02
2.752859986165598229e+02
2.768897135286734397e+02
2.784921982509837335e+02
2.800934429443904605e+02
2.816934381238438050e+02
2.832921746569244874e+02
2.848896437623271822e+02
2.864858370082483248e+02
2.880807463106783644e+02
2.896743639316011354e+02
2.912666824771002325e+02
2.928576948953740384e+02
2.944473944746616212e+02
2.960357748410785916e+02
2.976228299563670703e+02
2.992085541155590818e+02
3.007929419445558210e+02
3.023759883976240985e+02
3.039576887548118975e+02
3.055380386192837818e+02
3.071170339145791104e+02
3.086946708817935132e+02
3.102709460766860730e+02
3.118458563667139742e+02
3.134193989279963262e+02
3.149915712422086358e+02
3.165623710934107748e+02
3.181317965648090080e+02
3.196998460354556642e+02
3.212665181768865637e+02
3.228318119497000680e+02
3.243957266000779782e+02
3.259582616562519206e+02
3.275194169249161291e+02
3.290791924875892391e+02
3.306375886969269686e+02
3.321946061729879034e+02
3.337502457994546035e+02
3.353045087198114516e+02
3.368573963334827681e+02
3.384089102919317043e+02
3.399590524947230961e+02
3.415078250855523834e+02
3.430552304482420141e+02
3.446012712027081193e+02
3.461459502008997333e+02
3.476892705227117517e+02
3.492312354718750385e+02
3.507718485718244779e+02
3.523111135615480407e+02
3.538490343914187406e+02
3.553856152190111857e+02
3.569208604049051701e+02
3.584547745084782946e+02
3.599873622836894356e+02
3.615186286748555062e+02
3.630485788124225905e+02
3.645772180087350307e+02
3.661045517538024683e+02
3.676305857110684769e+02
3.691553257131814121e+02
3.706787777577698080e+02
3.722009480032251645e+02
3.737218427644917256e+02
3.752414685088668875e+02
3.767598318518137148e+02
3.782769395527867573e+02
3.797927985110723057e+02
3.813074157616471211e+02
3.828207984710539336e+02
3.843329539332981426e+02
3.858438895657657213e+02
3.873536129051643115e+02
3.888621316034889901e+02
3.903694534240136704e+02
3.918755862373108698e+02
3.933805380172989317e+02
3.948843168373209664e+02
3.963869308662535218e+02
3.978883883646489608e+02
3.993886976809119460e+02
4.008878672475098597e+02
4.023859055772200009e+02
4.038828212594139586e+02
4.053786229563806387e+02
4.068733193996872046e+02
4.083669193865818556e+02
4.098594317764367361e+02
4.113508654872328520e+02
4.128412294920884733e+02
4.143305328158302814e+02
4.158187845316099356e+02
4.173059937575646927e+02
4.187921696535244109e+02
4.202773214177647674e+02
4.217614582838078832e+02
4.232445895172695600e+02
4.247267244127558570e+02
4.262078722908068471e+02
4.276880424948909649e+02
4.291672443884468180e+02
4.306454873519767261e+02
4.321227807801890890e+02
4.335991340791915150e+02
4.350745566637345974e+02
4.365490579545069068e+02
4.380226473754801191e+02
4.394953343513067807e+02
4.409671283047680390e+02
4.424380386542735550e+02
4.439080748114130301e+02
4.453772461785591759e+02
4.468455621465212744e+02
4.483130320922520582e+02
4.497796653766045551e+02
4.512454713421408883e+02
4.527104593109923485e+02
4.541746385827702852e+02
4.556380184325283267e+02
4.571006081087751909e+02
4.585624168315375186e+02
4.600234537904745480e+02
4.614837281430405937e+02
4.629432490126995390e+02
4.644020254871868474e+02
4.658600666168221096e+02
4.673173814128699632e+02
4.687739788459483634e+02
4.702298678444869324e+02
4.716850572932314094e+02
4.731395560317952800e+02
4.745933728532593250e+02
4.760465165028162460e+02
4.774989956764619023e+02
4.789508190197319095e+02
4.804019951264828592e+02
4.818525325377174795e+02
4.833024397404552133e+02
4.847517251666442917e+02
4.862003971921179755e+02
4.876484641355920644e+02
4.890959342577050961e+02
4.905428157600989607e+02
4.919891167845401014e+02
4.934348454120811880e+02
4.948800096622618412e+02
4.963246174923478975e+02
4.977686767966098387e+02
4.992121954056373738e+02
5.006551810856923339e+02
5.020976415380973776e+02
5.035395843986601676e+02
5.049810172371334716e+02
5.064219475567088011e+02
5.078623827935450663e+02
5.093023303163294031e+02
5.107417974258712547e+02
5.121807913547285125e+02
5.136193192668648635e+02
5.150573882573377205e+02
5.164950053520168467e+02
5.179321775073316303e+02
5.193689116100483716e+02
5.208052144770746281e+02
5.222410928552923224e+02
5.236765534214172249e+02
5.251116027818844714e+02
5.265462474727613653e+02
5.279804939596834856e+02
5.294143486378168291e+02
5.308478178318434857e+02
5.322809077959705064e+02
5.337136247139611669e+02
5.351459746991903330e+02
5.365779637947189258e+02
5.380095979733910099e+02
5.394408831379512321e+02
5.408718251211821553e+02
5.423024296860597815e+02
5.437327025259299944e+02
5.451626492647015993e+02
5.465922754570574398e+02
5.480215865886832489e+02
5.494505880765126449e+02
5.508792852689880419e+02
5.523076834463379328e+02
5.537357878208687225e+02
5.551636035372711149e+02
5.565911356729409363e+02
5.580183892383130342e+02
5.594453691772092725e+02
5.608720803671980093e+02
5.622985276199666487e+02
5.637247156817053337e+02
5.651506492335024632e+02
5.665763328917506669e+02
5.680017712085627863e+02
5.694269686721991093e+02
5.708519297075027907e+02
5.722766586763445957e+02
5.737011598780777604e+02
5.751254375499984235e+02
5.765494958678175408e+02
5.779733389461364368e+02
5.793969708389333846e+02
5.808203955400531413e+02
5.822436169837062607e+02
5.836666390449723849e+02
5.850894655403096749e+02
5.865121002280702669e+02
5.879345468090197073e+02
5.893568089268621861e+02
5.907788901687689531e+02
5.922007940659118503e+02
5.936225240940001413e+02
5.950440836738207508e+02
5.964654761717814608e+02
5.978867049004576302e+02
5.993077731191409612e+02
6.007286840343907670e+02
6.021494408005867172e+02
6.035700465204848797e+02
6.049905042457735362e+02
6.064108169776313844e+02
6.078309876672863084e+02
6.092510192165752869e+02
6.106709144785043009e+02
6.120906762578098324e+02
6.135103073115185452e+02
6.149298103495090118e+02
6.163491880350716201e+02
6.177684429854688233e+02
6.191875777724942509e+02
6.206065949230315937e+02
6.220254969196116690e+02
6.234442862009688042e+02
6.248629651625955148e+02
6.262815361572962729e+02
6.277000014957385474e+02
6.291183634470031620e+02
6.305366242391314699e+02
6.319547860596713917e+02
6.333728510562203837e+02
6.347908213369663599e+02
6.362086989712264540e+02
6.376264859899818020e+02
6.390441843864113025e+02
6.404617961164206008e+02
6.418793230991699374e+02
6.432967672175969938e+02
6.447141303189378050e+02
6.461314142152439217e+02
6.475486206838962744e+02
6.489657514681148314e+02
6.503828082774657560e+02
6.517997927883640159e+02
6.532167066445724686e+02
6.546335514576973083e+02
6.560503288076791932e+02
6.574670402432809624e+02
6.588836872825704631e+02
6.603002714134003099e+02
6.617167940938821857e+02
6.631332567528589834e+02
6.645496607903693302e+02
6.659660075781119986e+02
6.673822984599022448e+02
6.687985347521257609e+02
6.702147177441878512e+02
6.716308486989579478e+02
6.730469288532092378e+02
6.744629594180548793e+02
6.758789415793779654e+02
6.772948764982587591e+02
6.787107653113961305e+02
6.801266091315244466e+02
6.815424090478260268e+02
6.829581661263390515e+02
6.843738814103609229e+02
6.857895559208460554e+02
6.872051906568003687e+02
6.886207865956695287e+02
6.900363446937237768e+02
6.914518658864374174e+02
6.928673510888639839e+02
6.942828011960057211e+02
6.956982170831799976e+02
6.971135996063793527e+02
6.985289496026284723e+02
6.999442678903349133e+02
7.013595552696361892e+02
7.027748125227417404e+02
7.041900404142711523e+02
7.056052396915863483e+02
7.070204110851198038e+02
7.084355553086987811e+02
7.098506730598643344e+02
7.112657650201854267e+02
7.126808318555698634e+02
7.140958742165690865e+02
7.155108927386796722e+02
7.169258880426398264e+02
7.183408607347219004e+02
7.197558114070197917e+02
7.211707406377328198e+02
7.225856489914444865e+02
7.240005370193978251e+02
7.254154052597651798e+02
7.268302542379154829e+02
7.282450844666753937e+02
7.296598964465881636e+02
7.310746906661661342e+02
7.324894676021423265e+02
7.339042277197140720e+02
7.353189714727857336e+02
7.367336993042058566e+02
7.381484116460009091e+02
7.395631089196053836e+02
7.409777915360866700e+02
7.423924598963674271e+02
7.438071143914445429e+02
7.452217554026018433e+02
7.466363833016223452e+02
7.480509984509943706e+02
7.494656012041149324e+02
7.508801919054892551e+02
7.522947708909279072e+02
7.537093384877380231e+02
7.551238950149133871e+02
7.565384407833196292e+02
7.579529760958766929e+02
7.593675012477377777e+02
7.607820165264649859e+02
7.621965222122009891e+02
7.636110185778392179e+02
7.650255058891890485e+02
7.664399844051386026e+02
7.678544543778140223e+02
7.692689160527368131e+02
7.706833696689769795e+02
7.720978154593032059e+02
7.735122536503311039e+02
7.749266844626671400e+02
7.763411081110511986e+02
7.777555248044953942e+02
7.791699347464196990e+02
7.805843381347863215e+02
7.819987351622297638e+02
7.834131260161852879e+02
7.848275108790144259e+02
7.862418899281282165e+02
7.876562633361062353e+02
7.890706312708165342e+02
7.904849938955296693e+02
7.918993513690314785e+02
7.933137038457355175e+02
7.947280514757890160e+02
7.961423944051804256e+02
7.975567327758427609e+02
7.989710667257550085e+02
8.003853963890411478e+02
8.017997218960679220e+02
8.032140433735390843e+02
8.046283609445895308e+02
8.060426747288744309e+02
8.074569848426599492e+02
8.088712913989086246e+02
8.102855945073657722e+02
8.116998942746412240e+02
8.131141908042912974e+02
8.145284841968980345e+02
8.159427745501463960e+02
8.173570619589006583e+02
8.187713465152779690e+02
8.201856283087209931e+02
8.215999074260680572e+02
8.230141839516228401e+02
8.244284579672214477e+02
8.258427295522983513e+02
8.272569987839503938e+02
8.286712657369997714e+02
8.300855304840555391e+02
8.314997930955731817e+02
8.329140536399125949e+02
8.343283121833959513e+02
8.357425687903623839e+02
8.371568235232231245e+02
8.385710764425139132e+02
8.399853276069463845e+02
8.413995770734586586e+02
8.428138248972657038e+02
8.442280711319052671e+02
8.456423158292855078e+02
8.470565590397307005e+02
8.484708008120256864e+02
8.498850411934593012e+02
8.512992802298655306e+02
8.527135179656659147e+02
8.541277544439096800e+02
8.555419897063114831e+02
8.569562237932910875e+02
8.583704567440096298e+02
8.597846885964054309e+02
8.611989193872301485e+02
8.626131491520825421e+02
8.640273779254420106e+02
8.654416057407008793e+02
8.668558326301965735e+02
8.682700586252416315e+02
8.696842837561551960e+02
8.710985080522902990e+02
8.725127315420642162e+02
8.739269542529846149e+02
8.753411762116776345e+02
8.767553974439131252e+02
8.781696179746317057e+02
8.795838378279674998e+02
8.809980570272738305e+02
8.824122755951462977e+02
8.838264935534457436e+02
8.852407109233197389e+02
8.866549277252253205e+02
8.880691439789492279e+02
8.894833597036284800e+02
8.908975749177703847e+02
8.923117896392718649e+02
8.937260038854383311e+02
8.951402176730009614e+02
