3.1000e+0
3.2000e+0
3.3000e+0
3.4000e+0
3.5000e+0
3.6000e+0
3.7000e+0
3.8000e+0
3.9000e+0
4.0000e+0
4.1000e+0
4.2000e+0
4.2999e+0
4.4000e+0
4.5000e+0
4.6000e+0
4.7000e+0
4.8000e+0
4.9000e+0
5.0000e+0
5.1000e+0
5.2000e+0
5.3000e+0
5.4000e+0
5.5000e+0
5.6000e+0
5.7000e+0
5.8000e+0
5.9000e+0
6.0000e+0
6.1000e+0
6.2000e+0
6.3000e+0
6.4000e+0
6.5000e+0
6.6000e+0
6.7000e+0
6.8000e+0
6.9000e+0
7.0000e+0
7.1000e+0
7.2000e+0
7.3000e+0
7.4000e+0
7.5000e+0
7.6000e+0
7.7000e+0
7.8000e+0
7.9000e+0
8.0000e+0
8.0999e+0
8.2000e+0
8.3000e+0
8.4000e+0
8.5000e+0
8.5999e+0
8.7000e+0
8.8000e+0
8.9000e+0
9.0000e+0
9.0999e+0
9.2000e+0
9.3000e+0
9.4000e+0
9.5000e+0
9.6000e+0
9.7000e+0
9.8000e+0
9.9000e+0
1.000e+01
1.010e+01
1.020e+01
1.030e+01
1.040e+01
1.050e+01
1.060e+01
1.070e+01
1.080e+01
1.090e+01
1.100e+01
1.110e+01
1.120e+01
1.130e+01
1.140e+01
1.150e+01
1.160e+01
1.170e+01
1.180e+01
1.190e+01
1.200e+01
1.210e+01
1.220e+01
1.230e+01
1.240e+01
1.250e+01
1.260e+01
1.270e+01
1.280e+01
1.290e+01
1.300e+01
1.310e+01
1.320e+01
1.330e+01
1.340e+01
1.350e+01
1.360e+01
1.370e+01
1.380e+01
1.390e+01
1.400e+01
1.410e+01
1.420e+01
1.430e+01
1.440e+01
1.450e+01
1.460e+01
1.470e+01
1.480e+01
1.490e+01
1.500e+01
1.510e+01
1.520e+01
1.530e+01
1.540e+01
1.550e+01
1.560e+01
1.570e+01
1.580e+01
1.590e+01
1.600e+01
1.610e+01
1.620e+01
1.630e+01
1.640e+01
1.650e+01
1.660e+01
1.670e+01
1.680e+01
1.690e+01
1.700e+01
1.710e+01
1.720e+01
1.730e+01
1.740e+01
1.750e+01
1.760e+01
1.770e+01
1.780e+01
1.790e+01
1.800e+01
1.810e+01
1.820e+01
1.830e+01
1.840e+01
1.850e+01
1.860e+01
1.870e+01
1.880e+01
1.890e+01
1.900e+01
1.910e+01
1.920e+01
1.930e+01
1.940e+01
1.950e+01
1.960e+01
1.970e+01
1.980e+01
1.990e+01
2.000e+01
