3.1000e+0
3.2000e+0
3.3000e+0
3.4000e+0
3.5000e+0
3.6000e+0
3.7000e+0
3.8000e+0
3.9000e+0
4.0000e+0
4.1000e+0
4.2000e+0
4.2999e+0
4.4000e+0
4.5000e+0
4.6000e+0
4.7000e+0
4.8000e+0
4.9000e+0
5.0000e+0
5.1000e+0
5.2000e+0
5.3000e+0
5.4000e+0
5.5000e+0
5.6000e+0
5.7000e+0
5.8000e+0
5.9000e+0
6.0000e+0
6.1000e+0
6.2000e+0
6.3000e+0
6.4000e+0
6.5000e+0
6.6000e+0
6.7000e+0
6.8000e+0
6.9000e+0
7.0000e+0
7.1000e+0
7.2000e+0
7.3000e+0
7.4000e+0
7.5000e+0
7.6000e+0
7.7000e+0
7.8000e+0
7.9000e+0
8.0000e+0
8.0999e+0
8.2000e+0
8.3000e+0
8.4000e+0
8.5000e+0
8.5999e+0
8.7000e+0
8.8000e+0
8.9000e+0
9.0000e+0
9.0999e+0
9.2000e+0
9.3000e+0
9.4000e+0
9.5000e+0
9.5250e+00
9.5500e+00
9.5750e+00
9.6000e+00
9.6250e+00
9.6500e+00
9.6750e+00
9.7000e+00
9.7250e+00
9.7500e+00
9.7750e+00
9.8000e+00
9.8250e+00
9.8500e+00
9.8750e+00
9.9000e+00
9.9250e+00
9.9500e+00
9.9750e+00
1.0000e+01
1.0025e+01
1.0050e+01
1.0075e+01
1.0100e+01
1.0125e+01
1.0150e+01
1.0175e+01
1.0200e+01
1.0225e+01
1.0250e+01
1.0275e+01
1.0300e+01
1.0325e+01
1.0350e+01
1.0375e+01
1.0400e+01
1.0425e+01
1.0450e+01
1.0475e+01
1.0500e+01
1.0525e+01
1.0550e+01
1.0575e+01
1.0600e+01
1.0625e+01
1.0650e+01
1.0675e+01
1.0700e+01
1.0725e+01
1.0750e+01
1.0775e+01
1.0800e+01
1.0825e+01
1.0850e+01
1.0875e+01
1.0900e+01
1.0925e+01
1.0950e+01
1.0975e+01
1.1000e+01
1.1025e+01
1.1050e+01
1.1075e+01
1.1100e+01
1.1125e+01
1.1150e+01
1.1175e+01
1.1200e+01
1.1225e+01
1.1250e+01
1.1275e+01
1.1300e+01
1.1325e+01
1.1350e+01
1.1375e+01
1.1400e+01
1.1425e+01
1.1450e+01
1.1475e+01
1.1500e+01
1.1525e+01
1.1550e+01
1.1575e+01
1.1600e+01
1.1625e+01
1.1650e+01
1.1675e+01
1.1700e+01
1.1725e+01
1.1750e+01
1.1775e+01
1.1800e+01
1.1825e+01
1.1850e+01
1.1875e+01
1.1900e+01
1.1925e+01
1.1950e+01
1.1975e+01
1.2000e+01
1.2025e+01
1.2050e+01
1.2075e+01
1.2100e+01
1.2125e+01
1.2150e+01
1.2175e+01
1.2200e+01
1.2225e+01
1.2250e+01
1.2275e+01
1.2300e+01
1.2325e+01
1.2350e+01
1.2375e+01
1.2400e+01
1.2425e+01
1.2450e+01
1.2475e+01
1.2500e+01
1.2525e+01
1.2550e+01
1.2575e+01
1.2600e+01
1.2625e+01
1.2650e+01
1.2675e+01
1.2700e+01
1.2725e+01
1.2750e+01
1.2775e+01
1.2800e+01
1.2825e+01
1.2850e+01
1.2875e+01
1.2900e+01
1.2925e+01
1.2950e+01
1.2975e+01
1.3000e+01
1.3025e+01
1.3050e+01
1.3075e+01
1.3100e+01
1.3125e+01
1.3150e+01
1.3175e+01
1.3200e+01
1.3225e+01
1.3250e+01
1.3275e+01
1.3300e+01
1.3325e+01
1.3350e+01
1.3375e+01
1.3400e+01
1.3425e+01
1.3450e+01
1.3475e+01
1.3500e+01
1.3525e+01
1.3550e+01
1.3575e+01
1.3600e+01
1.3625e+01
1.3650e+01
1.3675e+01
1.3700e+01
1.3725e+01
1.3750e+01
1.3775e+01
1.3800e+01
1.3825e+01
1.3850e+01
1.3875e+01
1.3900e+01
1.3925e+01
1.3950e+01
1.3975e+01
1.4000e+01
1.4025e+01
1.4050e+01
1.4075e+01
1.4100e+01
1.4125e+01
1.4150e+01
1.4175e+01
1.4200e+01
1.4225e+01
1.4250e+01
1.4275e+01
1.4300e+01
1.4325e+01
1.4350e+01
1.4375e+01
1.4400e+01
1.4425e+01
1.4450e+01
1.4475e+01
1.4500e+01
1.4525e+01
1.4550e+01
1.4575e+01
1.4600e+01
1.4625e+01
1.4650e+01
1.4675e+01
1.4700e+01
1.4725e+01
1.4750e+01
1.4775e+01
1.4800e+01
1.4825e+01
1.4850e+01
1.4875e+01
1.4900e+01
1.4925e+01
1.4950e+01
1.4975e+01
1.5000e+01
1.5025e+01
1.5050e+01
1.5075e+01
1.5100e+01
1.5125e+01
1.5150e+01
1.5175e+01
1.5200e+01
1.5225e+01
1.5250e+01
1.5275e+01
1.5300e+01
1.5325e+01
1.5350e+01
1.5375e+01
1.5400e+01
1.5425e+01
1.5450e+01
1.5475e+01
1.5500e+01
1.5525e+01
1.5550e+01
1.5575e+01
1.5600e+01
1.5625e+01
1.5650e+01
1.5675e+01
1.5700e+01
1.5725e+01
1.5750e+01
1.5775e+01
1.5800e+01
1.5825e+01
1.5850e+01
1.5875e+01
1.5900e+01
1.5925e+01
1.5950e+01
1.5975e+01
1.6000e+01
1.6025e+01
1.6050e+01
1.6075e+01
1.6100e+01
1.6125e+01
1.6150e+01
1.6175e+01
1.6200e+01
1.6225e+01
1.6250e+01
1.6275e+01
1.6300e+01
1.6325e+01
1.6350e+01
1.6375e+01
1.6400e+01
1.6425e+01
1.6450e+01
1.6475e+01
1.6500e+01
1.6525e+01
1.6550e+01
1.6575e+01
1.6600e+01
1.6625e+01
1.6650e+01
1.6675e+01
1.6700e+01
1.6725e+01
1.6750e+01
1.6775e+01
1.6800e+01
1.6825e+01
1.6850e+01
1.6875e+01
1.6900e+01
1.6925e+01
1.6950e+01
1.6975e+01
1.7000e+01
1.7025e+01
1.7050e+01
1.7075e+01
1.7100e+01
1.7125e+01
1.7150e+01
1.7175e+01
1.7200e+01
1.7225e+01
1.7250e+01
1.7275e+01
1.7300e+01
1.7325e+01
1.7350e+01
1.7375e+01
1.7400e+01
1.7425e+01
1.7450e+01
1.7475e+01
1.7500e+01
1.7525e+01
1.7550e+01
1.7575e+01
1.7600e+01
1.7625e+01
1.7650e+01
1.7675e+01
1.7700e+01
1.7725e+01
1.7750e+01
1.7775e+01
1.7800e+01
1.7825e+01
1.7850e+01
1.7875e+01
1.7900e+01
1.7925e+01
1.7950e+01
1.7975e+01
1.8000e+01
1.8025e+01
1.8050e+01
1.8075e+01
1.8100e+01
1.8125e+01
1.8150e+01
1.8175e+01
1.8200e+01
1.8225e+01
1.8250e+01
1.8275e+01
1.8300e+01
1.8325e+01
1.8350e+01
1.8375e+01
1.8400e+01
1.8425e+01
1.8450e+01
1.8475e+01
1.8500e+01
1.8525e+01
1.8550e+01
1.8575e+01
1.8600e+01
1.8625e+01
1.8650e+01
1.8675e+01
1.8700e+01
1.8725e+01
1.8750e+01
1.8775e+01
1.8800e+01
1.8825e+01
1.8850e+01
1.8875e+01
1.8900e+01
1.8925e+01
1.8950e+01
1.8975e+01
1.9000e+01
1.9025e+01
1.9050e+01
1.9075e+01
1.9100e+01
1.9125e+01
1.9150e+01
1.9175e+01
1.9200e+01
1.9225e+01
1.9250e+01
1.9275e+01
1.9300e+01
1.9325e+01
1.9350e+01
1.9375e+01
1.9400e+01
1.9425e+01
1.9450e+01
1.9475e+01
1.9500e+01
1.9525e+01
1.9550e+01
1.9575e+01
1.9600e+01
1.9625e+01
1.9650e+01
1.9675e+01
1.9700e+01
1.9725e+01
1.9750e+01
1.9775e+01
1.9800e+01
1.9825e+01
1.9850e+01
1.9875e+01
1.9900e+01
1.9925e+01
1.9950e+01
1.9975e+01
2.0000e+01

