0.000000000000000000e+00 0.000000000000000000e+00 9.293099327635135909e-01
4.646549663817567627e-05 9.293097263534000341e-03 9.293091071355682464e-01
1.858618627110819360e-04 1.858616563129854640e-02 9.293033281779569110e-01
4.181884790627155512e-04 2.787913081175611915e-02 9.292876448204580031e-01
7.434437361365034153e-04 3.717186902427623008e-02 9.292571107560867461e-01
1.161624539367884981e-03 4.646420706049365912e-02 9.292067872346468915e-01
1.672725815334986281e-03 5.575592237505117010e-02 9.291317461457884175e-01
2.276740018975674518e-03 6.504674320861170145e-02 9.290270733894181454e-01
2.973656642208007128e-03 7.433634874599867604e-02 9.288878725302806005e-01
3.763461724319497239e-03 8.362436931228570125e-02 9.287092687324526308e-01
4.646137364518602639e-03 9.291038660960877771e-02 9.284864129683735312e-01
5.621661237069283494e-03 1.021939339974148320e-01 9.282144864958740138e-01
6.690006109456270514e-03 1.114744968187887653e-01 9.278887055954707641e-01
7.851139364054697881e-03 1.207515127754179712e-01 9.275043265589644204e-01
9.105022523802868209e-03 1.300243723536572971e-01 9.270566509191224824e-01
1.045161078240103812e-02 1.392924193040489256e-01 9.265410309089546770e-01
1.189085253958203220e-02 1.485549511765302255e-01 9.259528751377938960e-01
1.342268894202117147e-02 1.578112199134282800e-01 9.252876544700988637e-01
1.504705343047329016e-02 1.670604325021925185e-01 9.245409080915936162e-01
1.676387129374329668e-02 1.763017516896564496e-01 9.237082497460694652e-01
1.857305923011380588e-02 1.855342967594465209e-01 9.227853741248979169e-01
2.047452491686866521e-02 1.947571443739700703e-01 9.217680633900544596e-01
2.246816658856445534e-02 2.039693294822165770e-01 9.206521938102373293e-01
2.455387262471345200e-02 2.131698462943961148e-01 9.194337424884950760e-01
2.673152114755058401e-02 2.223576493242173935e-01 9.181087941586598689e-01
2.900097963056385078e-02 2.315316544993757109e-01 9.166735480268314307e-01
3.136210451847212810e-02 2.406907403405782186e-01 9.151243246331781656e-01
3.381474085933636187e-02 2.498337492091823875e-01 9.134575727084280894e-01
3.635872194948951835e-02 2.589594886232631232e-01 9.116698759986241463e-01
3.899386899196759237e-02 2.680667326416558693e-01 9.097579600310219394e-01
4.171999076911803161e-02 2.771542233152492485e-01 9.077186987934267037e-01
4.453688333005324795e-02 2.862206722045210205e-01 9.055491212988066030e-01
4.744432969360542346e-02 2.952647619620280550e-01 9.032464180066915871e-01
5.044209956742459061e-02 3.042851479782746615e-01 9.008079470726748639e-01
5.352994908384461903e-02 3.132804600890967128e-01 8.982312403972922965e-01
5.670762055312178473e-02 3.222493043424122794e-01 8.955140094456579547e-01
5.997484223462765801e-02 3.311902648219037792e-01 8.926541508095017230e-01
6.333132812655227484e-02 3.401019055249162593e-01 8.896497514836745335e-01
6.677677777464498254e-02 3.489827722915785913e-01 8.864990938297789835e-01
7.031087610048919467e-02 3.578313947818855811e-01 8.832006602003320550e-01
7.393329324977314376e-02 3.666462884972168101e-01 8.797531371977894699e-01
7.764368446098235399e-02 3.754259568425173943e-01 8.761554195438415737e-01
8.144168995490068397e-02 3.841688932251247635e-01 8.724066135356387530e-01
8.532693484526519823e-02 3.928735831860008521e-01 8.685060400670083780e-01
8.929902907087697295e-02 4.015385065589152092e-01 8.644532371942851290e-01
9.335756734942415869e-02 4.101621396529315233e-01 8.602479622280795324e-01
9.750212915322638285e-02 4.187429574533702015e-01 8.558901933341568347e-01
1.017322787070605028e-01 4.272794358362625999e-01 8.513801306285709858e-01
1.060475650081769694e-01 4.357700537911739502e-01 8.467181967542916077e-01
1.104475218685645882e-01 4.442132956471548932e-01 8.419050369287627289e-01
1.149316679794681467e-01 4.526076532964878885e-01 8.369415184541276753e-01
1.194995069981100305e-01 4.609516284108237105e-01 8.318287296842254985e-01
1.241505276565124521e-01 4.692437346442562274e-01 8.265679784449079248e-01
1.288842038922622946e-01 4.774824998178621160e-01 8.211607899067115968e-01
1.336999950010058780e-01 4.856664680802341705e-01 8.156089039114418071e-01
1.385973458104063916e-01 4.937942020385662212e-01 8.099142717567626715e-01
1.435756868752423032e-01 5.018642848549005331e-01 8.040790524454205501e-01
1.486344346932720883e-01 5.098753223022277625e-01 7.981056084082466251e-01
1.537729919414372592e-01 5.178259447752328049e-01 7.919965007125608913e-01
1.589907477319250917e-01 5.257148092506099823e-01 7.857544837700258800e-01
1.642870778875615279e-01 5.335406011920207359e-01 7.793824995603513273e-01
1.696613452359572449e-01 5.413020363949445635e-01 7.728836713895168575e-01
1.751128999217823889e-01 5.489978627668712363e-01 7.662612972033409076e-01
1.806410797365019805e-01 5.566268620384993149e-01 7.595188424792684856e-01
1.862452104648610329e-01 5.641878514018463520e-01 7.526599327211580537e-01
1.919246062473693726e-01 5.716796850714318534e-01 7.456883455836147423e-01
1.976785699579985123e-01 5.791012557649681813e-01 7.386080026540224885e-01
2.035063935962692638e-01 5.864514961002825766e-01 7.314229609218657613e-01
2.094073586928773267e-01 5.937293799054975674e-01 7.241374039661956363e-01
2.153807367279755303e-01 6.009339234398086704e-01 7.167556328931701248e-01
2.214257895612071481e-01 6.080641865225250298e-01 7.092820570564882798e-01
2.275417698725623883e-01 6.151192735683675972e-01 7.017211845942299409e-01
2.337279216131120108e-01 6.220983345273597420e-01 6.940776128161109115e-01
2.399834804646573116e-01 6.290005657279853502e-01 6.863560184754604609e-01
2.463076743073235597e-01 6.358252106226334188e-01 6.785611479603324003e-01
2.526997236941167513e-01 6.425715604346926568e-01 6.706978074380675059e-01
2.591588423314580281e-01 6.492389547070011036e-01 6.627708529873427290e-01
2.656842375647094356e-01 6.558267817516935105e-01 6.547851807512743427e-01
2.722751108677067267e-01 6.623344790018228512e-01 6.467457171444961350e-01
2.789306583353197699e-01 6.687615332654561762e-01 6.386574091463169678e-01
2.856500711780706192e-01 6.751074808832630003e-01 6.305252147110835814e-01
2.924325362178502030e-01 6.813719077909188293e-01 6.223540933257480923e-01
2.992772363837897798e-01 6.875544494879402002e-01 6.141489967433700903e-01
3.061833512073607877e-01 6.936547909148496061e-01 6.059148599198886931e-01
3.131500573157967038e-01 6.996726662408321307e-01 5.976565921799921188e-01
3.201765289229539513e-01 7.056078585642981960e-01 5.893790686362992970e-01
3.272619383167541529e-01 7.114601995289994152e-01 5.810871218843729480e-01
3.344054563423766169e-01 7.172295688585603735e-01 5.727855339943099811e-01
3.416062528804015286e-01 7.229158938124893297e-01 5.644790288178253013e-01
3.488634973191336308e-01 7.285191485669088030e-01 5.561722646278689508e-01
3.561763590203710916e-01 7.340393535234087663e-01 5.478698271059080360e-01
3.635440077779182322e-01 7.394765745495668341e-01 5.395762226900799874e-01
3.709656142681769242e-01 7.448309221548022885e-01 5.312958722954921331e-01
3.784403504921891037e-01 7.501025506053334846e-01 5.230331054160205495e-01
3.859673902085400954e-01 7.552916569820926629e-01 5.147921546150581174e-01
3.935459093565724098e-01 7.603984801855167008e-01 5.065771504107894341e-01
4.011750864693983121e-01 7.654232998911799646e-01 4.983921165597426373e-01
4.088541030762393169e-01 7.703664354602628439e-01 4.902409657405886190e-01
4.165821440936616771e-01 7.752282448088611000e-01 4.821274956384424826e-01
4.243583982053153458e-01 7.800091232401362706e-01 4.740553854282746893e-01
4.321820582298257496e-01 7.847095022432829525e-01 4.660281926544665998e-01
4.400523214765252877e-01 7.893298482632553625e-01 4.580493505020574729e-01
4.479683900887523884e-01 7.938706614451405130e-01 4.501221654538278272e-01
4.559294713744834193e-01 7.983324743570021642e-01 4.422498153260551734e-01
4.639347781241010549e-01 8.027158506949411132e-01 4.344353476745647091e-01
4.719835289151396163e-01 8.070213839740288941e-01 4.266816785615822893e-01
4.800749484038839277e-01 8.112496962086697128e-01 4.189915916728818579e-01
4.882082676037333702e-01 8.154014365858391900e-01 4.113677377738050311e-01
4.963827241502766219e-01 8.194772801345259206e-01 4.038126344919170663e-01
5.045975625530552122e-01 8.234779263945798400e-01 3.963286664133505166e-01
5.128520344340254944e-01 8.274040980880359442e-01 3.889180854792737008e-01
5.211453987527583376e-01 8.312565397958446844e-01 3.815830116684050255e-01
5.294769220184452063e-01 8.350360166427976960e-01 3.743254339510709294e-01
5.378458784888051625e-01 8.387433129932900799e-01 3.671472114999757008e-01
5.462515503560141372e-01 8.423792311604110239e-01 3.600500751426090051e-01
5.546932279198019122e-01 8.459445901307036664e-01 3.530356290400588071e-01
5.631702097478837876e-01 8.494402243067807889e-01 3.461053525769199335e-01
5.716818028239165628e-01 8.528669822698317082e-01 3.392606024469869697e-01
5.802273226831867747e-01 8.562257255639013076e-01 3.325026149194886815e-01
5.888060935362579018e-01 8.595173275036711580e-01 3.258325082707573817e-01
5.974174483808194491e-01 8.627426720073220201e-01 3.192512853664231098e-01
6.060607291019962650e-01 8.659026524559100269e-01 3.127598363794752978e-01
6.147352865613896489e-01 8.689981705805429613e-01 3.063589416298397872e-01
6.234404806751335792e-01 8.720301353785009368e-01 3.000492745314685683e-01
6.321756804812617148e-01 8.749994620593090078e-01 2.938314046333322938e-01
6.409402641966882586e-01 8.779070710216341222e-01 2.877058007411330554e-01
6.497336192641151031e-01 8.807538868617491579e-01 2.816728341070156572e-01
6.585551423891840006e-01 8.835408374141835441e-01 2.757327816750413940e-01
6.674042395681986095e-01 8.862688528250579623e-01 2.698858293706986600e-01
6.762803261067446003e-01 8.889388646584873710e-01 2.641320754232515666e-01
6.851828266295404424e-01 8.915518050363272495e-01 2.584715337102704846e-01
6.941111750818531601e-01 8.941086058114338098e-01 2.529041371142400907e-01
7.030648147228145683e-01 8.966101977745103424e-01 2.474297408817002497e-01
7.120431981109739406e-01 8.990575098945203791e-01 2.420481259759375836e-01
7.210457870824220628e-01 9.014514685925599791e-01 2.367590024148081840e-01
7.300720527218207412e-01 9.037929970490008458e-01 2.315620125858331435e-01
7.391214753266689419e-01 9.060830145436402638e-01 2.264567345312632762e-01
7.481935443651338558e-01 9.083224358285231226e-01 2.214426851963572918e-01
7.572877584277724061e-01 9.105121705330367909e-01 2.165193236346559247e-01
7.664036251734628324e-01 9.126531226008193221e-01 2.116860541645603777e-01
7.755406612698623192e-01 9.147461897579687307e-01 2.069422294720368871e-01
7.846983923287010887e-01 9.167922630119899052e-01 2.022871536547668769e-01
7.938763528362168254e-01 9.187922261808727509e-01 1.977200852035445600e-01
8.030740860790283042e-01 9.207469554516545251e-01 1.932402399171882779e-01
8.122911440657386573e-01 9.226573189677854669e-01 1.888467937476786818e-01
8.215270874445540494e-01 9.245241764445842891e-01 1.845388855726647070e-01
8.307814854171936547e-01 9.263483788120455698e-01 1.803156198928865250e-01
8.400539156493614934e-01 9.281307678842370956e-01 1.761760694524538706e-01
8.493439641780423655e-01 9.298721760545070047e-01 1.721192777802860452e-01
8.586512253158748997e-01 9.315734260157055857e-01 1.681442616513690314e-01
8.679753015528490767e-01 9.332353305046140468e-01 1.642500134668133660e-01
8.773158034555654794e-01 9.348586920697652403e-01 1.604355035520046435e-01
8.866723495642863107e-01 9.364443028618339993e-01 1.566996823724269294e-01
8.960445662879994444e-01 9.379929444457736354e-01 1.530414826670088435e-01
9.054320877977098947e-01 9.395053876338738119e-01 1.494598214990911222e-01
9.148345559181620956e-01 9.409823923389175615e-01 1.459536022253462573e-01
9.242516200181914998e-01 9.424247074466191032e-01 1.425217163831931089e-01
9.336829368998935674e-01 9.438330707065316627e-01 1.391630454974449038e-01
9.431281706867901127e-01 9.452082086406213834e-01 1.358764628071069958e-01
9.525869927111675350e-01 9.465508364687145182e-01 1.326608349134024700e-01
9.620590814007495828e-01 9.478616580500363042e-01 1.295150233502493642e-01
9.715441221648632997e-01 9.491413658400720266e-01 1.264378860785441983e-01
9.810418072802471467e-01 9.503906408619963164e-01 1.234282789057227769e-01
9.905518357766427417e-01 9.516101526919308329e-01 1.204850568321716997e-01
1.000073913322305552e+00 9.528005594573072390e-01 1.176070753261535401e-01
1.009607752109561662e+00 9.539625078476293707e-01 1.147931915289862048e-01
1.019153070740531852e+00 9.550966331369457052e-01 1.120422653922822503e-01
1.028709594113135228e+00 9.562035592173624421e-01 1.093531607491089047e-01
1.038277053307480768e+00 9.572838986429456076e-01 1.067247463209740482e-01
1.047855185472747808e+00 9.583382526833803539e-01 1.041558966625782678e-01
1.057443733714648726e+00 9.593672113867746098e-01 1.016454930462992179e-01
1.067042446983562876e+00 9.603713536510147808e-01 9.919242428839249170e-02
1.076651079963425017e+00 9.613512473030999539e-01 9.679558751890303403e-02
1.086269392961443758e+00 9.623074491859024970e-01 9.445388889728469073e-02
1.095897151798723268e+00 9.632405052518211441e-01 9.216624427572192579e-02
1.105534127701853775e+00 9.641509506628150872e-01 8.993157981213849295e-02
1.115180097195531905e+00 9.650393098963234717e-01 8.774883253486347179e-02
1.124834841996267931e+00 9.659060968565991168e-01 8.561695086090534423e-02
1.134498148907230997e+00 9.667518149910006020e-01 8.353489506976115309e-02
1.144169809714281394e+00 9.675769574108078475e-01 8.150163773465973760e-02
1.153849621083230526e+00 9.683820070161455185e-01 7.951616411310706567e-02
1.163537384458369628e+00 9.691674366246155747e-01 7.757747249856691840e-02
1.173232905962302342e+00 9.699337091032603775e-01 7.568457453507330956e-02
1.182935996297110659e+00 9.706812775034934226e-01 7.383649549653145683e-02
1.192646470646884671e+00 9.714105851986539752e-01 7.203227453242268263e-02
1.202364148581639647e+00 9.721220660238574229e-01 7.027096488158535159e-02
1.212088853962640655e+00 9.728161444178311523e-01 6.855163405569940360e-02
1.221820414849156045e+00 9.734932355664399628e-01 6.687336399405634235e-02
1.231558663406651544e+00 9.741537455476221297e-01 6.523525119114978454e-02
1.241303435816440759e+00 9.747980714774717725e-01 6.363640679857456017e-02
1.251054572186801606e+00 9.754266016572176179e-01 6.207595670267446186e-02
1.260811916465564453e+00 9.760397157208631214e-01 6.055304157933092540e-02
1.270575316354180639e+00 9.766377847832655723e-01 5.906681692723680932e-02
1.280344623223272249e+00 9.772211715884454586e-01 5.761645308095156293e-02
1.290119692029665366e+00 9.777902306579314695e-01 5.620113520498627724e-02
1.299900381234906810e+00 9.783453084389552856e-01 5.482006327012001190e-02
1.309686552725260134e+00 9.788867434523265132e-01 5.347245201310170393e-02
1.319478071733179769e+00 9.794148664398257820e-01 5.215753088084604944e-02
1.329274806760254002e+00 9.799300005109667921e-01 5.087454396018600833e-02
1.339076629501614102e+00 9.804324612889878665e-01 4.962274989420000643e-02
1.348883414771796962e+00 9.809225570559436669e-01 4.840142178608795864e-02
1.358695040432055023e+00 9.814005888967775038e-01 4.720984709152735437e-02
1.368511387319100603e+00 9.818668508422633279e-01 4.604732750039861738e-02
1.378332339175273979e+00 9.823216300107151522e-01 4.491317880872803397e-02
1.388157782580121680e+00 9.827652067483706455e-01 4.380673078165663037e-02
1.397987606883371869e+00 9.831978547683624114e-01 4.272732700820453672e-02
1.407821704139291974e+00 9.836198412881994591e-01 4.167432474856277991e-02
1.417659969042413648e+00 9.840314271656864786e-01 4.064709477460768522e-02
1.427502298864607999e+00 9.844328670332179732e-01 3.964502120429788667e-02
1.437348593393496188e+00 9.848244094303875151e-01 3.866750133057938327e-02
1.447198754872177862e+00 9.852062969348617250e-01 3.771394544539121568e-02
1.457052687940257885e+00 9.855787662914717862e-01 3.678377665933214163e-02
1.466910299576156484e+00 9.859420485394825295e-01 3.587643071751796947e-02
1.476771499040681945e+00 9.862963691380026710e-01 3.499135581212944879e-02
1.486636197821848304e+00 9.866419480895062266e-01 3.412801239212211180e-02
1.496504309580918735e+00 9.869790000614387937e-01 3.328587297054184241e-02
1.506375750099655075e+00 9.873077345058863807e-01 3.246442192986375569e-02
1.516250437228754411e+00 9.876283557772899124e-01 3.166315532574651842e-02
1.526128290837453383e+00 9.879410632481903098e-01 3.088158068957004912e-02
1.536009232764279364e+00 9.882460514229950421e-01 3.011921683010134257e-02
1.545893186768929395e+00 9.885435100497573790e-01 2.937559363461089007e-02
1.555780078485257789e+00 9.888336242299664569e-01 2.865025186974097179e-02
1.565669835375350871e+00 9.891165745263447162e-01 2.794274298240684642e-02
1.575562386684669969e+00 9.893925370686569298e-01 2.725262890099247604e-02
1.585457663398242900e+00 9.896616836575323761e-01 2.657948183708401524e-02
1.595355598197883085e+00 9.899241818663091497e-01 2.592288408796676602e-02
1.605256125420417845e+00 9.901801951409071600e-01 2.528242784009454569e-02
1.615159181016905254e+00 9.904298828977423641e-01 2.465771497372454615e-02
1.625064702512820869e+00 9.906734006196931119e-01 2.404835686889572263e-02
1.634972628969194153e+00 9.909108999501343717e-01 2.345397421291435872e-02
1.644882900944674819e+00 9.911425287850545995e-01 2.287419680949695153e-02
1.654795460458512890e+00 9.913684313632727951e-01 2.230866338970763016e-02
1.664710250954428927e+00 9.915887483547748404e-01 2.175702142481522605e-02
1.674627217265360901e+00 9.918036169471882157e-01 2.121892694118352601e-02
1.684546305579064152e+00 9.920131709304160772e-01 2.069404433729737924e-02
1.694467463404550456e+00 9.922175407794532331e-01 2.018204620301712257e-02
1.704390639539345109e+00 9.924168537354053354e-01 1.968261314114401472e-02
1.714315784037546475e+00 9.926112338847362659e-01 1.919543359137028393e-02
1.724242848178667353e+00 9.928008022367669216e-01 1.872020365667884101e-02
1.734171784437244845e+00 9.929856767994506006e-01 1.825662693224957764e-02
1.744102546453197844e+00 9.931659726534499688e-01 1.780441433692160971e-02
1.754035089002918157e+00 9.933418020245420310e-01 1.736328394725373397e-02
1.763969367971076174e+00 9.935132743543763079e-01 1.693296083421864939e-02
1.773905340323126856e+00 9.936804963696137527e-01 1.651317690256028092e-02
1.783842964078498960e+00 9.938435721494722763e-01 1.610367073283771808e-02
1.793782198284451734e+00 9.940026031917066351e-01 1.570418742617378863e-02
1.803723002990583968e+00 9.941576884770487732e-01 1.531447845172125531e-02
1.813665339223979434e+00 9.943089245321370395e-01 1.493430149685485986e-02
1.823609168964974270e+00 9.944564054909605932e-01 1.456342032009302380e-02
1.833554455123531879e+00 9.946002231548471961e-01 1.420160460674898401e-02
1.843501161516210241e+00 9.947404670510201496e-01 1.384862982730731065e-02
1.853449252843707651e+00 9.948772244897537975e-01 1.350427709851824767e-02
1.863398694668973787e+00 9.950105806201526848e-01 1.316833304719912737e-02
1.873349453395870334e+00 9.951406184845824621e-01 1.284058967672909411e-02
1.883301496248370954e+00 9.952674190717790692e-01 1.252084423622062612e-02
1.893254791250285063e+00 9.953910613686631770e-01 1.220889909234887209e-02
1.903209307205493417e+00 9.955116224108859768e-01 1.190456160381749007e-02
1.913165013678682413e+00 9.956291773321324090e-01 1.160764399843758343e-02
1.923121880976566889e+00 9.957437994122086966e-01 1.131796325279443849e-02
1.933079880129585870e+00 9.958555601239390542e-01 1.103534097447503304e-02
1.943038982874062848e+00 9.959645291788973287e-01 1.075960328682772950e-02
1.952999161634817016e+00 9.960707745719988848e-01 1.049058071622416786e-02
1.962960389508215053e+00 9.961743626249774941e-01 1.022810808179214215e-02
1.972922640245652337e+00 9.962753580287717625e-01 9.972024387587112917e-03
1.982885888237452043e+00 9.963738238848450779e-01 9.722172717169038844e-03
1.992850108497172812e+00 9.964698217454636131e-01 9.478400130550379207e-03
2.002815276646313869e+00 9.965634116529554776e-01 9.240557563480333511e-03
2.012781368899408285e+00 9.966546521779738876e-01 9.008499729029810152e-03
2.022748362049492599e+00 9.967436004567877816e-01 8.782085021441033215e-03
2.032716233453946586e+00 9.968303122276221950e-01 8.561175422205299229e-03
2.042684961020689194e+00 9.969148418660700450e-01 8.345636408332012326e-03
2.052654523194726188e+00 9.969972424195979732e-01 8.135336862771883407e-03
2.062624898945038865e+00 9.970775656411665633e-01 7.930148986956963783e-03
2.072596067751801385e+00 9.971558620219864721e-01 7.729948215420069310e-03
2.082568009593925407e+00 9.972321808234311247e-01 7.534613132456088533e-03
2.092540704936916462e+00 9.973065701081259560e-01 7.344025390787657127e-03
2.102514134721038985e+00 9.973790767702342963e-01 7.158069632197748555e-03
2.112488280349780645e+00 9.974497465649591055e-01 6.976633410091818456e-03
2.122463123678605790e+00 9.975186241372800966e-01 6.799607113952304237e-03
2.132438647003994436e+00 9.975857530499442349e-01 6.626883895648454786e-03
2.142414833052757039e+00 9.976511758107290406e-01 6.458359597564711577e-03
2.152391664971617935e+00 9.977149338989956817e-01 6.293932682511117413e-03
2.162369126317060797e+00 9.977770677915499542e-01 6.133504165379527473e-03
2.172347201045429888e+00 9.978376169878286905e-01 5.976977546509719928e-03
2.182325873503279556e+00 9.978966200344280280e-01 5.824258746729860797e-03
2.192305128417965765e+00 9.979541145489904119e-01 5.675256044036148910e-03
2.202284950888472981e+00 9.980101372434661000e-01 5.529880011876849369e-03
2.212265326376471553e+00 9.980647239467660414e-01 5.388043459006360177e-03
2.222246240697598019e+00 9.981179096268202322e-01 5.249661370875366093e-03
2.232227680012952575e+00 9.981697284120581992e-01 5.114650852523583077e-03
2.242209630820810151e+00 9.982202136123254910e-01 4.982931072942050309e-03
2.252192079948536207e+00 9.982693977392507190e-01 4.854423210872400342e-03
2.262175014544703711e+00 9.983173125260782488e-01 4.729050402010995073e-03
2.272158422071407724e+00 9.983639889469791973e-01 4.606737687586313912e-03
2.282142290296767406e+00 9.984094572358556130e-01 4.487411964278454138e-03
2.292126607287616746e+00 9.984537469046497193e-01 4.371001935450104757e-03
2.302111361402372935e+00 9.984968867611724308e-01 4.257438063658841761e-03
2.312096541284084150e+00 9.985389049264630223e-01 4.146652524421094027e-03
2.322082135853645202e+00 9.985798288516927190e-01 4.038579161198626970e-03
2.332068134303181939e+00 9.986196853346240854e-01 3.933153441578888035e-03
2.342054526089597744e+00 9.986585005356378719e-01 3.830312414621052982e-03
2.352041300928278567e+00 9.986962999933393093e-01 3.729994669340118852e-03
2.362028448786950729e+00 9.987331086397549518e-01 3.632140294301867880e-03
2.372015959879689717e+00 9.987689508151301743e-01 3.536690838302035313e-03
2.382003824661074631e+00 9.988038502823399778e-01 3.443589272103488984e-03
2.391992033820485197e+00 9.988378302409208764e-01 3.352779951205722871e-03
2.401980578276536882e+00 9.988709133407370766e-01 3.264208579621445238e-03
2.411969449171651458e+00 9.989031216952879433e-01 3.177822174635517270e-03
2.421958637866757247e+00 9.989344768946690767e-01 3.093569032521970366e-03
2.431948135936119915e+00 9.989650000181943268e-01 3.011398695195304735e-03
2.441937935162295403e+00 9.989947116466892929e-01 2.931261917772717742e-03
2.451928027531205423e+00 9.990236318744649680e-01 2.853110637024389249e-03
2.461918405227331075e+00 9.990517803209800762e-01 2.776897940689378782e-03
2.471909060629021049e+00 9.990791761422010975e-01 2.702578037635157329e-03
2.481899986303913064e+00 9.991058380416673046e-01 2.630106228839217651e-03
2.491891175004462333e+00 9.991317842812706962e-01 2.559438879171651530e-03
2.501882619663578833e+00 9.991570326917564859e-01 2.490533389958007795e-03
2.511874313390367153e+00 9.991816006829541408e-01 2.423348172302166974e-03
2.521866249465967602e+00 9.992055052537447413e-01 2.357842621149382981e-03
2.531858421339494125e+00 9.992287630017724354e-01 2.293977090070057744e-03
2.541850822624071693e+00 9.992513901329079795e-01 2.231712866745211039e-03
2.551843447092962514e+00 9.992734024704698070e-01 2.171012149135016344e-03
2.561836288675787721e+00 9.992948154642106173e-01 2.111838022312158628e-03
2.571829341454833884e+00 9.993156441990753702e-01 2.054154435942159417e-03
2.581822599661449225e+00 9.993359034037370137e-01 1.997926182393202233e-03
2.591816057672521989e+00 9.993556074589168281e-01 1.943118875458354653e-03
2.601809710007041421e+00 9.993747704054947167e-01 1.889698929673470787e-03
2.611803551322739558e+00 9.993934059524157698e-01 1.837633540214406603e-03
2.621797576412810749e+00 9.994115274843983210e-01 1.786890663357554613e-03
2.631791780202706210e+00 9.994291480694496022e-01 1.737438997488048977e-03
2.641786157747004982e+00 9.994462804661942146e-01 1.689247964640349427e-03
2.651780704226354590e+00 9.994629371310201904e-01 1.642287692556250282e-03
2.661775414944484552e+00 9.994791302250487508e-01 1.596528997245706856e-03
2.671770285325287819e+00 9.994948716209317574e-01 1.551943366036203373e-03
2.681765310909969280e+00 9.995101729094820753e-01 1.508502941096714119e-03
2.691760487354259990e+00 9.995250454061416212e-01 1.466180503422640901e-03
2.701755810425694015e+00 9.995395001572910942e-01 1.424949457268425172e-03
2.711751276000950561e+00 9.995535479464071615e-01 1.384783815014850421e-03
2.721746880063253826e+00 9.995671993000692090e-01 1.345658182458364400e-03
2.731742618699833702e+00 9.995804644938218742e-01 1.307547744510054134e-03
2.741738488099444204e+00 9.995933535578966911e-01 1.270428251292210877e-03
2.751734484549938742e+00 9.996058762827956246e-01 1.234276004620720769e-03
2.761730604435899572e+00 9.996180422247425978e-01 1.199067844861807959e-03
2.771726844236322318e+00 9.996298607110045698e-01 1.164781138151949882e-03
2.781723200522351558e+00 9.996413408450866012e-01 1.131393763970065230e-03
2.791719669955070149e+00 9.996524915118047971e-01 1.098884103051359605e-03
2.801716249283336069e+00 9.996633213822399000e-01 1.067231025632486450e-03
2.811712935341668995e+00 9.996738389185747531e-01 1.036413880017955777e-03
2.821709725048186623e+00 9.996840523788189659e-01 1.006412481457988643e-03
2.831706615402584504e+00 9.996939698214242220e-01 9.772071013282807375e-04
2.841703603484164287e+00 9.997035991097927843e-01 9.487784566023961400e-04
2.851700686449904154e+00 9.997129479166816379e-01 9.211076996077666862e-04
2.861697861532574994e+00 9.997220237285061595e-01 8.941764080565248749e-04
2.871695126038897428e+00 9.997308338495454194e-01 8.679665753426432824e-04
2.881692477347741921e+00 9.997393854060512286e-01 8.424606010970946872e-04
2.891689912908367521e+00 9.997476853502644811e-01 8.176412819929871484e-04
2.901687430238701904e+00 9.997557404643405699e-01 7.934918027928585665e-04
2.911685026923660491e+00 9.997635573641867612e-01 7.699957276305478176e-04
2.921682700613501993e+00 9.997711425032127508e-01 7.471369915202810512e-04
2.931680449022222135e+00 9.997785021759985069e-01 7.248998920858336836e-04
2.941678269925982914e+00 9.997856425218794030e-01 7.032690815028464285e-04
2.951676161161578271e+00 9.997925695284526348e-01 6.822295586475812280e-04
2.961674120624933515e+00 9.997992890350057005e-01 6.617666614456145817e-04
2.971672146269639825e+00 9.998058067358693846e-01 6.418660594141667800e-04
2.981670236105520289e+00 9.998121281836972463e-01 6.225137463919642880e-04
2.991668388197229245e+00 9.998182587926733866e-01 6.036960334507274597e-04
3.001666600662884044e+00 9.998242038416497168e-01 5.853995419825664759e-04
3.011664871672727006e+00 9.998299684772156137e-01 5.676111969577511988e-04
3.021663199447816694e+00 9.998355577167005181e-01 5.503182203475065698e-04
3.031661582258751597e+00 9.998409764511118070e-01 5.335081247066578982e-04
3.041660018424420464e+00 9.998462294480091606e-01 5.171687069111262402e-04
3.051658506310782393e+00 9.998513213543172018e-01 5.012880420454406041e-04
3.061657044329673560e+00 9.998562566990772948e-01 4.858544774355993837e-04
3.071655630937642378e+00 9.998610398961411683e-01 4.708566268227718215e-04
3.081654264634811291e+00 9.998656752468061404e-01 4.562833646734878405e-04
3.091652943963763889e+00 9.998701669423946115e-01 4.421238206221149609e-04
3.101651667508456889e+00 9.998745190667785998e-01 4.283673740415689041e-04
3.111650433893159207e+00 9.998787355988503212e-01 4.150036487383474359e-04
3.121649241781413675e+00 9.998828204149404764e-01 4.020225077681168673e-04
3.131648089875024077e+00 9.998867772911855800e-01 3.894140483682154478e-04
3.141646976913063494e+00 9.998906099058445518e-01 3.771685970035688592e-04
3.151645901670908412e+00 9.998943218415670131e-01 3.652767045226411173e-04
3.161644862959292812e+00 9.998979165876132891e-01 3.537291414201666480e-04
3.171643859623384909e+00 9.999013975420273370e-01 3.425168932035294891e-04
3.181642890541886537e+00 9.999047680137643779e-01 3.316311558597709818e-04
3.191641954626152522e+00 9.999080312247733415e-01 3.210633314203195318e-04
3.201641050819330481e+00 9.999111903120357914e-01 3.108050236206446552e-04
3.211640178095521048e+00 9.999142483295611061e-01 3.008480336521416102e-04
3.221639335458958531e+00 9.999172082503408054e-01 2.911843560036547198e-04
3.231638521943210218e+00 9.999200729682605759e-01 2.818061743901452876e-04
3.241637736610394338e+00 9.999228452999727734e-01 2.727058577661037363e-04
3.251636978550417112e+00 9.999255279867292900e-01 2.638759564213974331e-04
3.261636246880228018e+00 9.999281236961754527e-01 2.553091981573329407e-04
3.271635540743091930e+00 9.999306350241067287e-01 2.469984845407958421e-04
3.281634859307879903e+00 9.999330644961875736e-01 2.389368872344131125e-04
3.291634201768375512e+00 9.999354145696347507e-01 2.311176444007613517e-04
3.301633567342599829e+00 9.999376876348642362e-01 2.235341571787191552e-04
3.311632955272150181e+00 9.999398860171038184e-01 2.161799862301347136e-04
3.321632364821557548e+00 9.999420119779716121e-01 2.090488483550494397e-04
3.331631795277656849e+00 9.999440677170204905e-01 2.021346131737854278e-04
3.341631245948974538e+00 9.999460553732499868e-01 1.954312998742679746e-04
3.351630716165130863e+00 9.999479770265861100e-01 1.889330740230171963e-04
3.361630205276255889e+00 9.999498346993292985e-01 1.826342444383009128e-04
3.371629712652420174e+00 9.999516303575716192e-01 1.765292601239980014e-04
3.381629237683080547e+00 9.999533659125836582e-01 1.706127072627756610e-04
3.391628779776537428e+00 9.999550432221713248e-01 1.648793062672357119e-04
3.401628338359408144e+00 9.999566640920037885e-01 1.593239088877350992e-04
3.411627912876110891e+00 9.999582302769125519e-01 1.539414953756329519e-04
3.421627502788363362e+00 9.999597434821624331e-01 1.487271717007622787e-04
3.431627107574693802e+00 9.999612053646953491e-01 1.436761668219672895e-04
3.441626726729962726e+00 9.999626175343463430e-01 1.387838300095896663e-04
3.451626359764898844e+00 9.999639815550338540e-01 1.340456282188255471e-04
3.461626006205645201e+00 9.999652989459235641e-01 1.294571435129137965e-04
3.471625665593317311e+00 9.999665711825668213e-01 1.250140705351513208e-04
3.481625337483572835e+00 9.999677996980138595e-01 1.207122140287658938e-04
3.491625021446192356e+00 9.999689858839027057e-01 1.165474864037096891e-04
3.501624717064669490e+00 9.999701310915237729e-01 1.125159053494675980e-04
3.511624423935814310e+00 9.999712366328612489e-01 1.086135914930042327e-04
3.521624141669363439e+00 9.999723037816103943e-01 1.048367661010016037e-04
3.531623869887604350e+00 9.999733337741730788e-01 1.011817488255662307e-04
3.541623608225004993e+00 9.999743278106303368e-01 9.764495549261026028e-05
3.551623356327856751e+00 9.999752870556933848e-01 9.422289593213484390e-05
3.561623113853925826e+00 9.999762126396326556e-01 9.091217184966753897e-05
3.571622880472112183e+00 9.999771056591865159e-01 8.770947473812711580e-05
3.581622655862119142e+00 9.999779671784484458e-01 8.461158382940988634e-05
3.591622439714131421e+00 9.999787982297347888e-01 8.161536408501148540e-05
3.601622231728501600e+00 9.999795998144317410e-01 7.871776422501661511e-05
3.611622031615445039e+00 9.999803729038234668e-01 7.591581479480712590e-05
3.621621839094742779e+00 9.999811184399007846e-01 7.320662626885539542e-05
3.631621653895452440e+00 9.999818373361512025e-01 7.058738719098610792e-05
3.641621475755627557e+00 9.999825304783303004e-01 6.805536235050468831e-05
3.651621304422043135e+00 9.999831987252154608e-01 6.560789099360468560e-05
3.661621139649930967e+00 9.999838429093412806e-01 6.324238506948035943e-05
3.671620981202718959e+00 9.999844638377184403e-01 6.095632751058335450e-05
3.681620828851781102e+00 9.999850622925345878e-01 5.874727054647460573e-05
3.691620682376191898e+00 9.999856390318393462e-01 5.661283405073428603e-05
3.701620541562488764e+00 9.999861947902124459e-01 5.455070392040351125e-05
3.711620406204439337e+00 9.999867302794163137e-01 5.255863048744192543e-05
3.721620276102818536e+00 9.999872461890321196e-01 5.063442696169529795e-05
3.731620151065188296e+00 9.999877431870812794e-01 4.877596790487639180e-05
3.741620030905685290e+00 9.999882219206313039e-01 4.698118773507160492e-05
3.751619915444814879e+00 9.999886830163869922e-01 4.524807926129409294e-05
3.761619804509249931e+00 9.999891270812673039e-01 4.357469224761226684e-05
3.771619697931635873e+00 9.999895547029675757e-01 4.195913200639013550e-05
3.781619595550401502e+00 9.999899664505085273e-01 4.039955802018337588e-05
3.791619497209574252e+00 9.999903628747706108e-01 3.889418259184184432e-05
3.801619402758602106e+00 9.999907445090161495e-01 3.744126952237595082e-05
3.811619312052179964e+00 9.999911118693973755e-01 3.603913281615064043e-05
3.821619224950080440e+00 9.999914654554523663e-01 3.468613541297677717e-05
3.831619141316990884e+00 9.999918057505881031e-01 3.338068794667556013e-05
3.841619061022353065e+00 9.999921332225513160e-01 3.212124752969711063e-05
3.851618983940210850e+00 9.999924483238872286e-01 3.090631656337979017e-05
3.861618909949059208e+00 9.999927514923866445e-01 2.973444157344187782e-05
3.871618838931698559e+00 9.999930431515214879e-01 2.860421207030224976e-05
3.881618770775094429e+00 9.999933237108692419e-01 2.751425943383144061e-05
3.891618705370241127e+00 9.999935935665257292e-01 2.646325582213911458e-05
3.901618642612026733e+00 9.999938531015077903e-01 2.544991310400843322e-05
3.911618582399106980e+00 9.999941026861454141e-01 2.447298181459217389e-05
3.921618524633778691e+00 9.999943426784627665e-01 2.353125013398967813e-05
3.931618469221858980e+00 9.999945734245498929e-01 2.262354288832775775e-05
3.941618416072567577e+00 9.999947952589243183e-01 2.174872057297283037e-05
3.951618365098413133e+00 9.999950085048828763e-01 2.090567839750535076e-05
3.961618316215082203e+00 9.999952134748441024e-01 2.009334535209155129e-05
3.971618269341333107e+00 9.999954104706816338e-01 1.931068329489122880e-05
3.981618224398891126e+00 9.999955997840481725e-01 1.855668606014402141e-05
3.991618181312348135e+00 9.999957816966911217e-01 1.783037858658035948e-05
4.001618140009066238e+00 9.999959564807591184e-01 1.713081606580676129e-05
4.011618100419080513e+00 9.999961243991006832e-01 1.645708311031882689e-05
4.021618062475011079e+00 9.999962857055539889e-01 1.580829294079873611e-05
4.031618026111971176e+00 9.999964406452291898e-01 1.518358659235761080e-05
4.041617991267483667e+00 9.999965894547826473e-01 1.458213213938653535e-05
4.051617957881396670e+00 9.999967323626836047e-01 1.400312393868352429e-05
4.061617925895802728e+00 9.999968695894729809e-01 1.344578189052713087e-05
4.071617895254960651e+00 9.999970013480156128e-01 1.290935071737083300e-05
4.081617865905221798e+00 9.999971278437446154e-01 1.239309925983573601e-05
4.091617837794955470e+00 9.999972492748993025e-01 1.189631978968255570e-05
4.101617810874477854e+00 9.999973658327558912e-01 1.141832733944723994e-05
4.111617785095983635e+00 9.999974777018522110e-01 1.095845904842795819e-05
4.121617760413481157e+00 9.999975850602053074e-01 1.051607352471467652e-05
4.131617736782726702e+00 9.999976880795229395e-01 1.009055022295583227e-05
4.141617714161162311e+00 9.999977869254091933e-01 9.681288837560105633e-06
4.151617692507857171e+00 9.999978817575637668e-01 9.287708711034669878e-06
4.161617671783448991e+00 9.999979727299757037e-01 8.909248257164732878e-06
4.171617651950087158e+00 9.999980599911111323e-01 8.545364398742599061e-06
4.181617632971378562e+00 9.999981436840957860e-01 8.195532019557910035e-06
4.191617614812336079e+00 9.999982239468915290e-01 7.859243430364189716e-06
4.201617597439327056e+00 9.999983009124685518e-01 7.536007848540221543e-06
4.211617580820023576e+00 9.999983747089715713e-01 7.225350891168308987e-06
4.221617564923356269e+00 9.999984454598813688e-01 6.926814081254872266e-06
4.231617549719467242e+00 9.999985132841715529e-01 6.639954366822349360e-06
4.241617535179667442e+00 9.999985782964603276e-01 6.364343652604835468e-06
4.251617521276392253e+00 9.999986406071577072e-01 6.099568344083385688e-06
4.261617507983160635e+00 9.999987003226086246e-01 5.845228903600402240e-06
4.271617495274536047e+00 9.999987575452310429e-01 5.600939418296032587e-06
4.281617483126085588e+00 9.999988123736500700e-01 5.366327179613003880e-06
4.291617471514345361e+00 9.999988649028280774e-01 5.141032274119830137e-06
4.301617460416783167e+00 9.999989152241907098e-01 4.924707185405856429e-06
4.311617449811763869e+00 9.999989634257487880e-01 4.717016406805102607e-06
4.321617439678515638e+00 9.999990095922164368e-01 4.517636064709392755e-06
4.331617429997097091e+00 9.999990538051257705e-01 4.326253552234783608e-06
4.341617420748367984e+00 9.999990961429375824e-01 4.142567173008806792e-06
4.351617411913957234e+00 9.999991366811489257e-01 3.966285794849571047e-06
4.361617403476234500e+00 9.999991754923970300e-01 3.797128513111262457e-06
4.371617395418281760e+00 9.999992126465595543e-01 3.634824323474109908e-06
4.381617387723866663e+00 9.999992482108525094e-01 3.479111803960357491e-06
4.391617380377415891e+00 9.999992822499242928e-01 3.329738805961308402e-06
4.401617373363989394e+00 9.999993148259468390e-01 3.186462154063963738e-06
4.411617366669258189e+00 9.999993459987039923e-01 3.049047354469270638e-06
4.421617360279478604e+00 9.999993758256769949e-01 2.917268311797452228e-06
4.431617354181470958e+00 9.999994043621268647e-01 2.790907054079345178e-06
4.441617348362597362e+00 9.999994316611744427e-01 2.669753465736110499e-06
4.451617342810740396e+00 9.999994577738775536e-01 2.553605028353099684e-06
4.461617337514284465e+00 9.999994827493058347e-01 2.442266569057075263e-06
4.471617332462093586e+00 9.999995066346129002e-01 2.335550016309364892e-06
4.481617327643494519e+00 9.999995294751061747e-01 2.233274162930906093e-06
4.491617323048258115e+00 9.999995513143143944e-01 2.135264436178483681e-06
4.501617318666582435e+00 9.999995721940526661e-01 2.041352674694798797e-06
4.511617314489074992e+00 9.999995921544858613e-01 1.951376912158307244e-06
4.521617310506736764e+00 9.999996112341890120e-01 1.865181167462061053e-06
4.531617306710947091e+00 9.999996294702067079e-01 1.782615241254031751e-06
4.541617303093447688e+00 9.999996468981093845e-01 1.703534518674646641e-06
4.551617299646329329e+00 9.999996635520486121e-01 1.627799778130461437e-06
4.561617296362018514e+00 9.999996794648098319e-01 1.555277005946082944e-06
4.571617293233260604e+00 9.999996946678636478e-01 1.485837216739603899e-06
4.581617290253110930e+00 9.999997091914153424e-01 1.419356279369937855e-06
4.591617287414920590e+00 9.999997230644523949e-01 1.355714748307530690e-06
4.601617284712324896e+00 9.999997363147904439e-01 1.294797700282991374e-06
4.611617282139230056e+00 9.999997489691180297e-01 1.236494576071213401e-06
4.621617279689806068e+00 9.999997610530392267e-01 1.180699027271552988e-06
4.631617277358471618e+00 9.999997725911149438e-01 1.127308767947600032e-06
4.641617275139887866e+00 9.999997836069031143e-01 1.076225430993003288e-06
4.651617273028945121e+00 9.999997941229968879e-01 1.027354429092708468e-06
4.661617271020754849e+00 9.999998041610618227e-01 9.806048201518301204e-07
4.671617269110642567e+00 9.999998137418719679e-01 9.358891770672001302e-07
4.681617267294135409e+00 9.999998228853440585e-01 8.931234617194282289e-07
4.691617265566955908e+00 9.999998316105707108e-01 8.522269030660579199e-07
4.701617263925014001e+00 9.999998399358528411e-01 8.131218792191184813e-07
4.711617262364398151e+00 9.999998478787304190e-01 7.757338033930511899e-07
4.721617260881370015e+00 9.999998554560122210e-01 7.399910136116262052e-07
4.731617259472353787e+00 9.999998626838045857e-01 7.058246660650683183e-07
4.741617258133932644e+00 9.999998695775390578e-01 6.731686320111732110e-07
4.751617256862840755e+00 9.999998761519990342e-01 6.419593981167194982e-07
4.761617255655956171e+00 9.999998824213455206e-01 6.121359701379665991e-07
4.771617254510296391e+00 9.999998883991417786e-01 5.836397798414755602e-07
4.781617253423011249e+00 9.999998940983770845e-01 5.564145950688962667e-07
4.791617252391377590e+00 9.999998995314897110e-01 5.304064328517317272e-07
4.801617251412793941e+00 9.999999047103890204e-01 5.055634754844189247e-07
4.811617250484776065e+00 9.999999096464767812e-01 4.818359894663540935e-07
4.821617249604950750e+00 9.999999143506673738e-01 4.591762472257388905e-07
4.831617248771051365e+00 9.999999188334076639e-01 4.375384515403350010e-07
4.841617247980914307e+00 9.999999231046958759e-01 4.168786625723832305e-07
4.851617247232472785e+00 9.999999271740999118e-01 3.971547274370765984e-07
4.861617246523754154e+00 9.999999310507746708e-01 3.783262122260656792e-07
4.871617245852875477e+00 9.999999347434791463e-01 3.603543364095300273e-07
4.881617245218039081e+00 9.999999382605924136e-01 3.432019095423616472e-07
4.891617244617529003e+00 9.999999416101295058e-01 3.268332702019817552e-07
4.901617244049708333e+00 9.999999447997560686e-01 3.112142270872488665e-07
4.911617243513015652e+00 9.999999478368030159e-01 2.963120022098138667e-07
4.921617243005959708e+00 9.999999507282802957e-01 2.820951761111383880e-07
4.931617242527118528e+00 9.999999534808903245e-01 2.685336350402144116e-07
4.941617242075135863e+00 9.999999561010406435e-01 2.555985200288080311e-07
4.951617241648718526e+00 9.999999585948562419e-01 2.432621778027975300e-07
4.961617241246631949e+00 9.999999609681914370e-01 2.314981134698864311e-07
4.971617240867699294e+00 9.999999632266411975e-01 2.202809449256466783e-07
4.981617240510799682e+00 9.999999653755520246e-01 2.095863589214837914e-07
4.991617240174862857e+00 9.999999674200323874e-01 1.993910687397183697e-07
5.001617239858869191e+00 9.999999693649630483e-01 1.896727734225446399e-07
5.011617239561846127e+00 9.999999712150063891e-01 1.804101185031578102e-07
5.021617239282868184e+00 9.999999729746158472e-01 1.715826581888387019e-07
5.031617239021051624e+00 9.999999746480446872e-01 1.631708189472462894e-07
5.041617238775555343e+00 9.999999762393548819e-01 1.551558644485973569e-07
5.051617238545578203e+00 9.999999777524248845e-01 1.475198618178079139e-07
5.061617238330355484e+00 9.999999791909578439e-01 1.402456491520322178e-07
5.071617238129160654e+00 9.999999805584889323e-01 1.333168042603660751e-07
5.081617237941300047e+00 9.999999818583925615e-01 1.267176145837776082e-07
5.091617237766113746e+00 9.999999830938897105e-01 1.204330482545952796e-07
5.101617237602972921e+00 9.999999842680541429e-01 1.144487262561177162e-07
5.111617237451279827e+00 9.999999853838190678e-01 1.087508956441140900e-07
5.121617237310464255e+00 9.999999864439830244e-01 1.033264037931580397e-07
5.131617237179983526e+00 9.999999874512160991e-01 9.816267363188249760e-08
5.141617237059320722e+00 9.999999884080653656e-01 9.324767983235827599e-08
5.151617236947984679e+00 9.999999893169603249e-01 8.856992591988571925e-08
5.161617236845507328e+00 9.999999901802179014e-01 8.411842227054728123e-08
5.171617236751443691e+00 9.999999910000477721e-01 7.988266496489962016e-08
5.181617236665370108e+00 9.999999917785568071e-01 7.585261546718763027e-08
5.191617236586883344e+00 9.999999925177537330e-01 7.201868110043944514e-08
5.201617236515600595e+00 9.999999932195534624e-01 6.837169628875228178e-08
5.211617236451155932e+00 9.999999938857814241e-01 6.490290453900423261e-08
5.221617236393202965e+00 9.999999945181774486e-01 6.160394113512662145e-08
5.231617236341412180e+00 9.999999951183995428e-01 5.846681651894696180e-08
5.241617236295469162e+00 9.999999956880276653e-01 5.548390033246328750e-08
5.251617236255075483e+00 9.999999962285671673e-01 5.264790609723815728e-08
5.261617236219947813e+00 9.999999967414522350e-01 4.995187650740417793e-08
5.271617236189817035e+00 9.999999972280489979e-01 4.738916931355464249e-08
5.281617236164425577e+00 9.999999976896587484e-01 4.495344377555148398e-08
5.291617236143530967e+00 9.999999981275208283e-01 4.263864766302023299e-08
5.301617236126901389e+00 9.999999985428154048e-01 4.043900478301741016e-08
5.311617236114316576e+00 9.999999989366662456e-01 3.834900301505107314e-08
5.321617236105566917e+00 9.999999993101432727e-01 3.636338283430966745e-08
5.331617236100454349e+00 9.999999996642650046e-01 3.447712630460948433e-08
5.341617236098790578e+00 1.000000000000000888e+00 3.268544652320613146e-08
