0.000000000000000000e+00 0.000000000000000000e+00 4.696004917666458112e-01
2.348002458833229475e-05 4.696004825781198780e-03 4.696004550125443266e-01
9.392009284021416294e-05 9.392008365169035936e-03 4.696001977339194777e-01
2.113201771900836262e-04 1.408800731029823984e-02 4.695994994070037953e-01
3.756802059675691530e-04 1.878399614807630541e-02 4.695981395104978917e-01
5.870000413453833454e-04 2.347996716022146546e-02 4.695958975284182935e-01
8.452794572877577860e-04 2.817591042333483786e-02 4.695925529540844745e-01
1.150518117499818149e-03 3.287181380901812999e-02 4.695878852952443672e-01
1.502715553378410323e-03 3.756766298404829590e-02 4.695816740803391287e-01
1.901871141965007315e-03 4.226344141062054333e-02 4.695736988659059974e-01
2.347984083901433119e-03 4.695913034667104774e-02 4.695637392451194603e-01
2.841053381389261386e-03 5.165470884629076720e-02 4.695515748574698445e-01
3.381077816153854696e-03 5.635015376024173073e-02 4.695369853995786658e-01
3.968055927414125376e-03 6.104543973658716621e-02 4.695197506371504570e-01
4.601985989859217439e-03 6.574053922144681983e-02 4.694996504180591335e-01
5.282865991633408503e-03 7.043542245988879125e-02 4.694764646865685620e-01
6.010693612330668054e-03 7.513005749696928526e-02 4.694499734986854467e-01
6.785466201000392959e-03 7.982441017893149304e-02 4.694199570386427545e-01
7.607180754165978644e-03 8.451844415457497595e-02 4.693861956365124044e-01
8.475833893857982748e-03 8.921212087680681357e-02 4.693484697869441669e-01
9.391421845663753057e-03 9.390539960438579192e-02 4.693065601690288857e-01
1.035394041679551548e-02 9.859823740387076152e-02 4.692602476672831369e-01
1.136338497417900897e-02 1.032905891517845037e-01 4.692093133937520477e-01
1.241975042256487916e-02 1.079824075370041658e-01 4.691535387112268918e-01
1.352303118266516557e-02 1.126736430633894503e-01 4.690927052575736833e-01
1.467322116931729821e-02 1.173642440526596192e-01 4.690265949711687199e-01
1.587031376967815502e-02 1.220541566475303596e-01 4.689549901174359658e-01
1.711430182145083634e-02 1.267433248151215164e-01 4.688776733164818911e-01
1.840517759114691440e-02 1.314316903506466683e-01 4.687944275718221032e-01
1.974293275238703585e-02 1.361191928813953456e-01 4.687050363001935560e-01
2.112755836424284883e-02 1.408057698710188377e-01 4.686092833624466714e-01
2.255904484962335116e-02 1.454913566241302636e-01 4.685069530955098815e-01
2.403738197370887050e-02 1.501758862912295489e-01 4.683978303454198189e-01
2.556255882243594138e-02 1.548592898739641621e-01 4.682817005014088263e-01
2.713456378103652408e-02 1.595414962307358520e-01 4.681583495310420173e-01
2.875338451263506276e-02 1.642224320826639328e-01 4.680275640163944484e-01
3.041900793690700822e-02 1.689020220199156930e-01 4.678891311912593554e-01
3.213142020880250388e-02 1.735801885084137797e-01 4.677428389793771291e-01
3.389060669733909986e-02 1.782568518969310511e-01 4.675884760336748713e-01
3.569655196446737400e-02 1.829319304245828059e-01 4.674258317765045412e-01
3.754923974401351561e-02 1.876053402287264082e-01 4.672546964408690329e-01
3.944865292070296597e-02 1.922769953532778853e-01 4.670748611126224747e-01
4.139477350926937249e-02 1.969468077574555165e-01 4.668861177736328694e-01
4.338758263365314477e-02 2.016146873249597682e-01 4.666882593458922535e-01
4.542706050629402581e-02 2.062805418735988994e-01 4.664810797365609996e-01
4.751318640752218853e-02 2.109442771653697868e-01 4.662643738839303276e-01
4.964593866505246506e-02 2.156057969170027400e-01 4.660379378042878717e-01
5.182529463358635791e-02 2.202650028109795488e-01 4.658015686396695942e-01
5.405123067452666241e-02 2.249217945070333402e-01 4.655550647064810588e-01
5.632372213580951609e-02 2.295760696541389034e-01 4.652982255449698568e-01
5.864274333185884314e-02 2.342277239030020053e-01 4.650308519695311449e-01
6.100826752366821093e-02 2.388766509190557719e-01 4.647527461198264209e-01
6.342026689901524017e-02 2.435227423959722415e-01 4.644637115126958871e-01
6.587871255281371741e-02 2.481658880696969438e-01 4.641635530948434174e-01
6.838357446760873204e-02 2.528059757330141100e-01 4.638520772962724803e-01
7.093482149422010441e-02 2.574428912506498968e-01 4.635290920844510887e-01
7.353242133253959367e-02 2.620765185749207582e-01 4.631944070191820750e-01
7.617634051248735327e-02 2.667067397619341529e-01 4.628478333081557095e-01
7.886654437513315741e-02 2.713334349883477215e-01 4.624891838631589591e-01
8.160299705398807446e-02 2.759564825686940948e-01 4.621182733569171863e-01
8.438566145647216632e-02 2.805757589732769119e-01 4.617349182805411401e-01
8.721449924556413935e-02 2.851911388466444874e-01 4.613389370015529289e-01
9.008947082163856757e-02 2.898024950266461230e-01 4.609301498224630533e-01
9.301053530449661377e-02 2.944096985640773378e-01 4.605083790398699639e-01
9.597765051559621619e-02 2.990126187429180682e-01 4.600734490040530589e-01
9.899077296048761077e-02 3.036111231011696110e-01 4.596251861790288107e-01
1.020498578114602262e-01 3.082050774522939185e-01 4.591634192030397688e-01
1.051548588904070158e-01 3.127943459072600185e-01 4.586879789494442416e-01
1.083057286519123058e-01 3.173787908972012239e-01 4.581986985879748508e-01
1.115024181665692921e-01 3.219582731966866285e-01 4.576954136463326495e-01
1.147448771045333077e-01 3.265326519476098865e-01 4.571779620720832216e-01
1.180330537193171186e-01 3.311017846836984968e-01 4.566461842948199013e-01
1.213668948318343960e-01 3.356655273556460872e-01 4.560999232885592503e-01
1.247463458146976373e-01 3.402237343568691452e-01 4.555390246343326011e-01
1.281713505767767824e-01 3.447762585498909682e-01 4.549633365829369169e-01
1.316418515480248241e-01 3.493229512933536673e-01 4.543727101178080541e-01
1.351577896645766719e-01 3.538636624696591126e-01 4.537669990179775681e-01
1.387191043541275981e-01 3.583982405132400406e-01 4.531460599210753726e-01
1.423257335215975250e-01 3.629265324394609915e-01 4.525097523863382265e-01
1.459776135350874526e-01 3.674483838741492980e-01 4.518579389575841376e-01
1.496746792121343705e-01 3.719636390837555706e-01 4.511904852261123811e-01
1.534168638062709256e-01 3.764721410061424578e-01 4.505072598934877770e-01
1.572040989938960909e-01 3.809737312820005162e-01 4.498081348341675390e-01
1.610363148614631090e-01 3.854682502868896909e-01 4.490929851579281706e-01
1.649134398929910372e-01 3.899555371639034096e-01 4.483616892720501124e-01
1.688354009579059734e-01 3.944354298569535122e-01 4.476141289432161163e-01
1.728021232992181799e-01 3.989077651446722994e-01 4.468501893590800522e-01
1.768135305220414344e-01 4.033723786749286999e-01 4.460697591894616787e-01
1.808695445824605175e-01 4.078291049999540063e-01 4.452727306471227497e-01
1.849700857767529183e-01 4.122777776120734039e-01 4.444589995480791034e-01
1.891150727309710011e-01 4.167182289800379080e-01 4.436284653714038240e-01
1.933044223908904069e-01 4.211502905859516588e-01 4.427810313184747937e-01
1.975380500123306293e-01 4.255737929627886884e-01 4.419166043716213910e-01
2.018158691518537884e-01 4.299885657324930555e-01 4.410350953521233741e-01
2.061377916578471803e-01 4.343944376446554068e-01 4.401364189775153202e-01
2.105037276619955711e-01 4.387912366157590283e-01 4.392204939181499901e-01
2.149135855711486187e-01 4.431787897689876132e-01 4.382872428529734354e-01
2.193672720595892800e-01 4.475569234745864766e-01 4.373365925244644958e-01
2.238646920617084757e-01 4.519254633907690555e-01 4.363684737926915580e-01
2.284057487650915930e-01 4.562842345051592030e-01 4.353828216884391145e-01
2.329903436040219322e-01 4.606330611767598393e-01 4.343795754653568264e-01
2.376183762534065380e-01 4.649717671784381889e-01 4.333586786510834066e-01
2.422897446231293550e-01 4.693001757399168361e-01 4.323200790972982488e-01
2.470043448528368712e-01 4.736181095912597172e-01 4.312637290286533420e-01
2.517620713071608840e-01 4.779253910068416156e-01 4.301895850905385066e-01
2.565628165713834674e-01 4.822218418497895009e-01 4.290976083956327125e-01
2.614064714475486384e-01 4.865072836168827242e-01 4.279877645691947952e-01
2.662929249510251895e-01 4.907815374839000211e-01 4.268600237930473829e-01
2.712220643075253790e-01 4.950444243513992815e-01 4.257143608482072961e-01
2.761937749505831707e-01 4.992957648909170376e-01 4.245507551561170101e-01
2.812079405194968240e-01 5.035353795915726849e-01 4.233691908184312735e-01
2.862644428577393874e-01 5.077630888070635562e-01 4.221696566553144736e-01
2.913631620118409815e-01 5.119787128030348633e-01 4.209521462422033955e-01
2.965039762307466464e-01 5.161820718048097945e-01 4.197166579449920221e-01
3.016867619656532495e-01 5.203729860454634482e-01 4.184631949535944639e-01
3.069113938703286748e-01 5.245512758142237830e-01 4.171917653138435544e-01
3.121777448019166235e-01 5.287167615051829861e-01 4.159023819576825320e-01
3.174856858222302458e-01 5.328692636663027171e-01 4.145950627316086767e-01
3.228350861995367693e-01 5.370086030486940221e-01 4.132698304233282660e-01
3.282258134108366754e-01 5.411346006561554844e-01 4.119267127865823275e-01
3.336577331446390904e-01 5.452470777949495195e-01 4.105657425641049962e-01
3.391307093042363330e-01 5.493458561237993809e-01 4.091869575086759525e-01
3.446446040114794496e-01 5.534307577040868953e-01 4.077904004022293583e-01
3.501992776110562922e-01 5.575016050502311638e-01 4.063761190729840433e-01
3.557945886752746922e-01 5.615582211802286894e-01 4.049441664105588035e-01
3.614303940093513967e-01 5.656004296663346143e-01 4.034946003790393365e-01
3.671065486572087089e-01 5.696280546858637495e-01 4.020274840279637885e-01
3.728229059077793894e-01 5.736409210720914142e-01 4.005428855011949341e-01
3.785793173018210944e-01 5.776388543652323238e-01 3.990408780436487390e-01
3.843756326392410161e-01 5.816216808634752100e-01 3.975215400058497717e-01
3.902116999869308378e-01 5.855892276740530811e-01 3.959849548462857083e-01
3.960873656871127246e-01 5.895413227643250265e-01 3.944312111315342873e-01
4.020024743661957389e-01 5.934777950128483637e-01 3.928604025341370654e-01
4.079568689441433471e-01 5.973984742604183662e-01 3.912726278281970504e-01
4.139503906443504633e-01 6.013031913610520363e-01 3.896679908826768957e-01
4.199828790040305848e-01 6.051917782328938289e-01 3.880466006523776157e-01
4.260541718851108550e-01 6.090640679090190135e-01 3.864085711665780076e-01
4.321641054856352193e-01 6.129198945881119132e-01 3.847540215153175125e-01
4.383125143516729549e-01 6.167590936849949301e-01 3.830830758333061969e-01
4.444992313897322411e-01 6.205815018809849315e-01 3.813958632814473115e-01
4.507240878796759942e-01 6.243869571740526814e-01 3.796925180259602128e-01
4.569869134881382466e-01 6.281752989287620048e-01 3.779731792150918812e-01
4.632875362824388499e-01 6.319463679259629263e-01 3.762379909534085409e-01
4.696257827449935585e-01 6.357000064122165783e-01 3.744871022736591670e-01
4.760014777882171644e-01 6.394360581489262341e-01 3.727206671062056054e-01
4.824144447699162952e-01 6.431543684611502609e-01 3.709388442460155311e-01
4.888645055091684899e-01 6.468547842860731256e-01 3.691417973172155254e-01
4.953514803026843882e-01 6.505371542211093594e-01 3.673296947352049369e-01
5.018751879416488704e-01 6.542013285716170579e-01 3.655027096663318598e-01
5.084354457290373164e-01 6.578471593981951582e-01 3.636610199851345038e-01
5.150320694974028779e-01 6.614745005635418451e-01 3.618048082291543954e-01
5.216648736271295439e-01 6.650832077788483288e-01 3.599342615513277943e-01
5.283336710651472812e-01 6.686731386497046792e-01 3.580495716699657605e-01
5.350382733441033656e-01 6.722441527214936263e-01 3.561509348163334754e-01
5.417784906019847968e-01 6.757961115242477890e-01 3.542385516798426948e-01
5.485541316021870228e-01 6.793288786169475735e-01 3.523126273508723760e-01
5.553650037540225348e-01 6.828423196312347621e-01 3.503733712612346896e-01
5.622109131336633370e-01 6.863363023145196973e-01 3.484209971223061753e-01
5.690916645055116296e-01 6.898106965724577488e-01 3.464557228608444728e-01
5.760070613439919329e-01 6.932653745107728582e-01 3.444777705525147726e-01
5.829569058557582117e-01 6.967002104764046244e-01 3.424873663531503021e-01
5.899409990023085637e-01 7.001150810979570593e-01 3.404847404277745460e-01
5.969591405230013637e-01 7.035098653254261425e-01 3.384701268774142346e-01
6.040111289584647603e-01 7.068844444691853024e-01 3.364437636637337414e-01
6.110967616743918640e-01 7.102387022382053994e-01 3.344058925315243624e-01
6.182158348857149655e-01 7.135725247774901137e-01 3.323567589290828961e-01
6.253681436811494576e-01 7.168858007047042014e-01 3.302966119265166589e-01
6.325534820481003573e-01 7.201784211459743013e-01 3.282257041320131297e-01
6.397716428979219883e-01 7.234502797708429744e-01 3.261442916061150221e-01
6.470224180915237211e-01 7.267012728263555488e-01 3.240526337740429752e-01
6.543055984653116663e-01 7.299312991702604503e-01 3.219509933361098808e-01
6.616209738574577726e-01 7.331402603033044807e-01 3.198396361762727014e-01
6.689683331344875583e-01 7.363280604006041674e-01 3.177188312688692395e-01
6.763474642181768193e-01 7.394946063420763105e-01 3.155888505835894864e-01
6.837581541127476514e-01 7.426398077419088528e-01 3.134499689887320639e-01
6.912001889323545756e-01 7.457635769770565304e-01 3.113024641527983305e-01
6.986733539288505490e-01 7.488658292147438722e-01 3.091466164444786613e-01
7.061774335198228725e-01 7.519464824389607838e-01 3.069827088310861374e-01
7.137122113168891113e-01 7.550054574759345050e-01 3.048110267754948755e-01
7.212774701542424838e-01 7.580426780185641755e-01 3.026318581316420064e-01
7.288729921174366133e-01 7.610580706498029091e-01 3.004454930386526446e-01
7.364985585723983208e-01 7.640515648649750524e-01 2.982522238136496306e-01
7.441539501946583535e-01 7.670230930930145297e-01 2.960523448433107219e-01
7.518389469987892815e-01 7.699725907166138361e-01 2.938461524742368991e-01
7.595533283680392378e-01 7.728999960912698031e-01 2.916339449021970176e-01
7.672968730841506213e-01 7.758052505632174745e-01 2.894160220603147482e-01
7.750693593573523277e-01 7.786882984862402157e-01 2.871926855062656991e-01
7.828705648565145170e-01 7.815490872373475062e-01 2.849642383085522201e-01
7.907002667394548157e-01 7.843875672313107561e-01 2.827309849319256108e-01
7.985582416833834074e-01 7.872036919340499317e-01 2.804932311220259544e-01
8.064442659154770210e-01 7.899974178748623288e-01 2.782512837893101887e-01
8.143581152435688253e-01 7.927687046574880547e-01 2.760054508923402428e-01
8.222995650869433515e-01 7.955175149700046688e-01 2.737560413205036292e-01
8.302683905072242299e-01 7.982438145935474294e-01 2.715033647762398750e-01
8.382643662393438611e-01 8.009475724098487071e-01 2.692477316568455681e-01
8.462872667225818102e-01 8.036287604075944557e-01 2.669894529359330138e-01
8.543368661316612656e-01 8.062873536875934111e-01 2.647288400446163870e-01
8.624129384078913496e-01 8.089233304667569069e-01 2.624662047525003206e-01
8.705152572903427366e-01 8.115366720808887546e-01 2.602018590485462024e-01
8.786435963470459187e-01 8.141273629862822991e-01 2.579361150218912879e-01
8.867977290061989093e-01 8.166953907601267604e-01 2.556692847426962900e-01
8.949774285873732804e-01 8.192407460997219726e-01 2.534016801430968302e-01
9.031824683327064340e-01 8.217634228205035196e-01 2.511336128983342464e-01
9.114126214380682267e-01 8.242634178528807087e-01 2.488653943081410302e-01
9.196676610841896249e-01 8.267407312378896034e-01 2.465973351784565837e-01
9.279473604677428433e-01 8.291953661216652227e-01 2.443297457035478182e-01
9.362514928323592001e-01 8.316273287487375709e-01 2.420629353486096202e-01
9.445798314995751399e-01 8.340366284541562703e-01 2.397972127329194569e-01
9.529321498996929929e-01 8.364232776544493486e-01 2.375328855136199235e-01
9.613082216025456983e-01 8.387872918374241760e-01 2.352702602702028967e-01
9.697078203481538372e-01 8.411286895508162109e-01 2.330096423897677627e-01
9.781307200772635380e-01 8.434474923897951060e-01 2.307513359531260522e-01
9.865766949617533754e-01 8.457437249833360537e-01 2.284956436218239517e-01
9.950455194348996057e-01 8.480174149794662553e-01 2.262428665261532190e-01
1.003536968221488523e+00 8.502685930293968353e-01 2.239933041542202241e-01
1.012050816367763950e+00 8.524972927705511960e-01 2.217472542421421167e-01
1.020586839271200530e+00 8.547035508085009115e-01 2.195050126654379541e-01
1.029144812710089951e+00 8.568874066978218185e-01 2.172668733316813761e-01
1.037724512872930660e+00 8.590489029218834061e-01 2.150331280744807450e-01
1.046325716387610960e+00 8.611880848715850467e-01 2.128040665488511729e-01
1.054948200350372955e+00 8.633050008230527261e-01 2.105799761280416627e-01
1.063591742354549563e+00 8.653997019143118141e-01 2.083611418018794514e-01
1.072256120519062383e+00 8.674722421209511980e-01 2.061478460766918985e-01
1.080941113516671770e+00 8.695226782307947655e-01 2.039403688768655076e-01
1.089646500601967993e+00 8.715510698175965576e-01 2.017389874480994549e-01
1.098372061639095509e+00 8.735574792137777989e-01 1.995439762624102165e-01
1.107117577129199226e+00 8.755419714822222366e-01 1.973556069249415013e-01
1.115882828237584112e+00 8.775046143871494397e-01 1.951741480826331143e-01
1.124667596820579263e+00 8.794454783640840434e-01 1.929998653347996806e-01
1.133471665452097099e+00 8.813646364889403673e-01 1.908330211456691350e-01
1.142294817449879263e+00 8.832621644462426147e-01 1.886738747589289666e-01
1.151136836901419880e+00 8.851381404965008581e-01 1.865226821143263491e-01
1.159997508689558865e+00 8.869926454427632390e-01 1.843796957663665081e-01
1.168876618517737498e+00 8.888257625963661424e-01 1.822451648051519602e-01
1.177773952934905610e+00 8.906375777419031081e-01 1.801193347794029509e-01
1.186689299360077055e+00 8.924281791014357923e-01 1.780024476216982843e-01
1.195622446106521242e+00 8.941976572979676297e-01 1.758947415759728738e-01
1.204573182405587639e+00 8.959461053182047330e-01 1.737964511273070445e-01
1.213541298430153459e+00 8.976736184746261227e-01 1.717078069340403634e-01
1.222526585317689207e+00 8.993802943668861571e-01 1.696290357622406986e-01
1.231528835192934546e+00 9.010662328425745882e-01 1.675603604225575360e-01
1.240547841190178469e+00 9.027315359573565567e-01 1.655019997094858142e-01
1.249583397475139357e+00 9.043763079345172873e-01 1.634541683430654757e-01
1.258635299266435137e+00 9.060006551239364603e-01 1.614170769130388039e-01
1.267703342856643101e+00 9.076046859605164663e-01 1.593909318254864704e-01
1.276787325632938952e+00 9.091885109220889660e-01 1.573759352519603083e-01
1.285887046097314634e+00 9.107522424868260691e-01 1.553722850811295186e-01
1.295002303886366057e+00 9.122959950901801118e-01 1.533801748729541337e-01
1.304132899790648725e+00 9.138198850813782359e-01 1.513997938153981981e-01
1.313278635773596825e+00 9.153240306794963033e-01 1.494313266836924670e-01
1.322439314989999559e+00 9.168085519291386820e-01 1.474749538021546402e-01
1.331614741804034274e+00 9.182735706557488831e-01 1.455308510085730200e-01
1.340804721806849287e+00 9.197192104205769159e-01 1.435991896211573360e-01
1.350009061833695512e+00 9.211455964753288983e-01 1.416801364080585157e-01
1.359227569980603123e+00 9.225528557165247889e-01 1.397738535594569564e-01
1.368460055620600357e+00 9.239411166395897768e-01 1.378804986622172157e-01
1.377706329419472242e+00 9.253105092927053077e-01 1.360002246771045142e-01
1.386966203351055915e+00 9.266611652304443947e-01 1.341331799185568607e-01
1.396239490712072762e+00 9.279932174672183010e-01 1.322795080370043619e-01
1.405526006136492700e+00 9.293068004305581331e-01 1.304393480037257247e-01
1.414825565609431290e+00 9.306020499142586555e-01 1.286128340982294338e-01
1.424137986480577656e+00 9.318791030314076407e-01 1.268000958981459758e-01
1.433463087477152342e+00 9.331380981673269570e-01 1.250012582716147624e-01
1.442800688716393998e+00 9.343791749324500406e-01 1.232164413721483776e-01
1.452150611717574424e+00 9.356024741151600654e-01 1.214457606359545250e-01
1.461512679413542681e+00 9.368081376346139022e-01 1.196893267816943329e-01
1.470886716161796448e+00 9.379963084935751816e-01 1.179472458126541029e-01
1.480272547755083101e+00 9.391671307312816630e-01 1.162196190213058145e-01
1.489670001431528057e+00 9.403207493763695579e-01 1.145065429962301290e-01
1.499078905884294821e+00 9.414573103998790105e-01 1.128081096313739151e-01
1.508499091270773418e+00 9.425769606683638280e-01 1.111244061376128744e-01
1.517930389221302079e+00 9.436798478971277770e-01 1.094555150565883206e-01
1.527372632847421974e+00 9.447661206036110926e-01 1.078015142767856649e-01
1.536825656749665203e+00 9.458359280609481834e-01 1.061624770518207472e-01
1.546289297024881382e+00 9.468894202517197378e-01 1.045384720208987900e-01
1.555763391273101037e+00 9.479267478219196574e-01 1.029295632314094905e-01
1.565247778603940709e+00 9.489480620351588014e-01 1.013358101636203101e-01
1.574742299642551524e+00 9.499535147271256363e-01 9.975726775742900510e-02
1.584246796535112800e+00 9.509432582603247752e-01 9.819398644113523644e-02
1.593761112953875791e+00 9.519174454791131668e-01 9.664601216218976498e-02
1.603285094101758235e+00 9.528762296650534758e-01 9.511338641987894527e-02
1.612818586716495028e+00 9.538197644926037500e-01 9.359614629990105350e-02
1.622361439074346601e+00 9.547482039851619140e-01 9.209432451079008208e-02
1.631913500993370292e+00 9.556617024714839648e-01 9.060794942214162040e-02
1.641474623836257640e+00 9.565604145424931870e-01 8.913704510459480312e-02
1.651044660512742013e+00 9.574444950084974870e-01 8.768163137152325259e-02
1.660623465481579908e+00 9.583140988568319418e-01 8.624172382238733114e-02
1.670210894752111708e+00 9.591693812099435501e-01 8.481733388769931159e-02
1.679806805885404764e+00 9.600104972839328399e-01 8.340846887555244948e-02
1.689411057994984589e+00 9.608376023475687644e-01 8.201513201966421918e-02
1.699023511747158821e+00 9.616508516817913188e-01 8.063732252888371199e-02
1.708644029360938621e+00 9.624504005397160888e-01 7.927503563811238996e-02
1.718272474607562605e+00 9.632364041071553862e-01 7.792826266058722195e-02
1.727908712809627989e+00 9.640090174636681830e-01 7.659699104147477122e-02
1.737552610839836698e+00 9.647683955441530568e-01 7.528120441272433128e-02
1.747204037119357789e+00 9.655146931009949141e-01 7.398088264912830447e-02
1.756862861615816396e+00 9.662480646667787054e-01 7.269600192553740681e-02
1.766528955840910964e+00 9.669686645175807893e-01 7.142653477517833804e-02
1.776202192847667893e+00 9.676766466368487141e-01 7.017245014902143141e-02
1.785882447227336245e+00 9.683721646798792992e-01 6.893371347614567213e-02
1.795569595105931615e+00 9.690553719389061182e-01 6.771028672504850188e-02
1.805263514140433623e+00 9.697264213088033769e-01 6.650212846584779847e-02
1.814964083514643223e+00 9.703854652534169567e-01 6.530919393332366985e-02
1.824671183934706731e+00 9.710326557725295071e-01 6.413143509074757664e-02
1.834384697624312555e+00 9.716681443694676901e-01 6.296880069444672767e-02
1.844104508319567959e+00 9.722920820193581282e-01 6.182123635905171360e-02
1.853830501263560526e+00 9.729046191380396058e-01 6.068868462337576042e-02
1.863562563200612532e+00 9.735059055516366300e-01 5.957108501687418539e-02
1.873300582370234890e+00 9.740960904668004572e-01 5.846837412663307559e-02
1.883044448500786006e+00 9.746753224416221384e-01 5.738048566483648638e-02
1.892794052802843963e+00 9.752437493572229110e-01 5.630735053666203332e-02
1.902549287962296942e+00 9.758015183900250467e-01 5.524889690855512570e-02
1.912310048133161411e+00 9.763487759847073733e-01 5.420505027683256843e-02
1.922076228930131636e+00 9.768856678278480254e-01 5.317573353656696727e-02
1.931847727420869631e+00 9.774123388222576425e-01 5.216086705070371171e-02
1.941624442118042637e+00 9.779289330620044574e-01 5.116036871936313624e-02
1.951406272971113465e+00 9.784355938081329418e-01 5.017415404928100842e-02
1.961193121357891256e+00 9.789324634650777845e-01 4.920213622334115855e-02
1.970984890075851315e+00 9.794196835577730909e-01 4.824422617015483583e-02
1.980781483333227566e+00 9.798973947094576920e-01 4.730033263364202822e-02
1.990582806739888300e+00 9.803657366201758983e-01 4.637036224257084366e-02
2.000388767297999415e+00 9.808248480459733631e-01 4.545421958001175100e-02
2.010199273392482500e+00 9.812748667787870582e-01 4.455180725266436742e-02
2.020014234781277729e+00 9.817159296270271396e-01 4.366302596001527675e-02
2.029833562585412476e+00 9.821481723968500388e-01 4.278777456328619611e-02
2.039657169278889626e+00 9.825717298741193373e-01 4.192595015413279336e-02
2.049484968678396690e+00 9.829867358070526473e-01 4.107744812305523519e-02
2.059316875932844848e+00 9.833933228895506140e-01 4.024216222748253774e-02
2.069152807512745884e+00 9.837916227452050411e-01 3.941998465949372865e-02
2.078992681199432369e+00 9.841817659119825867e-01 3.861080611313975897e-02
2.088836416074126845e+00 9.845638818275790349e-01 3.781451585133106807e-02
2.098683932506868910e+00 9.849380988154406991e-01 3.703100177225666922e-02
2.108535152145305513e+00 9.853045440714469638e-01 3.626015047530171953e-02
2.118389997903351585e+00 9.856633436512496349e-01 3.550184732643135721e-02
2.128248393949726758e+00 9.860146224582634344e-01 3.475597652300977530e-02
2.138110265696377077e+00 9.863585042323016472e-01 3.402242115802438932e-02
2.147975539786782573e+00 9.866951115388506999e-01 3.330106328368612201e-02
2.157844144084164917e+00 9.870245657589779009e-01 3.259178397437764718e-02
2.167716007659594712e+00 9.873469870798650128e-01 3.189446338892273219e-02
2.177591060780007304e+00 9.876624944859608846e-01 3.120898083215065469e-02
2.187469234896134651e+00 9.879712057507467060e-01 3.053521481573075527e-02
2.197350462630356382e+00 9.882732374291051114e-01 2.987304311825332917e-02
2.207234677764478903e+00 9.885687048502865837e-01 2.922234284453397238e-02
2.217121815227445225e+00 9.888577221114651650e-01 2.858299048411959073e-02
2.227011811082985737e+00 9.891404020718745915e-01 2.795486196897536274e-02
2.236904602517210350e+00 9.894168563475176370e-01 2.733783273033289427e-02
2.246800127826153570e+00 9.896871953064393379e-01 2.673177775468090628e-02
2.256698326403272947e+00 9.899515280645559967e-01 2.613657163888077548e-02
2.266599138726908880e+00 9.902099624820306367e-01 2.555208864439032640e-02
2.276502506347712007e+00 9.904626051601864711e-01 2.497820275058018624e-02
2.286408371876040402e+00 9.907095614389485050e-01 2.441478770712814106e-02
2.296316678969336333e+00 9.909509353948049437e-01 2.386171708547781337e-02
2.306227372319483049e+00 9.911868298392780829e-01 2.331886432934906703e-02
2.316140397640149562e+00 9.914173463178957979e-01 2.278610280428843005e-02
2.326055701654127894e+00 9.916425851096531963e-01 2.226330584624886325e-02
2.335973232080666762e+00 9.918626452269558857e-01 2.175034680918911528e-02
2.345892937622807484e+00 9.920776244160335322e-01 2.124709911168385507e-02
2.355814767954726552e+00 9.922876191578151595e-01 2.075343628253670941e-02
2.365738673709088413e+00 9.924927246692553107e-01 2.026923200538922887e-02
2.375664606464414241e+00 9.926930349051011904e-01 1.979436016231970324e-02
2.385592518732471135e+00 9.928886425600907950e-01 1.932869487642668166e-02
2.395522363945683519e+00 9.930796390715718180e-01 1.887211055339282212e-02
2.405454096444575196e+00 9.932661146225310045e-01 1.842448192202565671e-02
2.415387671465242025e+00 9.934481581450239629e-01 1.798568407377261480e-02
2.425323045126861921e+00 9.936258573239947767e-01 1.755559250120850706e-02
2.435260174419243473e+00 9.937992986014753116e-01 1.713408313549445033e-02
2.445199017190420321e+00 9.939685671811543388e-01 1.672103238280801471e-02
2.455139532134291702e+00 9.941337470333052595e-01 1.631631715974514105e-02
2.465081678778313634e+00 9.942949209000633282e-01 1.591981492769509524e-02
2.475025417471246936e+00 9.944521703010409386e-01 1.553140372619049407e-02
2.484970709370960318e+00 9.946055755392717579e-01 1.515096220523512276e-02
2.494917516432295646e+00 9.947552157074724954e-01 1.477836965661294064e-02
2.504865801394997593e+00 9.949011686946135358e-01 1.441350604418239513e-02
2.514815527771710801e+00 9.950435111927864451e-01 1.405625203316074497e-02
2.524766659836045868e+00 9.951823187043601360e-01 1.370648901840378422e-02
2.534719162610719057e+00 9.953176655494143654e-01 1.336409915168693292e-02
2.544673001855767946e+00 9.954496248734410191e-01 1.302896536799426526e-02
2.554628144056845684e+00 9.955782686553038552e-01 1.270097141082262258e-02
2.564584556413594729e+00 9.957036677154458282e-01 1.238000185650849419e-02
2.574542206828104973e+00 9.958258917243353325e-01 1.206594213758589891e-02
2.584501063893457129e+00 9.959450092111407082e-01 1.175867856518397758e-02
2.594461096882354045e+00 9.960610875726242375e-01 1.145809835047355632e-02
2.604422275735842174e+00 9.961741930822460844e-01 1.116408962517233087e-02
2.614384571052124073e+00 9.962843908994682973e-01 1.087654146111884969e-02
2.624347954075467726e+00 9.963917450792498798e-01 1.059534388892584972e-02
2.634312396685207336e+00 9.964963185817241609e-01 1.032038791572393623e-02
2.644277871384845380e+00 9.965981732820489158e-01 1.005156554200697071e-02
2.654244351291253246e+00 9.966973699804206888e-01 9.788769777590924925e-03
2.664211810123971347e+00 9.967939684122438804e-01 9.531894656698285118e-03
2.674180222194613599e+00 9.968880272584467184e-01 9.280835252180433953e-03
2.684149562396373589e+00 9.969796041559352284e-01 9.035487688890758706e-03
2.694119806193638222e+00 9.970687557081765462e-01 8.795749156221509962e-03
2.704090929611706606e+00 9.971555374959035767e-01 8.561517919817719646e-03
2.714062909226616416e+00 9.972400040879326744e-01 8.332693332481749121e-03
2.724035722155079497e+00 9.973222090520865724e-01 8.109175844282267079e-03
2.734009346044526723e+00 9.974022049662140121e-01 7.890867011881684198e-03
2.743983759063263861e+00 9.974800434292994122e-01 7.677669507096257159e-03
2.753958939890738478e+00 9.975557750726540274e-01 7.469487124703299251e-03
2.763934867707920517e+00 9.976294495711813815e-01 7.266224789510048430e-03
2.773911522187793466e+00 9.977011156547098691e-01 7.067788562698948396e-03
2.783888883485960974e+00 9.977708211193855314e-01 6.874085647464187564e-03
2.793866932231368505e+00 9.978386128391171228e-01 6.685024393954500446e-03
2.803845649517135996e+00 9.979045367770678077e-01 6.500514303537301836e-03
2.813825016891510433e+00 9.979686379971858257e-01 6.320466032399338699e-03
2.823805016348929886e+00 9.980309606757677976e-01 6.144791394499101930e-03
2.833785630321205229e+00 9.980915481130488986e-01 5.973403363886306897e-03
2.843766841668817769e+00 9.981504427448124606e-01 5.806216076403785536e-03
2.853748633672333224e+00 9.982076861540140067e-01 5.643144830787168338e-03
2.863730990023930723e+00 9.982633190824133917e-01 5.484106089177750130e-03
2.873713894819049486e+00 9.983173814422088288e-01 5.329017477063929288e-03
2.883697332548152303e+00 9.983699123276678078e-01 5.177797782666608215e-03
2.893681288088602255e+00 9.984209500267491322e-01 5.030366955783906538e-03
2.903665746696659333e+00 9.984705320327106337e-01 4.886646106110523712e-03
2.913650693999590757e+00 9.985186950556977914e-01 4.746557501047009645e-03
2.923636115987898076e+00 9.985654750343073704e-01 4.610024563014179441e-03
2.933621999007658854e+00 9.986109071471227505e-01 4.476971866287803373e-03
2.943608329752984698e+00 9.986550258242141709e-01 4.347325133368651166e-03
2.953595095258592984e+00 9.986978647586012281e-01 4.221011230902859540e-03
2.963582282892493147e+00 9.987394569176721859e-01 4.097958165167501707e-03
2.973569880348788441e+00 9.987798345545558787e-01 3.978095077136123946e-03
2.983557875640589163e+00 9.988190292194419895e-01 3.861352237138894646e-03
2.993546257093039564e+00 9.988570717708469271e-01 3.747661039131886754e-03
3.003535013336457560e+00 9.988939923868191961e-01 3.636953994589873628e-03
3.013524133299585461e+00 9.989298205760830385e-01 3.529164726036878186e-03
3.023513606202952619e+00 9.989645851891147954e-01 3.424227960228561768e-03
3.033503421552347756e+00 9.989983144291498807e-01 3.322079521000378607e-03
3.043493569132400989e+00 9.990310358631164789e-01 3.222656321795260969e-03
3.053484039000275985e+00 9.990627764324929716e-01 3.125896357884422588e-03
3.063474821479468702e+00 9.990935624640859825e-01 3.031738698294691569e-03
3.073465907153714483e+00 9.991234196807265988e-01 2.940123477455602180e-03
3.083457286861000846e+00 9.991523732118814394e-01 2.850991886579281546e-03
3.093448951687687742e+00 9.991804476041761252e-01 2.764286164785974276e-03
3.103440892962730402e+00 9.992076668318292665e-01 2.679949589987850721e-03
3.113433102252006979e+00 9.992340543069936354e-01 2.597926469543536399e-03
3.123425571352750119e+00 9.992596328900030800e-01 2.518162130695597578e-03
3.133418292288078888e+00 9.992844248995227385e-01 2.440602910803001645e-03
3.143411257301631956e+00 9.993084521226004435e-01 2.365196147380359184e-03
3.153404458852302916e+00 9.993317358246176507e-01 2.291890167955534883e-03
3.163397889609071534e+00 9.993542967591384496e-01 2.220634279756994456e-03
3.173391542445934466e+00 9.993761551776541019e-01 2.151378759242030154e-03
3.183385410436933238e+00 9.993973308392223309e-01 2.084074841476780612e-03
3.193379486851277704e+00 9.994178430199998076e-01 2.018674709378739159e-03
3.203373765148564090e+00 9.994377105226663893e-01 1.955131482832205350e-03
3.213368238974087188e+00 9.994569516857397806e-01 1.893399207686913060e-03
3.223362902154243592e+00 9.994755843927797256e-01 1.833432844649829970e-03
3.233357748692029965e+00 9.994936260814807349e-01 1.775188258079893420e-03
3.243352772762626568e+00 9.995110937526521244e-01 1.718622204695214716e-03
3.253347968709075833e+00 9.995280039790848114e-01 1.663692322202046329e-03
3.263343331038043083e+00 9.995443729143042022e-01 1.610357117854576119e-03
3.273338854415669630e+00 9.995602163012079489e-01 1.558575956954375745e-03
3.283334533663508026e+00 9.995755494805887986e-01 1.508309051298097926e-03
3.293330363754543022e+00 9.995903873995418687e-01 1.459517447581784371e-03
3.303326339809296464e+00 9.996047446197550146e-01 1.412163015769909817e-03
3.313322457092014339e+00 9.996186353256837354e-01 1.366208437437059931e-03
3.323318711006934656e+00 9.996320733326085062e-01 1.321617194089908182e-03
3.333315097094635249e+00 9.996450720945759816e-01 1.278353555476924308e-03
3.343311611028461083e+00 9.996576447122226261e-01 1.236382567893024552e-03
3.353308248611028386e+00 9.996698039404819935e-01 1.195670042486140497e-03
3.363305005770806044e+00 9.996815621961745446e-01 1.156182543572463039e-03
3.373301878558771616e+00 9.996929315654812243e-01 1.117887376966891864e-03
3.383298863145142388e+00 9.997039238113000215e-01 1.080752578335001345e-03
3.393295955816178378e+00 9.997145503804865108e-01 1.044746901572614350e-03
3.403293152971056834e+00 9.997248224109779313e-01 1.009839807218856217e-03
3.413290451118820013e+00 9.997347507388020249e-01 9.760014509083504751e-04
3.423287846875389562e+00 9.997443459049705217e-01 9.432026718680042382e-04
3.433285336960649747e+00 9.997536181622574958e-01 9.114149814636202671e-04
3.443282918195599951e+00 9.997625774818639233e-01 8.806105518013687987e-04
3.453280587499570675e+00 9.997712335599683309e-01 8.507622043889468723e-04
3.463278341887506162e+00 9.997795958241642023e-01 8.218433988610526373e-04
3.473276178467309627e+00 9.997876734397853626e-01 7.938282217736034995e-04
3.483274094437252888e+00 9.997954753161193420e-01 7.666913754709339755e-04
3.493272087083445498e+00 9.998030101125100488e-01 7.404081670300147276e-04
3.503270153777366058e+00 9.998102862443498662e-01 7.149544972855486355e-04
3.513268291973451252e+00 9.998173118889631672e-01 6.903068499396129536e-04
3.523266499206745728e+00 9.998240949913803632e-01 6.664422807593354311e-04
3.533264773090605715e+00 9.998306432700054813e-01 6.433384068659137077e-04
3.543263111314461700e+00 9.998369642221759390e-01 6.209733961181123025e-04
3.553261511641635728e+00 9.998430651296178473e-01 5.993259565932004297e-04
3.563259971907210222e+00 9.998489530637955092e-01 5.783753261681254991e-04
3.573258490015954081e+00 9.998546348911581116e-01 5.581012622035526815e-04
3.583257063940296305e+00 9.998601172782832780e-01 5.384840313332408960e-04
3.593255691718353351e+00 9.998654066969190346e-01 5.195043993610669536e-04
3.603254371452006222e+00 9.998705094289258577e-01 5.011436212678570474e-04
3.613253101305024639e+00 9.998754315711184670e-01 4.833834313300345046e-04
3.623251879501241390e+00 9.998801790400101419e-01 4.662060333519460844e-04
3.633250704322772417e+00 9.998847575764596707e-01 4.495940910135864704e-04
3.643249574108282651e+00 9.998891727502221549e-01 4.335307183353015112e-04
3.653248487251297583e+00 9.998934299644053336e-01 4.179994702609152310e-04
3.663247442198559245e+00 9.998975344598323156e-01 4.029843333605937980e-04
3.673246437448423940e+00 9.999014913193114973e-01 3.884697166546312655e-04
3.683245471549303929e+00 9.999053054718162192e-01 3.744404425592176523e-04
3.693244543098148203e+00 9.999089816965736066e-01 3.608817379551280654e-04
3.703243650738966775e+00 9.999125246270651468e-01 3.477792253801550689e-04
3.713242793161391830e+00 9.999159387549397815e-01 3.351189143459917417e-04
3.723241969099278847e+00 9.999192284338406234e-01 3.228871927801628188e-04
3.733241177329345462e+00 9.999223978831471848e-01 3.110708185934944097e-04
3.743240416669846748e+00 9.999254511916331190e-01 2.996569113735090282e-04
3.753239685979287810e+00 9.999283923210422476e-01 2.886329442040328690e-04
3.763238984155170108e+00 9.999312251095832105e-01 2.779867356112055527e-04
3.773238310132774220e+00 9.999339532753438453e-01 2.677064416359893227e-04
3.783237662883975005e+00 9.999365804196276297e-01 2.577805480331843055e-04
3.793237041416089639e+00 9.999391100302120750e-01 2.481978625968705283e-04
3.803236444770759395e+00 9.999415454845311801e-01 2.389475076121130837e-04
3.813235872022860296e+00 9.999438900527833907e-01 2.300189124326869339e-04
3.823235322279447068e+00 9.999461469009656156e-01 2.214018061845009688e-04
3.833234794678726409e+00 9.999483190938348587e-01 2.130862105943264276e-04
3.843234288389057784e+00 9.999504095977990170e-01 2.050624329433639354e-04
3.853233802607985314e+00 9.999524212837377357e-01 1.973210591451157563e-04
3.863233336561294973e+00 9.999543569297544288e-01 1.898529469469642668e-04
3.873232889502101983e+00 9.999562192238614644e-01 1.826492192547959383e-04
3.883232460709961309e+00 9.999580107665986262e-01 1.757012575799506723e-04
3.893232049490007451e+00 9.999597340735870699e-01 1.690006956077197420e-04
3.903231655172116454e+00 9.999613915780191098e-01 1.625394128865619730e-04
3.913231277110094553e+00 9.999629856330862765e-01 1.563095286371564397e-04
3.923230914680889470e+00 9.999645185143450909e-01 1.503033956803616995e-04
3.933230567283826140e+00 9.999659924220236640e-01 1.445135944831057312e-04
3.943230234339864193e+00 9.999674094832684546e-01 1.389329273211868838e-04
3.953229915290879415e+00 9.999687717543338517e-01 1.335544125579258396e-04
3.963229609598963421e+00 9.999700812227149127e-01 1.283712790375693988e-04
3.973229316745748196e+00 9.999713398092248129e-01 1.233769605923111718e-04
3.983229036231748843e+00 9.999725493700172274e-01 1.185650906617600418e-04
3.993228767575726756e+00 9.999737116985564223e-01 1.139294970236554949e-04
4.003228510314072786e+00 9.999748285275344983e-01 1.094641966345996696e-04
4.013228264000209045e+00 9.999759015307381205e-01 1.051633905795481920e-04
4.023228028204007600e+00 9.999769323248646202e-01 1.010214591287766174e-04
4.033227802511230919e+00 9.999779224712898040e-01 9.703295690101593294e-05
4.043227586522983863e+00 9.999788734777875776e-01 9.319260813142890641e-05
4.053227379855188772e+00 9.999797868002031631e-01 8.949530204307977954e-05
4.063227182138074767e+00 9.999806638440797979e-01 8.593608832053167281e-05
4.073226993015679476e+00 9.999815059662415795e-01 8.251017268419038708e-05
4.083226812145373863e+00 9.999823144763319016e-01 7.921291256399882726e-05
4.093226639197393268e+00 9.999830906383092577e-01 7.603981287107352053e-05
4.103226473854392431e+00 9.999838356719014110e-01 7.298652186586407603e-05
4.113226315811006728e+00 9.999845507540187084e-01 7.004882712140637728e-05
4.123226164773432068e+00 9.999852370201273155e-01 6.722265158023281743e-05
4.133226020459018990e+00 9.999858955655834825e-01 6.450404970349607058e-05
4.143225882595874765e+00 9.999865274469299514e-01 6.188920371085768820e-05
4.153225750922485027e+00 9.999871336831552826e-01 5.937441990968925904e-05
4.163225625187340739e+00 9.999877152569164318e-01 5.695612511213104498e-05
4.173225505148583814e+00 9.999882731157264670e-01 5.463086313855187391e-05
4.183225390573660718e+00 9.999888081731074241e-01 5.239529140595397560e-05
4.193225281238986746e+00 9.999893213097096334e-01 5.024617759986736839e-05
4.203225176929624496e+00 9.999898133743979622e-01 4.818039642828074199e-05
4.213225077438971233e+00 9.999902851853064156e-01 4.619492645615873641e-05
4.223224982568455133e+00 9.999907375308608737e-01 4.428684701909990125e-05
4.233224892127244843e+00 9.999911711707719641e-01 4.245333521469466084e-05
4.243224805931966159e+00 9.999915868369978478e-01 4.069166297014871665e-05
4.253224723806430241e+00 9.999919852346781379e-01 3.899919418474422279e-05
4.263224645581369820e+00 9.999923670430396205e-01 3.737338194571887724e-05
4.273224571094181634e+00 9.999927329162746625e-01 3.581176581615159559e-05
4.283224500188684836e+00 9.999930834843924199e-01 3.431196919345276520e-05
4.293224432714881189e+00 9.999934193540447325e-01 3.287169673706707252e-05
4.303224368528725030e+00 9.999937411093257067e-01 3.148873186400754211e-05
4.313224307491901222e+00 9.999940493125472063e-01 3.016093431085087052e-05
4.323224249471612879e+00 9.999943445049902513e-01 2.888623776083590236e-05
4.333224194340374424e+00 9.999946272076326581e-01 2.766264753471967891e-05
4.343224141975809971e+00 9.999948979218542533e-01 2.648823834405846317e-05
4.353224092260464140e+00 9.999951571301199937e-01 2.536115210559463975e-05
4.363224045081611990e+00 9.999954052966408824e-01 2.427959581544435452e-05
4.373224000331084937e+00 9.999956428680149001e-01 2.324183948179518134e-05
4.383223957905092227e+00 9.999958702738466210e-01 2.224621411483781541e-05
4.393223917704058401e+00 9.999960879273475101e-01 2.129110977267105893e-05
4.403223879632460758e+00 9.999962962259170141e-01 2.037497366193477097e-05
4.413223843598672147e+00 9.999964955517046672e-01 1.949630829194132011e-05
4.423223809514814420e+00 9.999966862721541005e-01 1.865366968109212779e-05
4.433223777296612766e+00 9.999968687405293988e-01 1.784566561438231263e-05
4.443223746863254497e+00 9.999970432964243594e-01 1.707095395081295654e-05
4.453223718137258480e+00 9.999972102662546547e-01 1.632824097954734877e-05
4.463223691044342800e+00 9.999973699637344504e-01 1.561627982366453892e-05
4.473223665513301306e+00 9.999975226903368153e-01 1.493386889038066834e-05
4.483223641475882815e+00 9.999976687357390315e-01 1.427985036662580574e-05
4.493223618866676539e+00 9.999978083782531391e-01 1.365310875888145593e-05
4.503223597622999286e+00 9.999979418852417146e-01 1.305256947620136345e-05
4.513223577684788879e+00 9.999980695135204378e-01 1.247719745535582364e-05
4.523223558994499349e+00 9.999981915097462259e-01 1.192599582705734417e-05
4.533223541497002351e+00 9.999983081107929328e-01 1.139800462224318571e-05
4.543223525139492125e+00 9.999984195441139478e-01 1.089229951740797144e-05
4.553223509871389574e+00 9.999985260280925825e-01 1.040799061799730366e-05
4.563223495644257000e+00 9.999986277723804662e-01 9.944221278890994712e-06
4.573223482411711061e+00 9.999987249782242849e-01 9.500166961022197360e-06
4.583223470129339283e+00 9.999988178387810844e-01 9.075034123196351285e-06
4.593223458754622790e+00 9.999989065394231380e-01 8.668059148191445225e-06
4.603223448246857252e+00 9.999989912580317108e-01 8.278507302238621079e-06
4.613223438567080947e+00 9.999990721652809444e-01 7.905671726999554462e-06
4.623223429678005481e+00 9.999991494249117485e-01 7.548872463174439242e-06
4.633223421543945619e+00 9.999992231939960341e-01 7.207455504891598292e-06
4.643223414130754456e+00 9.999992936231915097e-01 6.880791884046931593e-06
4.653223407405760348e+00 9.999993608569875958e-01 6.568276783778389001e-06
4.663223401337706520e+00 9.999994250339429014e-01 6.269328680277555028e-06
4.673223395896694221e+00 9.999994862869137080e-01 5.983388512157177135e-06
4.683223391054124107e+00 9.999995447432745710e-01 5.709918876610058147e-06
4.693223386782645612e+00 9.999996005251311493e-01 5.448403251611176032e-06
4.703223383056102769e+00 9.999996537495251525e-01 5.198345243431170012e-06
4.713223379849486250e+00 9.999997045286318498e-01 4.959267858745440004e-06
4.723223377138884516e+00 9.999997529699506948e-01 4.730712800639024664e-06
4.733223374901437630e+00 9.999997991764888461e-01 4.512239787823184085e-06
4.743223373115295516e+00 9.999998432469379139e-01 4.303425896395159588e-06
4.753223371759572657e+00 9.999998852758443801e-01 4.103864923487949132e-06
4.763223370814309909e+00 9.999999253537739108e-01 3.913166772172108866e-06
4.773223370260434528e+00 9.999999635674690079e-01 3.730956856986552114e-06
4.783223370079722869e+00 1.000000000000001554e+00 3.556875529490076162e-06
