0.000000000000000000e+00 0.000000000000000000e+00 7.372416654690019389e-01
3.686208327345010021e-05 7.372415860360255480e-03 7.372413477399866188e-01
1.474482854350447154e-04 1.474482060048448034e-02 7.372391237379756213e-01
3.317583682029976366e-04 2.211718562820715744e-02 7.372330877077428735e-01
5.897917121016587726e-04 2.948946329872429578e-02 7.372213349752133604e-01
9.215471259992526892e-04 3.686158692844729301e-02 7.372019625649836039e-01
1.327022656815936459e-03 4.423347081530321773e-02 7.371730698720545538e-01
1.806215399469347262e-03 5.160501026602266894e-02 7.371327593875698359e-01
2.359121307130213237e-03 5.897608163095374029e-02 7.370791374782418304e-01
2.985735001865963325e-03 6.634654234693694586e-02 7.370103152190299323e-01
3.686049585755601845e-03 7.371623098877090607e-02 7.369244092785161016e-01
4.460056452564379638e-03 8.108496732979254829e-02 7.368195428562966942e-01
5.307745100071993224e-03 8.845255241208788144e-02 7.366938466715814426e-01
6.229102943153160855e-03 9.581876862684106377e-02 7.365454600020575615e-01
7.224115127714463708e-03 1.031833798053188728e-01 7.363725317719427288e-01
8.292764345596231532e-03 1.105461313209767371e-01 7.361732216880091384e-01
9.435030650553080656e-03 1.179067502031592440e-01 7.359457014222218207e-01
1.065089127543133660e-02 1.252649452628538662e-01 7.356881558394902099e-01
1.194032045066612847e-02 1.326204072309410120e-01 7.353987842688841647e-01
1.330328922422523152e-02 1.399728089093661421e-01 7.350758018165214347e-01
1.473976528313095287e-02 1.473218053356410429e-01 7.347174407181829014e-01
1.624971277669530131e-02 1.546670339610612954e-01 7.343219517295650478e-01
1.783309214160743242e-02 1.620081148430051188e-01 7.338876055519293340e-01
1.948985992901594230e-02 1.693446508516558979e-01 7.334126942907601698e-01
2.121996863375181716e-02 1.766762278914656981e-01 7.328955329448986200e-01
2.302336652584096796e-02 1.840024151376515316e-01 7.323344609234703206e-01
2.489999748445798772e-02 1.913227652879881391e-01 7.317278435877880849e-01
2.684980083447532917e-02 1.986368148301322634e-01 7.310740738152672336e-01
2.887271118576422227e-02 2.059440843246835295e-01 7.303715735822579047e-01
3.096865827540565275e-02 2.132440787041546271e-01 7.296187955625684785e-01
3.313756681297114898e-02 2.205362875879913476e-01 7.288142247383267991e-01
3.537935632903451560e-02 2.278201856137485604e-01 7.279563800197085266e-01
3.769394102707638444e-02 2.350952327844928469e-01 7.270438158699483733e-01
4.008122963894410196e-02 2.423608748324663220e-01 7.260751239319437333e-01
4.254112528402954202e-02 2.496165435990087833e-01 7.250489346526647338e-01
4.507352533232731467e-02 2.568616574306967770e-01 7.239639189014944742e-01
4.767832127153510263e-02 2.640956215916194783e-01 7.228187895785450623e-01
5.035539857835695521e-02 2.713178286916704818e-01 7.216123032089266642e-01
5.310463659416893994e-02 2.785276591306954930e-01 7.203432615188872790e-01
5.592590840520473422e-02 2.857244815582933306e-01 7.190105129896956493e-01
5.881908072741645621e-02 2.929076533490272971e-01 7.176129543851045289e-01
6.178401379616354355e-02 3.000765210927613946e-01 7.161495322482080983e-01
6.482056126087924752e-02 3.072304210997949259e-01 7.146192443635002167e-01
6.792857008486091752e-02 3.143686799204259974e-01 7.130211411799425303e-01
7.110788045032642724e-02 3.214906148785333651e-01 7.113543271908699950e-01
7.435832566887462525e-02 3.285955346187244830e-01 7.096179622665943487e-01
7.767973209748300911e-02 3.356827396665556518e-01 7.078112629356109187e-01
8.107191906017081895e-02 3.427515230012907477e-01 7.059335036103769889e-01
8.453469877545000122e-02 3.498011706406237709e-01 7.039840177537056709e-01
8.806787628968069936e-02 3.568309622367525358e-01 7.019621989819093688e-01
9.167124941644148872e-02 3.638401716831516919e-01 6.998675021009335140e-01
9.534460868201806438e-02 3.708280677313566809e-01 6.976994440718420343e-01
9.908773727710672163e-02 3.777939146170350981e-01 6.954576049021511386e-01
1.029004110148219603e-01 3.847369726945859547e-01 6.931416284596569888e-01
1.067823982950893147e-01 3.916564990794769163e-01 6.907512232055684764e-01
1.107334600754969339e-01 3.985517482974964554e-01 6.882861628439327362e-01
1.147533498486706521e-01 4.054219729400698191e-01 6.857462868845323190e-01
1.188418136262289065e-01 4.122664243247606830e-01 6.831315011166374518e-01
1.229985899293649099e-01 4.190843531600541572e-01 6.804417779912116382e-01
1.272234097860940605e-01 4.258750102134949977e-01 6.776771569093970049e-01
1.315159967351957893e-01 4.326376469822341697e-01 6.748377444153449423e-01
1.358760668368686197e-01 4.393715163650180333e-01 6.719237142917026118e-01
1.403033286901085308e-01 4.460758733346397165e-01 6.689353075563271300e-01
1.447974834568098168e-01 4.527499756098588013e-01 6.658728323590598075e-01
1.493582248925784395e-01 4.593930843257851282e-01 6.627366637776697100e-01
1.539852393842371381e-01 4.660044647017153596e-01 6.595272435123489263e-01
1.586782059939921830e-01 4.725833867054056170e-01 6.562450794784290276e-01
1.634367965102206111e-01 4.791291257127621717e-01 6.528907452972719794e-01
1.682606755048272618e-01 4.856409631619326706e-01 6.494648796855800876e-01
1.731495003971104951e-01 4.921181872007848179e-01 6.459681857436578856e-01
1.781029215240655383e-01 4.985600933267657631e-01 6.424014301434511909e-01
1.831205822170440256e-01 5.049659850181450471e-01 6.387654422174775526e-01
1.882021188846788040e-01 5.113351743556572293e-01 6.350611129500484120e-01
1.933471611019732805e-01 5.176669826335751345e-01 6.312893938724687404e-01
1.985553317054443989e-01 5.239607409592630383e-01 6.274512958641762506e-01
2.038262468941999805e-01 5.302157908402799213e-01 6.235478878620566157e-01
2.091595163368208110e-01 5.364314847581272971e-01 6.195802954804361384e-01
2.145547432839098601e-01 5.426071867277616478e-01 6.155496995445098873e-01
2.200115246861619467e-01 5.487422728420209284e-01 6.114573345402102289e-01
2.255294513177986404e-01 5.548361318001449050e-01 6.073044869837601611e-01
2.311081079052057508e-01 5.608881654196044009e-01 6.030924937143777864e-01
2.367470732606023198e-01 5.668977891304882721e-01 5.988227401138145334e-01
2.424459204205634821e-01 5.728644324517360165e-01 5.944966582566064695e-01
2.482042167892118401e-01 5.787875394485433311e-01 5.901157249951056727e-01
2.540215242858863132e-01 5.846665691703095691e-01 5.856814599835270529e-01
2.598973994970906198e-01 5.905009960685388970e-01 5.811954236454028866e-01
2.658313938325181924e-01 5.962903103941520344e-01 5.766592150889737756e-01
2.718230536849452483e-01 6.020340185737107497e-01 5.720744699751685314e-01
2.778719205937787984e-01 6.077316435641045844e-01 5.674428583429295125e-01
2.839775314120421279e-01 6.133827251852983498e-01 5.627660823967278736e-01
2.901394184765763717e-01 6.189868204307859001e-01 5.580458742611821288e-01
2.963571097812342514e-01 6.245435037554460944e-01 5.532839937077482784e-01
3.026301291528378234e-01 6.300523673405470371e-01 5.484822258584802768e-01
3.089579964296716441e-01 6.355130213356940949e-01 5.436423788718801609e-01
3.153402276422790362e-01 6.409250940775679251e-01 5.387662816158546031e-01
3.217763351963295881e-01 6.462882322853481520e-01 5.338557813327760027e-01
3.282658280573237386e-01 6.516021012327692929e-01 5.289127413016125878e-01
3.348082119369013010e-01 6.568663848968034902e-01 5.239390385020393781e-01
3.414029894805200027e-01 6.620807860830145719e-01 5.189365612853735765e-01
3.480496604562712815e-01 6.672450265276753667e-01 5.139072070570956940e-01
3.547477219446016350e-01 6.723588469767879383e-01 5.088528799756182330e-01
3.614966685287095971e-01 6.774220072421913708e-01 5.037754886718502911e-01
3.682959924853897449e-01 6.824342862349879191e-01 4.986769439939822135e-01
3.751451839760993057e-01 6.873954819765608626e-01 4.935591567817730896e-01
3.820437312380236539e-01 6.923054115875001413e-01 4.884240356744732892e-01
3.889911207749222610e-01 6.971639112547919348e-01 4.832734849563528612e-01
3.959868375475396052e-01 7.019708361776676453e-01 4.781094024436327583e-01
4.030303651633695416e-01 7.067260604925439393e-01 4.729336774164355495e-01
4.101211860655665231e-01 7.114294771775222515e-01 4.677481885991808808e-01
4.172587817208014971e-01 7.160809979369473499e-01 4.625548021926553233e-01
4.244426328058661380e-01 7.206805530665586490e-01 4.573553699607810219e-01
4.316722193928337892e-01 7.252280912997933759e-01 4.521517273748998922e-01
4.389470211325915971e-01 7.297235796358321203e-01 4.469456918181760607e-01
4.462665174365644249e-01 7.341670031499981652e-01 4.417390608525034179e-01
4.536301876564570734e-01 7.385583647871482027e-01 4.365336105500850494e-01
4.610375112618481652e-01 7.428976851387102398e-01 4.313310938916323778e-01
4.684879680154755421e-01 7.471850022040433803e-01 4.261332392329092444e-01
4.759810381460594098e-01 7.514203711368120375e-01 4.209417488411272279e-01
4.835162025185177348e-01 7.556038639770781273e-01 4.157582975024777805e-01
4.910929428014336739e-01 7.597355693698287782e-01 4.105845312018707727e-01
4.987107416316437503e-01 7.638155922706665324e-01 4.054220658757338724e-01
5.063690827758217106e-01 7.678440536393955629e-01 4.002724862385169668e-01
5.140674512889407133e-01 7.718210901222430920e-01 3.951373446833393865e-01
5.218053336695042121e-01 7.757468537234589734e-01 3.900181602570164663e-01
5.295822180114426736e-01 7.796215114670381752e-01 3.849164177095061867e-01
5.373975941525813704e-01 7.834452450493089026e-01 3.798335666176274050e-01
5.452509538195912109e-01 7.872182504831282124e-01 3.747710205827179397e-01
5.531417907693430003e-01 7.909407377344215284e-01 3.697301565017260261e-01
5.610696009265913053e-01 7.946129303517978082e-01 3.647123139110594048e-01
5.690338825179236393e-01 7.982350650899633360e-01 3.597187944023576001e-01
5.770341362019151266e-01 8.018073915276490160e-01 3.547508611092000663e-01
5.850698651954383545e-01 8.053301716807548249e-01 3.498097382636201069e-01
5.931405753960831140e-01 8.088036796114026483e-01 3.448966108211594106e-01
6.012457755006496152e-01 8.122282010335775126e-01 3.400126241530732063e-01
6.093849771196837573e-01 8.156040329160195723e-01 3.351588838041775764e-01
6.175576948880299177e-01 8.189314830830166647e-01 3.303364553147251637e-01
6.257634465713838301e-01 8.222108698137281513e-01 3.255463641045941992e-01
6.340017531688345587e-01 8.254425214406554412e-01 3.207895954179884601e-01
6.422721390113885764e-01 8.286267759478533890e-01 3.160670943267636090e-01
6.505741318564776110e-01 8.317639805694607702e-01 3.113797657904244232e-01
6.589072629784556989e-01 8.348544913891050578e-01 3.067284747707744730e-01
6.672710672550963285e-01 8.378986729407187362e-01 3.021140463991448533e-01
6.756650832501078785e-01 8.408968978112819626e-01 2.975372661940834385e-01
6.840888532916873377e-01 8.438495462459850716e-01 2.929988803273476106e-01
6.925419235471403923e-01 8.467570057562839869e-01 2.884995959360147078e-01
7.010238440935976367e-01 8.496196707312976271e-01 2.840400814785008499e-01
7.095341689848643218e-01 8.524379420529762941e-01 2.796209671322653079e-01
7.180724563144412764e-01 8.552122267154457225e-01 2.752428452309697016e-01
7.266382682747625221e-01 8.579429374489109250e-01 2.709062707388598668e-01
7.352311712126956555e-01 8.606304923484807690e-01 2.666117617601448386e-01
7.438507356813570670e-01 8.632753145082520119e-01 2.623598000811581121e-01
7.524965364882951757e-01 8.658778316609695436e-01 2.581508317431048249e-01
7.611681527400997460e-01 8.684384758235583757e-01 2.539852676432206580e-01
7.698651678834965706e-01 8.709576829487998273e-01 2.498634841621966418e-01
7.785871697429911364e-01 8.734358925834050380e-01 2.457858238157566988e-01
7.873337505551258886e-01 8.758735475327155129e-01 2.417525959283116921e-01
7.961045069994182599e-01 8.782710935322431967e-01 2.377640773266551377e-01
8.048990402260495225e-01 8.806289789262382595e-01 2.338205130517098940e-01
8.137169558803746261e-01 8.829476543534573452e-01 2.299221170863837982e-01
8.225578641243270761e-01 8.852275724402827173e-01 2.260690730976427643e-01
8.314213796547914592e-01 8.874691875013254183e-01 2.222615351909638381e-01
8.403071217190206665e-01 8.896729552476275726e-01 2.184996286753863870e-01
8.492147141271733091e-01 8.918393325025610885e-01 2.147834508374377449e-01
8.581437852620487083e-01 8.939687769255025840e-01 2.111130717222694797e-01
8.670939680860979548e-01 8.960617467433494854e-01 2.074885349204013130e-01
8.760649001457897489e-01 8.981187004899251480e-01 2.039098583585320368e-01
8.850562235734094063e-01 9.001400967533059738e-01 2.003770350929401367e-01
8.940675850863712970e-01 9.021263939310893987e-01 1.968900341040605295e-01
9.030986359841234323e-01 9.040780499936086345e-01 1.934488010908876343e-01
9.121490321427241366e-01 9.059955222550845066e-01 1.900532592639201102e-01
9.212184340071694066e-01 9.078792671526945135e-01 1.867033101354260149e-01
9.303065065815508961e-01 9.097297400335262463e-01 1.833988343058717274e-01
9.394129194171224606e-01 9.115473949493716477e-01 1.801396922454215899e-01
9.485373465983535368e-01 9.133326844593069316e-01 1.769257250694778461e-01
9.576794667270471795e-01 9.150860594399942149e-01 1.737567553072928983e-01
9.668389629045992528e-01 9.168079689036306990e-01 1.706325876627475258e-01
9.760155227124751587e-01 9.184988598234631318e-01 1.675530097664483520e-01
9.852088381909790415e-01 9.201591769667764042e-01 1.645177929183574417e-01
9.944186058163898556e-01 9.217893627352580221e-01 1.615266928202246377e-01
1.003644526476537679e+00 9.233898570126330974e-01 1.585794502971494824e-01
1.012886305444891999e+00 9.249610970194581672e-01 1.556757920076548840e-01
1.022143652353233678e+00 9.265035171749554932e-01 1.528154311417078415e-01
1.031416281162979010e+00 9.280175489657657151e-01 1.499980681061746646e-01
1.040703910135226673e+00 9.295036208214900730e-01 1.472233911972481712e-01
1.050006261799592666e+00 9.309621579968896388e-01 1.444910772594327764e-01
1.059323062921899927e+00 9.323935824606062184e-01 1.418007923307202101e-01
1.068654044470787490e+00 9.337983127902642622e-01 1.391521922736339290e-01
1.077998941583302006e+00 9.351767640738115617e-01 1.365449233918627214e-01
1.087357493529532926e+00 9.365293478169528507e-01 1.339786230322462246e-01
1.096729443676352389e+00 9.378564718565298719e-01 1.314529201719141227e-01
1.106114539450317347e+00 9.391585402796971405e-01 1.289674359904189049e-01
1.115512532299792303e+00 9.404359533487439693e-01 1.265217844267377545e-01
1.124923177656347972e+00 9.416891074314103216e-01 1.241155727210538073e-01
1.134346234895489136e+00 9.429183949365441686e-01 1.217484019412588686e-01
1.143781467296766108e+00 9.441242042549473634e-01 1.194198674941509830e-01
1.153228642003319537e+00 9.453069197052567096e-01 1.171295596213287327e-01
1.162687529980908518e+00 9.464669214847080125e-01 1.148770638798117250e-01
1.172157905976469738e+00 9.476045856246299026e-01 1.126619616074422958e-01
1.181639548476255852e+00 9.487202839505157748e-01 1.104838303731473931e-01
1.191132239663595493e+00 9.498143840465235188e-01 1.083422444121620726e-01
1.200635765376320219e+00 9.508872492242521623e-01 1.062367750463371063e-01
1.210149915063900128e+00 9.519392384956483211e-01 1.041669910896722423e-01
1.219674481744329020e+00 9.529707065498942420e-01 1.021324592392349878e-01
1.229209261960796384e+00 9.539820037341325554e-01 1.001327444516410953e-01
1.238754055738186644e+00 9.549734760378851828e-01 9.816741030528820799e-02
1.248308666539439837e+00 9.559454650810234044e-01 9.623601934854801587e-02
1.257872901221809281e+00 9.568983081051510853e-01 9.433813343413485764e-02
1.267446569993049055e+00 9.578323379682630589e-01 9.247331403988022502e-02
1.277029486367565081e+00 9.587478831425443326e-01 9.064112257615272727e-02
1.286621467122558204e+00 9.596452677151782185e-01 8.884112068017246955e-02
1.296222332254190146e+00 9.605248113920322739e-01 8.707287049747657048e-02
1.305831904933800525e+00 9.613868295040965961e-01 8.533593495079999647e-02
1.315450011464200930e+00 9.622316330165487930e-01 8.362987799664177435e-02
1.325076481236073134e+00 9.630595285403240613e-01 8.195426486979189018e-02
1.334711146684494310e+00 9.638708183460714674e-01 8.030866231609869177e-02
1.344353843245613245e+00 9.646658003803807446e-01 7.869263881375986036e-02
1.354004409313499968e+00 9.654447682841653666e-01 7.710576478342312523e-02
1.363662686197189666e+00 9.662080114130918718e-01 7.554761278738462982e-02
1.373328518077940430e+00 9.669558148599480818e-01 7.401775771817434291e-02
1.383001751966723925e+00 9.676884594788454086e-01 7.251577697681861612e-02
1.392682237661966971e+00 9.684062219111529979e-01 7.104125064107007226e-02
1.402369827707560246e+00 9.691093746130654552e-01 6.959376162389450948e-02
1.412064377351151645e+00 9.697981858847080083e-01 6.817289582250353475e-02
1.421765744502736295e+00 9.704729199006856266e-01 6.677824225822029391e-02
1.431473789693560317e+00 9.711338367419866113e-01 6.540939320746351482e-02
1.441188376035349439e+00 9.717811924291522852e-01 6.406594432413295626e-02
1.450909369179874897e+00 9.724152389566289578e-01 6.274749475367651097e-02
1.460636637278869721e+00 9.730362243282202339e-01 6.145364723911619920e-02
1.470370050944302731e+00 9.736443925935605037e-01 6.018400821930686151e-02
1.480109483209024246e+00 9.742399838855330119e-01 5.893818791969771681e-02
1.489854809487788589e+00 9.748232344585594511e-01 5.771580043586294756e-02
1.499605907538664740e+00 9.753943767276896937e-01 5.651646381006338038e-02
1.509362657424840881e+00 9.759536393084234929e-01 5.533980010109682685e-02
1.519124941476830859e+00 9.765012470571978742e-01 5.418543544769013898e-02
1.528892644255088529e+00 9.770374211124777108e-01 5.305300012568129470e-02
1.538665652513035997e+00 9.775623789363876437e-01 5.194212859923483250e-02
1.548443855160509752e+00 9.780763343568272816e-01 5.085245956632911124e-02
1.558227143227631784e+00 9.785794976100139486e-01 4.978363599874854883e-02
1.568015409829106144e+00 9.790720753833989098e-01 4.873530517680894902e-02
1.577808550128947829e+00 9.795542708589046743e-01 4.770711871903864087e-02
1.587606461305644423e+00 9.800262837564357454e-01 4.669873260703289591e-02
1.597409042517754729e+00 9.804883103776140807e-01 4.570980720569363387e-02
1.607216194869945047e+00 9.809405436496949626e-01 4.474000727906113362e-02
1.617027821379466435e+00 9.813831731696199823e-01 4.378900200193894254e-02
1.626843826943071170e+00 9.818163852481657239e-01 4.285646496750784157e-02
1.636664118304372861e+00 9.822403629541499592e-01 4.194207419111930374e-02
1.646488604021647983e+00 9.826552861586568266e-01 4.104551211045349285e-02
1.656317194436079054e+00 9.830613315792467999e-01 4.016646558222147084e-02
1.666149801640440797e+00 9.834586728241162534e-01 3.930462587558604393e-02
1.675986339448226614e+00 9.838474804361765358e-01 3.845968866247031354e-02
1.685826723363216262e+00 9.842279219370204668e-01 3.763135400491789129e-02
1.695670870549480957e+00 9.846001618707486136e-01 3.681932633966344959e-02
1.705518699801827687e+00 9.849643618476283669e-01 3.602331446006733218e-02
1.715370131516678276e+00 9.853206805875590613e-01 3.524303149556284181e-02
1.725225087663381895e+00 9.856692739633202693e-01 3.447819488875988186e-02
1.735083491755959217e+00 9.860102950435798430e-01 3.372852637034382678e-02
1.744945268825275120e+00 9.863438941356404976e-01 3.299375193190367400e-02
1.754810345391637938e+00 9.866702188279048436e-01 3.227360179681881130e-02
1.764678649437821267e+00 9.869894140320401021e-01 3.156781038932925110e-02
1.774550110382506318e+00 9.873016220248248542e-01 3.087611630190949946e-02
1.784424659054140383e+00 9.876069824896617222e-01 3.019826226106200190e-02
1.794302227665210081e+00 9.879056325577405540e-01 2.953399509164162523e-02
1.804182749786922724e+00 9.881977068488375648e-01 2.888306567981854117e-02
1.814066160324294685e+00 9.884833375117383358e-01 2.824522893478266169e-02
1.823952395491642786e+00 9.887626542642713456e-01 2.762024374928883849e-02
1.833841392788472024e+00 9.890357844329421555e-01 2.700787295913802122e-02
1.843733090975760103e+00 9.893028529921570335e-01 2.640788330168582221e-02
1.853627430052629421e+00 9.895639826030272479e-01 2.582004537346616058e-02
1.863524351233407650e+00 9.898192936517459239e-01 2.524413358701407470e-02
1.873423796925067997e+00 9.900689042875288060e-01 2.467992612696819077e-02
1.883325710705047173e+00 9.903129304601131500e-01 2.412720490553000446e-02
1.893230037299436619e+00 9.905514859568084196e-01 2.358575551735368411e-02
1.903136722561541205e+00 9.907846824390929008e-01 2.305536719393696046e-02
1.913045713450802321e+00 9.910126294787525714e-01 2.253583275758046928e-02
1.922956958012079554e+00 9.912354345935570077e-01 2.202694857497987727e-02
1.932870405355287202e+00 9.914532032824703300e-01 2.152851451051214504e-02
1.942786005635379842e+00 9.916660390603931896e-01 2.104033387927443238e-02
1.952703710032683837e+00 9.918740434924344651e-01 2.056221339993137900e-02
1.962623470733568798e+00 9.920773162277105595e-01 2.009396314742373929e-02
1.972545240911454556e+00 9.922759550326710754e-01 1.963539650558881675e-02
1.982468974708149201e+00 9.924700558239510917e-01 1.918633011974056612e-02
1.992394627215513081e+00 9.926597127007485977e-01 1.874658384925481300e-02
2.002322154457444547e+00 9.928450179767281947e-01 1.831598072020267087e-02
2.012251513372182110e+00 9.930260622114516211e-01 1.789434687807294269e-02
2.022182661794918346e+00 9.932029342413362105e-01 1.748151154062209736e-02
2.032115558440721781e+00 9.933757212101421707e-01 1.707730695088826439e-02
2.042050162887760756e+00 9.935445085989915714e-01 1.668156833040367742e-02
2.051986435560824606e+00 9.937093802559202604e-01 1.629413383263790538e-02
2.061924337715138833e+00 9.938704184249652629e-01 1.591484449670241275e-02
2.071863831420468927e+00 9.940277037747912159e-01 1.554354420134504769e-02
2.081804879545507969e+00 9.941813154268579478e-01 1.518007961926130800e-02
2.091747445742543121e+00 9.943313309831328661e-01 1.482430017174751410e-02
2.101691494432397000e+00 9.944778265533517070e-01 1.447605798371933220e-02
2.111636990789641288e+00 9.946208767818315311e-01 1.413520783911752406e-02
2.121583900728073235e+00 9.947605548738396308e-01 1.380160713672122334e-02
2.131532190886455957e+00 9.948969326215227893e-01 1.347511584638759301e-02
2.141481828614514527e+00 9.950300804294011092e-01 1.315559646573524755e-02
2.151432781959186080e+00 9.951600673394308538e-01 1.284291397728747931e-02
2.161385019651116846e+00 9.952869610556412949e-01 1.253693580609000456e-02
2.171338511091405188e+00 9.954108279683500093e-01 1.223753177781665251e-02
2.181293226338583136e+00 9.955317331779617307e-01 1.194457407737521855e-02
2.191249136095835048e+00 9.956497405183558635e-01 1.165793720802452312e-02
2.201206211698447657e+00 9.957649125798678780e-01 1.137749795101259537e-02
2.211164425101486586e+00 9.958773107318693585e-01 1.110313532574480795e-02
2.221123748867700254e+00 9.959869951449528136e-01 1.083473055048976910e-02
2.231084156155638709e+00 9.960940248127261309e-01 1.057216700362977220e-02
2.241045620707993624e+00 9.961984575732222291e-01 1.031533018546164880e-02
2.251008116840146567e+00 9.963003501299292353e-01 1.006410768055298471e-02
2.260971619428927326e+00 9.963997580724478498e-01 9.818389120657742761e-03
2.270936103901576963e+00 9.964967358967797839e-01 9.578066148194546575e-03
2.280901546224912035e+00 9.965913370252540426e-01 9.343032380290067912e-03
2.290867922894685105e+00 9.966836138260968259e-01 9.113183373389177611e-03
2.300835210925141538e+00 9.967736176326501552e-01 8.888416588432838591e-03
2.310803387838763712e+00 9.968613987622447770e-01 8.668631356603995891e-03
2.320772431656204837e+00 9.969470065347341148e-01 8.453728845641085565e-03
2.330742320886405761e+00 9.970304892906933780e-01 8.243612026718132035e-03
2.340713034516890723e+00 9.971118944092908221e-01 8.038185641889853544e-03
2.350684552004242089e+00 9.971912683258361554e-01 7.837356172099589971e-03
2.360656853264747390e+00 9.972686565490117561e-01 7.641031805747375456e-03
2.370629918665219549e+00 9.973441036777923596e-01 7.449122407814948339e-03
2.380603729013980985e+00 9.974176534180588805e-01 7.261539489544034665e-03
2.390578265552016468e+00 9.974893485989118069e-01 7.078196178663790500e-03
2.400553509944284070e+00 9.975592311886891661e-01 6.899007190162877168e-03
2.410529444271187316e+00 9.976273423106954974e-01 6.723888797601235839e-03
2.420506051020201888e+00 9.976937222586461651e-01 6.552758804956284461e-03
2.430483313077656415e+00 9.977584105118332269e-01 6.385536518997899161e-03
2.440461213720662492e+00 9.978214457500172996e-01 6.222142722186237845e-03
2.450439736609192121e+00 9.978828658680508612e-01 6.062499646086168779e-03
2.460418865778301267e+00 9.979427079902388753e-01 5.906530945291784199e-03
2.470398585630495969e+00 9.980010084844405105e-01 5.754161671854250010e-03
2.480378880928235219e+00 9.980578029759180625e-01 5.605318250206004112e-03
2.490359736786575517e+00 9.981131263609375193e-01 5.459928452574109442e-03
2.500341138665945984e+00 9.981670128201254322e-01 5.317921374875382232e-03
2.510323072365059360e+00 9.982194958315872002e-01 5.179227413085761567e-03
2.520305524013949583e+00 9.982706081837917633e-01 5.043778240076216349e-03
2.530288480067140799e+00 9.983203819882263685e-01 4.911506782907381664e-03
2.540271927296938514e+00 9.983688486918268490e-01 4.782347200574986468e-03
2.550255852786845967e+00 9.984160390891876347e-01 4.656234862198046880e-03
2.560240243925100856e+00 9.984619833345557138e-01 4.533106325641723944e-03
2.570225088398330637e+00 9.985067109536129859e-01 4.412899316566677027e-03
2.580210374185325062e+00 9.985502508550512246e-01 4.295552707896703286e-03
2.590196089550923286e+00 9.985926313419438705e-01 4.181006499696414587e-03
2.600182223040013785e+00 9.986338801229180939e-01 4.069201799450685927e-03
2.610168763471644837e+00 9.986740243231325698e-01 3.960080802737609394e-03
2.620155699933244264e+00 9.987130904950630716e-01 3.853586774286690744e-03
2.630143021774944856e+00 9.987511046291008832e-01 3.749664029414039122e-03
2.640130718604016824e+00 9.987880921639674670e-01 3.648257915826349455e-03
2.650118780279401953e+00 9.988240779969488337e-01 3.549314795785495687e-03
2.660107196906349891e+00 9.988590864939532743e-01 3.452782028625626769e-03
2.670095958831153027e+00 9.988931414993964530e-01 3.358607953614700659e-03
2.680085056635981733e+00 9.989262663459160807e-01 3.266741873152481830e-03
2.690074481133813311e+00 9.989584838639207209e-01 3.177134036297087592e-03
2.700064223363457305e+00 9.989898163909755047e-01 3.089735622612276109e-03
2.710054274584673628e+00 9.990202857810275283e-01 3.004498726327747057e-03
2.720044626273380395e+00 9.990499134134747106e-01 2.921376340804843381e-03
2.730035270116955015e+00 9.990787202020805502e-01 2.840322343300141078e-03
2.740026198009620551e+00 9.991067266037383376e-01 2.761291480019535324e-03
2.750017402047920445e+00 9.991339526270868188e-01 2.684239351455547547e-03
2.760008874526279410e+00 9.991604178409810855e-01 2.609122398000706788e-03
2.770000607932646020e+00 9.991861413828206917e-01 2.535897885829989720e-03
2.779992594944219242e+00 9.992111419667381034e-01 2.464523893045433324e-03
2.789984828423257568e+00 9.992354378916497026e-01 2.394959296076176920e-03
2.799977301412964970e+00 9.992590470491719001e-01 2.327163756327327304e-03
2.809970007133458125e+00 9.992819869314053527e-01 2.261097707071188598e-03
2.819962938977808253e+00 9.993042746385891739e-01 2.196722340574543304e-03
2.829956090508161992e+00 9.993259268866272471e-01 2.133999595455812835e-03
2.839949455451933780e+00 9.993469600144895271e-01 2.072892144266088883e-03
2.849943027698073283e+00 9.993673899914903291e-01 2.013363381288164021e-03
2.859936801293405217e+00 9.993872324244453820e-01 1.955377410547849953e-03
2.869930770439039325e+00 9.994065025647100864e-01 1.898899034032022759e-03
2.879924929486850083e+00 9.994252153151014229e-01 1.843893740107982373e-03
2.889919272936026573e+00 9.994433852367041737e-01 1.790327692138874620e-03
2.899913795429687191e+00 9.994610265555651241e-01 1.738167717290066416e-03
2.909908491751564075e+00 9.994781531692759069e-01 1.687381295521523219e-03
2.919903356822748819e+00 9.994947786534463807e-01 1.637936548761385067e-03
2.929898385698506580e+00 9.995109162680710924e-01 1.589802230256086302e-03
2.939893573565150575e+00 9.995265789637899356e-01 1.542947714092514095e-03
2.949888915736978756e+00 9.995417793880448931e-01 1.497342984887844921e-03
2.959884407653273097e+00 9.995565298911344154e-01 1.452958627642844235e-03
2.969880044875357950e+00 9.995708425321671031e-01 1.409765817754554933e-03
2.979875823083717012e+00 9.995847290849166900e-01 1.367736311184441968e-03
2.989871738075168928e+00 9.995982010435787712e-01 1.326842434778199723e-03
2.999867785760100158e+00 9.996112696284320531e-01 1.287057076733558614e-03
3.009863962159753825e+00 9.996239457914047888e-01 1.248353677212568581e-03
3.019860263403572720e+00 9.996362402215481779e-01 1.210706219094958083e-03
3.029856685726599164e+00 9.996481633504178399e-01 1.174089218869301711e-03
3.039853225466925046e+00 9.996597253573646924e-01 1.138477717658850901e-03
3.049849879063196489e+00 9.996709361747373457e-01 1.103847272379002197e-03
3.059846643052169579e+00 9.996818054929960118e-01 1.070173947023498034e-03
3.069843514066316281e+00 9.996923427657405936e-01 1.037434304076569535e-03
3.079840488831481427e+00 9.997025572146527317e-01 1.005605396048342036e-03
3.089837564164586770e+00 9.997124578343545842e-01 9.746647571309331216e-04
3.099834736971385230e+00 9.997220533971843404e-01 9.445903949727775008e-04
3.109832004244261316e+00 9.997313524578901323e-01 9.153607825688177355e-04
3.119829363060078187e+00 9.997403633582433446e-01 8.869548502642944296e-04
3.129826810578070884e+00 9.997490942315727658e-01 8.593519778699694120e-04
3.139824344037783987e+00 9.997575530072201344e-01 8.325319868867043713e-04
3.149821960757054118e+00 9.997657474149185264e-01 8.064751328374071635e-04
3.159819658130034625e+00 9.997736849890950239e-01 7.811620977044445371e-04
3.169817433625264691e+00 9.997813730730975568e-01 7.565739824707013329e-04
3.179815284783778395e+00 9.997888188233482465e-01 7.326922997625452552e-04
3.189813209217257306e+00 9.997960292134233651e-01 7.094989665930331825e-04
3.199811204606220372e+00 9.998030110380614621e-01 6.869762972037655622e-04
3.209809268698256890e+00 9.998097709171001046e-01 6.651069960038685173e-04
3.219807399306295448e+00 9.998163152993427838e-01 6.438741506046455169e-04
3.229805594306914163e+00 9.998226504663563219e-01 6.232612249485078000e-04
3.239803851638685561e+00 9.998287825362005554e-01 6.032520525308505228e-04
3.249802169300560539e+00 9.998347174670900728e-01 5.838308297136008025e-04
3.259800545350288292e+00 9.998404610609897825e-01 5.649821091292177126e-04
3.269798977902870885e+00 9.998460189671452003e-01 5.466907931739767605e-04
3.279797465129053791e+00 9.998513966855478996e-01 5.289421275894198426e-04
3.289796005253850186e+00 9.998565995703370124e-01 5.117216951308997024e-04
3.299794596555099879e+00 9.998616328331384473e-01 4.950154093221901998e-04
3.309793237362059326e+00 9.998665015463412686e-01 4.788095082951763647e-04
3.319791926054026732e+00 9.998712106463137905e-01 4.630905487136766411e-04
3.329790661058996459e+00 9.998757649365583866e-01 4.478453997804871900e-04
3.339789440852346747e+00 9.998801690908076800e-01 4.330612373267710754e-04
3.349788263955556733e+00 9.998844276560612254e-01 4.187255379829490421e-04
3.359787128934955014e+00 9.998885450555651255e-01 4.048260734302775408e-04
3.369786034400495733e+00 9.998925255917336941e-01 3.913509047323277370e-04
3.379784979004564871e+00 9.998963734490156074e-01 3.782883767456054775e-04
3.389783961440814508e+00 9.999000926967039904e-01 3.656271126085765310e-04
3.399782980443025959e+00 9.999036872916922114e-01 3.533560083083826645e-04
3.409782034783998661e+00 9.999071610811752775e-01 3.414642273245558626e-04
3.419781123274466150e+00 9.999105178052983822e-01 3.299411953490557700e-04
3.429780244762039132e+00 9.999137610997531622e-01 3.187765950819731174e-04
3.439779398130173860e+00 9.999168944983217733e-01 3.079603611022573343e-04
3.449778582297165386e+00 9.999199214353705623e-01 2.974826748128409234e-04
3.459777796215165235e+00 9.999228452482930019e-01 2.873339594595456349e-04
3.469777038869223951e+00 9.999256691799041086e-01 2.775048752231671929e-04
3.479776309276357171e+00 9.999283963807849007e-01 2.679863143841452414e-04
3.489775606484634807e+00 9.999310299115800049e-01 2.587693965592343997e-04
3.499774929572292859e+00 9.999335727452471900e-01 2.498454640095998987e-04
3.509774277646867890e+00 9.999360277692608268e-01 2.412060770197684055e-04
3.519773649844352814e+00 9.999383977877692731e-01 2.328430093468700050e-04
3.529773045328373993e+00 9.999406855237071845e-01 2.247482437396125423e-04
3.539772463289389659e+00 9.999428936208631935e-01 2.169139675264330775e-04
3.549771902943908763e+00 9.999450246459039571e-01 2.093325682722748120e-04
3.559771363533729804e+00 9.999470810903551277e-01 2.019966295034398218e-04
3.569770844325198311e+00 9.999490653725398026e-01 1.948989264999697517e-04
3.579770344608485644e+00 9.999509798394755622e-01 1.880324221550075977e-04
3.589769863696884222e+00 9.999528267687298744e-01 1.813902629005941674e-04
3.599769400926122298e+00 9.999546083702354204e-01 1.749657746993525090e-04
3.609768955653697375e+00 9.999563267880657857e-01 1.687524591015129231e-04
3.619768527258224733e+00 9.999579841021718485e-01 1.627439893667302758e-04
3.629768115138806372e+00 9.999595823300796438e-01 1.569342066501433529e-04
3.639767718714414180e+00 9.999611234285505912e-01 1.513171162521244784e-04
3.649767337423289959e+00 9.999626092952044187e-01 1.458868839311650175e-04
3.659766970722363677e+00 9.999640417701057826e-01 1.406378322793400799e-04
3.669766618086684140e+00 9.999654226373142496e-01 1.355644371597926508e-04
3.679766279008866547e+00 9.999667536264000844e-01 1.306613242056745016e-04
3.689765952998556475e+00 9.999680364139240663e-01 1.259232653799780639e-04
3.699765639581905852e+00 9.999692726248844421e-01 1.213451755956898012e-04
3.709765338301064030e+00 9.999704638341292418e-01 1.169221093956923912e-04
3.719765048713684852e+00 9.999716115677366179e-01 1.126492576918391249e-04
3.729764770392443918e+00 9.999727173043622130e-01 1.085219445626206108e-04
3.739764502924571854e+00 9.999737824765552174e-01 1.045356241088398727e-04
3.749764245911400007e+00 9.999748084720431196e-01 1.006858773667083131e-04
3.759763998967917686e+00 9.999757966349857030e-01 9.696840927777139322e-05
3.769763761722343620e+00 9.999767482671992891e-01 9.337904571506904742e-05
3.779763533815707621e+00 9.999776646293513371e-01 8.991373056493235261e-05
3.789763314901445135e+00 9.999785469421265116e-01 8.656852286381442143e-05
3.799763104645003775e+00 9.999793963873635505e-01 8.333959398954997940e-05
3.809762902723459632e+00 9.999802141091654883e-01 8.022322490643480567e-05
3.819762708825145570e+00 9.999810012149814575e-01 7.721580346351300528e-05
3.829762522649290180e+00 9.999817587766625104e-01 7.431382174545696359e-05
3.839762343905666953e+00 9.999824878314909071e-01 7.151387347542202851e-05
3.849762172314253217e+00 9.999831893831836460e-01 6.881265146925505199e-05
3.859762007604900624e+00 9.999838644028709034e-01 6.620694514043364563e-05
3.869761849517012298e+00 9.999845138300498260e-01 6.369363805511022694e-05
3.879761697799231968e+00 9.999851385735140097e-01 6.126970553663319810e-05
3.889761552209142437e+00 9.999857395122593307e-01 5.893221231891530176e-05
3.899761412512970704e+00 9.999863174963662393e-01 5.667831024801765370e-05
3.909761278485303304e+00 9.999868733478599614e-01 5.450523603131625106e-05
3.919761149908810527e+00 9.999874078615479389e-01 5.241030903361669117e-05
3.929761026573977745e+00 9.999879218058354002e-01 5.039092911958150767e-05
3.939760908278846507e+00 9.999884159235200576e-01 4.844457454183390073e-05
3.949760794828760524e+00 9.999888909325653774e-01 4.656879987410099403e-05
3.959760686036122745e+00 9.999893475268536447e-01 4.476123398875929069e-05
3.969760581720157333e+00 9.999897863769192652e-01 4.301957807814512220e-05
3.979760481706680064e+00 9.999902081306619728e-01 4.134160371899282344e-05
3.989760385827875844e+00 9.999906134140413849e-01 3.972515097936385459e-05
3.999760293922081988e+00 9.999910028317523514e-01 3.816812656743072814e-05
4.009760205833578617e+00 9.999913769678826503e-01 3.666850202148041858e-05
4.019760121412387477e+00 9.999917363865520326e-01 3.522431194050317963e-05
4.029760040514073438e+00 9.999920816325345019e-01 3.383365225473388625e-05
4.039759962999554865e+00 9.999924132318627201e-01 3.249467853551482800e-05
4.049759888734920210e+00 9.999927316924165366e-01 3.120560434385052023e-05
4.059759817591246822e+00 9.999930375044946418e-01 2.996469961702740681e-05
4.069759749444431307e+00 9.999933311413703452e-01 2.877028909267342199e-05
4.079759684175018108e+00 9.999936130598319206e-01 2.762075076963508278e-05
4.089759621668040523e+00 9.999938837007075199e-01 2.651451440505246654e-05
4.099759561812862607e+00 9.999941434893757641e-01 2.545006004701543388e-05
4.109759504503026406e+00 9.999943928362611256e-01 2.442591660218768225e-05
4.119759449636106297e+00 9.999946321373155422e-01 2.344066043778856337e-05
4.129759397113564212e+00 9.999948617744863766e-01 2.249291401732628022e-05
4.139759346840614640e+00 9.999950821161702752e-01 2.158134456947984051e-05
4.149759298726090506e+00 9.999952935176549262e-01 2.070466278953119190e-05
4.159759252682312614e+00 9.999954963215467174e-01 1.986162157275310169e-05
4.169759208624967073e+00 9.999956908581869586e-01 1.905101477916277828e-05
4.179759166472983622e+00 9.999958774460553368e-01 1.827167602905574841e-05
4.189759126148419277e+00 9.999960563921617140e-01 1.752247752873922700e-05
4.199759087576344641e+00 9.999962279924260455e-01 1.680232892588910237e-05
4.209759050684735548e+00 9.999963925320473068e-01 1.611017619395969073e-05
4.219759015404369151e+00 9.999965502858614297e-01 1.544500054508063172e-05
4.229758981668719109e+00 9.999967015186881358e-01 1.480581737088058719e-05
4.239758949413859668e+00 9.999968464856675565e-01 1.419167521068288778e-05
4.249758918578368849e+00 9.999969854325869711e-01 1.360165474652389549e-05
4.259758889103236967e+00 9.999971185961969988e-01 1.303486782445054327e-05
4.269758860931777811e+00 9.999972462045184640e-01 1.249045650155936167e-05
4.279758834009544266e+00 9.999973684771401583e-01 1.196759211824524397e-05
4.289758808284242164e+00 9.999974856255067213e-01 1.146547439513428451e-05
4.299758783705653897e+00 9.999975978531983056e-01 1.098333055418112532e-05
4.309758760225559371e+00 9.999977053562012497e-01 1.052041446341753785e-05
4.319758737797660508e+00 9.999978083231703119e-01 1.007600580484526016e-05
4.329758716377510197e+00 9.999979069356826900e-01 9.649409264972513291e-06
4.339758695922443898e+00 9.999980013684841573e-01 9.239953747500120947e-06
4.349758676391510370e+00 9.999980917897276500e-01 8.846991607669654829e-06
4.359758657745407717e+00 9.999981783612035269e-01 8.469897907792682369e-06
4.369758639946422107e+00 9.999982612385633907e-01 8.108069693486778394e-06
4.379758622958365599e+00 9.999983405715362483e-01 7.760925290150725000e-06
4.389758606746519298e+00 9.999984165041380102e-01 7.427903619218025606e-06
4.399758591277576514e+00 9.999984891748738836e-01 7.108463533734639681e-06
4.409758576519589468e+00 9.999985587169346601e-01 6.802083172813670018e-06
4.419758562441915117e+00 9.999986252583862312e-01 6.508259334526548806e-06
4.429758549015167191e+00 9.999986889223532183e-01 6.226506866797115325e-06
4.439758536211166451e+00 9.999987498271966091e-01 5.956358075871861084e-06
4.449758524002894511e+00 9.999988080866852869e-01 5.697362151946475778e-06
4.459758512364447647e+00 9.999988638101621197e-01 5.449084611535703689e-06
4.469758501270995055e+00 9.999989171027044987e-01 5.211106756180410725e-06
4.479758490698736217e+00 9.999989680652796586e-01 4.983025147092622455e-06
4.489758480624859160e+00 9.999990167948944464e-01 4.764451095346148509e-06
4.499758471027503148e+00 9.999990633847406496e-01 4.555010167227274761e-06
4.509758461885721381e+00 9.999991079243348846e-01 4.354341704366818259e-06
4.519758453179443691e+00 9.999991504996541547e-01 4.162098358281640684e-06
4.529758444889442792e+00 9.999991911932666344e-01 3.977945638960516960e-06
4.539758436997301416e+00 9.999992300844580129e-01 3.801561477135978930e-06
4.549758429485378564e+00 9.999992672493538404e-01 3.632635799890488818e-06
4.559758422336778416e+00 9.999993027610368790e-01 3.470870119251959068e-06
4.569758415535322804e+00 9.999993366896614555e-01 3.315977133440283968e-06
4.579758409065520119e+00 9.999993691025632625e-01 3.167680340433133278e-06
4.589758402912537782e+00 9.999994000643652736e-01 3.025713663525803543e-06
4.599758397062177373e+00 9.999994296370803282e-01 2.889821088566423745e-06
4.609758391500847985e+00 9.999994578802099410e-01 2.759756312554247274e-06
4.619758386215540469e+00 9.999994848508397816e-01 2.635282403295154777e-06
4.629758381193806116e+00 9.999995106037316006e-01 2.516171469814817630e-06
4.639758376423731789e+00 9.999995351914122699e-01 2.402204343236245782e-06
4.649758371893918607e+00 9.999995586642591583e-01 2.293170267834642287e-06
4.659758367593462403e+00 9.999995810705829546e-01 2.188866601988636306e-06
4.669758363511930632e+00 9.999996024567072705e-01 2.089098528753037483e-06
4.679758359639344611e+00 9.999996228670454679e-01 1.993678775784261717e-06
4.689758355966160863e+00 9.999996423441748217e-01 1.902427344355516956e-06
4.699758352483253354e+00 9.999996609289079075e-01 1.815171247204699267e-06
4.709758349181894843e+00 9.999996786603613241e-01 1.731744254963744023e-06
4.719758346053741782e+00 9.999996955760221962e-01 1.651986650923892805e-06
4.729758343090816552e+00 9.999997117118121226e-01 1.575744993896978517e-06
4.739758340285494143e+00 9.999997271021486833e-01 1.502871888938394056e-06
4.749758337630485272e+00 9.999997417800047250e-01 1.433225765702899776e-06
4.759758335118824846e+00 9.999997557769656487e-01 1.366670664209827923e-06
4.769758332743855966e+00 9.999997691232844765e-01 1.303076027799573089e-06
4.779758330499218388e+00 9.999997818479349210e-01 1.242316503068505050e-06
4.789758328378835195e+00 9.999997939786622325e-01 1.184271746574604318e-06
4.799758326376901252e+00 9.999998055420324938e-01 1.128826238111208215e-06
4.809758324487869885e+00 9.999998165634800262e-01 1.075869100351255963e-06
4.819758322706445774e+00 9.999998270673529088e-01 1.025293924669342519e-06
4.829758321027569856e+00 9.999998370769566103e-01 9.769986029537291725e-07
4.839758319446412216e+00 9.999998466145965104e-01 9.308851652252107382e-07
4.849758317958360543e+00 9.999998557016183121e-01 8.868596228844161049e-07
4.859758316559011249e+00 9.999998643584468994e-01 8.448318174137017462e-07
4.869758315244160585e+00 9.999998726046243069e-01 8.047152743643095367e-07
4.879758314009796649e+00 9.999998804588456913e-01 7.664270624638788620e-07
4.889758312852090505e+00 9.999998879389938589e-01 7.298876576837467042e-07
4.899758311767387298e+00 9.999998950621730165e-01 6.950208121097246678e-07
4.909758310752199151e+00 9.999999018447406351e-01 6.617534274642201095e-07
4.919758309803198948e+00 9.999999083023385360e-01 6.300154331316614012e-07
4.929758308917212339e+00 9.999999144499224224e-01 5.997396685432010204e-07
4.939758308091211525e+00 9.999999203017905236e-01 5.708617697806010292e-07
4.949758307322308148e+00 9.999999258716109063e-01 5.433200602630586582e-07
4.959758306607747080e+00 9.999999311724478979e-01 5.170554453844994292e-07
4.969758305944901977e+00 9.999999362167872885e-01 4.920113109725604347e-07
4.979758305331268176e+00 9.999999410165608671e-01 4.681334254440981900e-07
4.989758304764456476e+00 9.999999455831694029e-01 4.453698455355929522e-07
4.999758304242190476e+00 9.999999499275055159e-01 4.236708254902803082e-07
5.009758303762300358e+00 9.999999540599749936e-01 4.029887295872232519e-07
5.019758303322717552e+00 9.999999579905172187e-01 3.832779479008458957e-07
5.029758302921469415e+00 9.999999617286254860e-01 3.644948151826818719e-07
5.039758302556678338e+00 9.999999652833657660e-01 3.465975327602491154e-07
5.049758302226554640e+00 9.999999686633950224e-01 3.295460933510490974e-07
5.059758301929392132e+00 9.999999718769788659e-01 3.133022086927012103e-07
5.069758301663566336e+00 9.999999749320083176e-01 2.978292398931662325e-07
5.079758301427529155e+00 9.999999778360160185e-01 2.830921304078848774e-07
5.089758301219807102e+00 9.999999805961915511e-01 2.690573415534600541e-07
5.099758301038996855e+00 9.999999832193965377e-01 2.556927904702470609e-07
5.109758300883760818e+00 9.999999857121787405e-01 2.429677904488829810e-07
5.119758300752826230e+00 9.999999880807859398e-01 2.308529935383881541e-07
5.129758300644982505e+00 9.999999903311787008e-01 2.193203353560087207e-07
5.139758300559075010e+00 9.999999924690432529e-01 2.083429820214417283e-07
5.149758300494005958e+00 9.999999944998034795e-01 1.978952791404925035e-07
5.159758300448730850e+00 9.999999964286322429e-01 1.879527027655620294e-07
5.169758300422254926e+00 9.999999982604628190e-01 1.784918122626468785e-07
5.179758300413632277e+00 9.999999999999991118e-01 1.694902050167615315e-07
