0.000000000000000000e+00 0.000000000000000000e+00 4.831039483828298287e-01
2.415519741914149139e-05 4.831039374653232563e-03 4.831039047128474762e-01
9.662078312607746110e-05 9.662077220861289145e-03 4.831035990245034495e-01
2.173967243685491285e-04 1.449310960837863101e-02 4.831027693074996243e-01
3.864829359915756450e-04 1.932412998693547670e-02 4.831011535689775926e-01
6.038792542382592256e-04 2.415512918646556262e-02 4.830984898444523057e-01
8.695854105534408292e-04 2.898609541745105975e-02 4.830945162103077450e-01
1.183601005391455782e-03 3.381701427140024196e-02 4.830889707978532344e-01
1.545925482029394775e-03 3.864786872147352170e-02 4.830815918089393368e-01
1.956558100387432043e-03 4.347863912327341873e-02 4.830721175331306738e-01
2.415497910857937643e-03 4.830930321581407283e-02 4.830602863664337776e-01
2.922743728145247872e-03 5.313983612268573242e-02 4.830458368315770357e-01
3.478294105118119334e-03 5.797021035342986295e-02 4.830285075998388411e-01
4.082147306677051321e-03 6.280039580514019948e-02 4.830080375144207294e-01
4.734301283638814480e-03 6.763035976430525897e-02 4.829841656153601726e-01
5.434753646640673799e-03 7.246006690890770263e-02 4.829566311659784228e-01
6.183501640066955268e-03 7.728947931079574452e-02 4.829251736808575779e-01
6.980542116000749107e-03 8.211855643834201079e-02 4.828895329553400950e-01
7.825871508203701213e-03 8.694725515940494864e-02 4.828494490965440922e-01
8.719485806126999264e-03 9.177552974460795321e-02 4.828046625558862770e-01
9.661380528956795694e-03 9.660333187095120067e-02 4.827549141631041763e-01
1.065155069969747799e-02 1.014306106257712309e-01 4.826999451617682846e-01
1.168999081929633123e-02 1.062573125110629485e-01 4.826394972462739741e-01
1.277669484081330256e-02 1.110833814481789888e-01 4.825733126003023399e-01
1.391165614363970050e-02 1.159087587829209370e-01 4.825011339367384355e-01
1.509486750776982758e-02 1.207333832910370136e-01 4.824227045390337976e-01
1.632632108812968191e-02 1.255571911841404931e-01 4.823377683040003805e-01
1.760600838896700382e-02 1.303801161160631772e-01 4.822460697860213030e-01
1.893392023830710313e-02 1.352020891896580645e-01 4.821473542426629177e-01
2.031004676247900181e-02 1.400230389640649553e-01 4.820413676816723836e-01
2.173437736071660506e-02 1.448428914624529940e-01 4.819278569093432552e-01
2.320690067983975993e-02 1.496615701802536114e-01 4.818065695802311588e-01
2.472760458902012112e-02 1.544789960938971751e-01 4.816772542482001818e-01
2.629647615463698643e-02 1.592950876700669205e-01 4.815396604187799912e-01
2.791350161522828874e-02 1.641097608754826798e-01 4.813935386028122543e-01
2.957866635654213955e-02 1.689229291872275662e-01 4.812386403713646010e-01
3.129195488669440223e-02 1.737345036036299362e-01 4.810747184118883135e-01
3.305335081143792597e-02 1.785443926557131744e-01 4.809015265855955401e-01
3.486283680954913727e-02 1.833525024192251274e-01 4.807188199860307209e-01
3.672039460833791125e-02 1.881587365272592294e-01 4.805263549988097460e-01
3.862600495928661393e-02 1.929629961834785912e-01 4.803238893624988126e-01
4.057964761382451546e-02 1.977651801759545691e-01 4.801111822306046717e-01
4.258130129924362489e-02 2.025651848916306674e-01 4.798879942346460648e-01
4.463094369476239970e-02 2.073629043314223486e-01 4.796540875482758204e-01
4.672855140774365146e-02 2.121582301259633263e-01 4.794092259524208588e-01
4.887409995007319097e-02 2.169510515520080562e-01 4.791531749014074637e-01
5.106756371470580480e-02 2.217412555495003323e-01 4.788857015900372383e-01
5.330891595238532871e-02 2.265287267393172876e-01 4.786065750215781067e-01
5.559812874854552084e-02 2.313133474416976532e-01 4.783155660766339468e-01
5.793517300039872225e-02 2.360949976953629903e-01 4.780124475828552155e-01
6.032001839421919503e-02 2.408735552773401123e-01 4.776969943854513234e-01
6.275263338282825731e-02 2.456488957234923554e-01 4.773689834184651759e-01
6.523298516328826513e-02 2.504208923497673878e-01 4.770281937767686942e-01
6.776103965481271307e-02 2.551894162741681904e-01 4.766744067887370706e-01
7.033676147689969793e-02 2.599543364394543699e-01 4.763074060895588491e-01
7.296011392769602422e-02 2.647155196365790220e-01 4.759269776951368103e-01
7.563105896259944561e-02 2.694728305288678905e-01 4.755329100765352535e-01
7.834955717310637668e-02 2.742261316769452617e-01 4.751249942349266009e-01
8.111556776591263840e-02 2.789752835644117024e-01 4.747030237769901961e-01
8.392904854227477285e-02 2.837201446242776925e-01 4.742667949907146685e-01
8.678995587763946307e-02 2.884605712661574284e-01 4.738161069215549026e-01
8.969824470154870444e-02 2.931964179042254037e-01 4.733507614488927651e-01
9.265386847782841606e-02 2.979275369859391565e-01 4.728705633627508509e-01
9.565677918506806932e-02 3.026537790215300117e-01 4.723753204407065698e-01
9.870692729739906357e-02 3.073749926142639310e-01 4.718648435249540030e-01
1.018042617655796206e-01 3.120910244914733567e-01 4.713389465994593519e-01
1.049487299983938027e-01 3.168017195363608818e-01 4.707974468671555224e-01
1.081402778443724677e-01 3.215069208205748597e-01 4.702401648271202217e-01
1.113788495738438217e-01 3.262064696375565065e-01 4.696669243516813363e-01
1.146643878613212708e-01 3.309002055366572770e-01 4.690775527633931907e-01
1.179968337682363172e-01 3.355879663580254579e-01 4.684718809118254002e-01
1.213761267260241722e-01 3.402695882682590378e-01 4.678497432501065867e-01
1.248022045195697205e-01 3.449449057968230203e-01 4.672109779111642824e-01
1.282750032710213706e-01 3.496137518732269633e-01 4.665554267836015678e-01
1.317944574239806599e-01 3.542759578649593566e-01 4.658829355871506039e-01
1.353604997280747346e-01 3.589313536161742868e-01 4.651933539476429957e-01
1.389730612239196417e-01 3.635797674871250607e-01 4.644865354714363126e-01
1.426320712284815384e-01 3.682210263943389572e-01 4.637623378192358148e-01
1.463374573208433560e-01 3.728549558515272255e-01 4.630206227792502127e-01
1.500891453283842714e-01 3.774813800112228335e-01 4.622612563396197860e-01
1.538870593133790654e-01 3.821001217071385847e-01 4.614841087600554115e-01
1.577311215600247507e-01 3.867110024972376103e-01 4.606890546426266053e-01
1.616212525619012963e-01 3.913138427075070758e-01 4.598759730016364622e-01
1.655573710098736662e-01 3.959084614764258325e-01 4.590447473325220962e-01
1.695393937804419437e-01 4.004946768001160229e-01 4.581952656797181889e-01
1.735672359245462870e-01 4.050723055781677573e-01 4.573274207034221384e-01
1.776408106568334866e-01 4.096411636601258177e-01 4.564411097451993582e-01
1.817600293453917604e-01 4.142010658926261746e-01 4.555362348923668314e-01
1.859248015019598632e-01 4.187518261671703268e-01 4.546127030410943570e-01
1.901350347726173673e-01 4.232932574685235871e-01 4.536704259581624266e-01
1.943906349289617197e-01 4.278251719237242123e-01 4.527093203413161682e-01
1.986915058597785722e-01 4.323473808516887229e-01 4.517293078781560722e-01
2.030375495632110172e-01 4.368596948133985913e-01 4.507303153035054355e-01
2.074286661394335318e-01 4.413619236626528108e-01 4.497122744551961815e-01
2.118647537838361794e-01 4.458538765973699691e-01 4.486751223282148260e-01
2.163457087807245938e-01 4.503353622114235622e-01 4.476188011271510225e-01
2.208714254975408242e-01 4.548061885469930066e-01 4.465432583168924552e-01
2.254417963796102320e-01 4.592661631474125872e-01 4.454484466715097901e-01
2.300567119454193510e-01 4.637150931104998541e-01 4.443343243212772298e-01
2.347160607824291811e-01 4.681527851423448183e-01 4.432008547977747681e-01
2.394197295434288275e-01 4.725790456115404603e-01 4.420480070770190784e-01
2.441676029434333428e-01 4.769936806038342358e-01 4.408757556205714634e-01
2.489595637571302700e-01 4.813964959771803720e-01 4.396840804145722981e-01
2.537954928168785207e-01 4.857872974171721925e-01 4.384729670066525031e-01
2.586752690112634756e-01 4.901658904928324345e-01 4.372424065406740890e-01
2.635987692842116092e-01 4.945320807127400187e-01 4.359923957892530844e-01
2.685658686346680257e-01 4.988856735814708454e-01 4.347229371840193313e-01
2.735764401168398474e-01 5.032264746563296365e-01 4.334340388435695135e-01
2.786303548410082320e-01 5.075542896043495622e-01 4.321257145990709536e-01
2.837274819749117660e-01 5.118689242595361177e-01 4.307979840174754327e-01
2.888676887457033438e-01 5.161701846803308236e-01 4.294508724223040086e-01
2.940508404424825306e-01 5.204578772072705473e-01 4.280844109119650853e-01
2.992768004194057418e-01 5.247318085208177996e-01 4.266986363755704281e-01
3.045454300993750696e-01 5.289917856993360257e-01 4.252935915062147076e-01
3.098565889783077565e-01 5.332376162771851336e-01 4.238693248116866541e-01
3.152101346299871487e-01 5.374691083029115024e-01 4.224258906225818455e-01
3.206059227114956278e-01 5.416860703975052704e-01 4.209633490977881531e-01
3.260438069692306318e-01 5.458883118126999223e-01 4.194817662273180314e-01
3.315236392455036540e-01 5.500756424892864205e-01 4.179812138324629500e-01
3.370452694857222764e-01 5.542478731154156790e-01 4.164617695632479299e-01
3.426085457461551798e-01 5.584048151848615138e-01 4.149235168931652562e-01
3.482133142022794670e-01 5.625462810552179782e-01 4.133665451111699363e-01
3.538594191577093540e-01 5.666720840060022191e-01 4.117909493109204733e-01
3.595467030537055630e-01 5.707820382966362072e-01 4.101968303772509650e-01
3.652750064792635309e-01 5.748759592242795868e-01 4.085842949698631488e-01
3.710441681817793769e-01 5.789536631814846679e-01 4.069534555042285673e-01
3.768540250782911327e-01 5.830149677136474695e-01 4.053044301296938046e-01
3.827044122672935145e-01 5.870596915762249512e-01 4.036373427047838525e-01
3.885951630411235147e-01 5.910876547916918966e-01 4.019523227697006651e-01
3.945261088989143183e-01 5.950986787062084726e-01 4.002495055160164572e-01
4.004970795601139333e-01 5.990925860459703767e-01 3.985290317535639115e-01
4.065079029785660936e-01 6.030692009732147030e-01 3.967910478745267366e-01
4.125584053571491050e-01 6.070283491418519972e-01 3.950357058147380140e-01
4.186484111629689697e-01 6.109698577526976315e-01 3.932631630121940502e-01
4.247777431431029593e-01 6.148935556082744114e-01 3.914735823627954470e-01
4.309462223408886961e-01 6.187992731671591029e-01 3.896671321733285454e-01
4.371536681127545232e-01 6.226868425978444588e-01 3.878439861117027876e-01
4.433998981455858357e-01 6.265560978320903196e-01 3.860043231544621478e-01
4.496847284746221529e-01 6.304068746177363680e-01 3.841483275315907275e-01
4.560079735018798264e-01 6.342390105709492243e-01 3.822761886686349975e-01
4.623694460150939434e-01 6.380523452278776819e-01 3.803881011261672773e-01
4.687689572071738753e-01 6.418467200956892160e-01 3.784842645366179315e-01
4.752063166961660867e-01 6.456219787029620072e-01 3.765648835385046467e-01
4.816813325457172668e-01 6.493779666494061686e-01 3.746301677080908221e-01
4.881938112860314538e-01 6.531145316548887525e-01 3.726803314885063223e-01
4.947435579353137713e-01 6.568315236077378882e-01 3.707155941163661206e-01
5.013303760216932803e-01 6.605287946123001852e-01 3.687361795459246361e-01
5.079540676056180093e-01 6.642061990357278622e-01 3.667423163708056211e-01
5.146144333027133921e-01 6.678635935539711799e-01 3.647342377433493987e-01
5.213112723070970622e-01 6.715008371969525269e-01 3.627121812916209165e-01
5.280443824151407339e-01 6.751177913928991803e-01 3.606763890341248002e-01
5.348135600496713993e-01 6.787143200118118669e-01 3.586271072922748160e-01
5.416186002846026248e-01 6.822902894080469238e-01 3.565645866006670328e-01
5.484592968699876225e-01 6.858455684619907400e-01 3.544890816152082569e-01
5.553354422574835469e-01 6.893800286208047190e-01 3.524008510191527499e-01
5.622468276262193587e-01 6.928935439382203354e-01 3.503001574271016327e-01
5.691932429090562628e-01 6.963859911133642999e-01 3.481872672870217622e-01
5.761744768192318400e-01 6.998572495285944051e-01 3.460624507803417016e-01
5.831903168773773238e-01 7.033072012863267330e-01 3.439259817201846814e-01
5.902405494388980323e-01 7.067357312448362405e-01 3.417781374477990575e-01
5.973249597217064055e-01 7.101427270530130675e-01 3.396191987272492718e-01
6.044433318342978811e-01 7.135280791840568071e-01 3.374494496384303210e-01
6.115954488041577264e-01 7.168916809680933033e-01 3.352691774684716242e-01
6.187810926064888362e-01 7.202334286236977690e-01 3.330786726015956822e-01
6.260000441932493942e-01 7.235532212883084568e-01 3.308782284074999192e-01
6.332520835224887401e-01 7.268509610475175631e-01 3.286681411283295384e-01
6.405369895879707842e-01 7.301265529632251505e-01 3.264487097643110625e-01
6.478545404490728687e-01 7.333799051006425485e-01 3.242202359581175530e-01
6.552045132609491951e-01 7.366109285541336815e-01 3.219830238780365672e-01
6.625866843049466048e-01 7.398195374718825601e-01 3.197373801000129023e-01
6.700008290192612792e-01 7.430056490793752744e-01 3.174836134886399042e-01
6.774467220298241443e-01 7.461691837016876105e-01 3.152220350771722246e-01
6.849241371814032142e-01 7.493100647845678530e-01 3.129529579466348577e-01
6.924328475689105478e-01 7.524282189143065569e-01 3.106766971041031722e-01
6.999726255689020515e-01 7.555235758363852971e-01 3.083935693602293249e-01
7.075432428712574717e-01 7.585960684728970671e-01 3.061038932060906048e-01
7.151444705110285849e-01 7.616456329387324420e-01 3.038079886894362591e-01
7.227760789004428199e-01 7.646722085565252902e-01 3.015061772904086834e-01
7.304378378610503209e-01 7.676757378703531476e-01 2.991987817968157493e-01
7.381295166560015719e-01 7.706561666581889236e-01 2.968861261790307626e-01
7.458508840224433722e-01 7.736134439430998322e-01 2.945685354645971032e-01
7.536017082040207260e-01 7.765475220031908821e-01 2.922463356126139278e-01
7.613817569834716581e-01 7.794583563802919279e-01 2.899198533879796535e-01
7.691907977153024101e-01 7.823459058873866168e-01 2.875894162355697170e-01
7.770285973585311368e-01 7.852101326147830074e-01 2.852553521544249904e-01
7.848949225094867810e-01 7.880510019350263073e-01 2.829179895720263516e-01
7.927895394346505809e-01 7.908684825065557256e-01 2.805776572187317353e-01
8.007122141035282192e-01 7.936625462761058847e-01 2.782346840024502166e-01
8.086627122215394037e-01 7.964331684798574562e-01 2.758893988836281785e-01
8.166407992629131085e-01 7.991803276433385728e-01 2.735421307506216149e-01
8.246462405035752674e-01 8.019040055800830125e-01 2.711932082955283430e-01
8.326788010540168150e-01 8.046041873890487084e-01 2.688429598905525131e-01
8.407382458921301982e-01 8.072808614508035774e-01 2.664917134649745223e-01
8.488243398960008124e-01 8.099340194224833311e-01 2.641397963827965545e-01
8.569368478766429265e-01 8.125636562315302625e-01 2.617875353211354672e-01
8.650755346106659971e-01 8.151697700682200010e-01 2.594352561494318032e-01
8.732401648728608246e-01 8.177523623769840100e-01 2.570832838095442607e-01
8.814305034686925611e-01 8.203114378465384826e-01 2.547319421967970121e-01
8.896463152666894691e-01 8.228470043988282967e-01 2.523815540420465964e-01
8.978873652307148845e-01 8.253590731767971311e-01 2.500324407948343319e-01
9.061534184521111701e-01 8.278476585309950675e-01 2.476849225076880323e-01
9.144442401817043375e-01 8.303127780050348905e-01 2.453393177216369458e-01
9.227595958616566785e-01 8.327544523199097437e-01 2.429959433530015644e-01
9.310992511571579699e-01 8.351727053571859072e-01 2.406551145815190307e-01
9.394629719879421526e-01 8.375675641410830208e-01 2.383171447398638454e-01
9.478505245596200446e-01 8.399390588194574070e-01 2.359823452046216075e-01
9.562616753948156578e-01 8.422872226437020382e-01 2.336510252887727956e-01
9.646961913640970110e-01 8.446120919475795796e-01 2.313234921357414375e-01
9.731538397166894505e-01 8.469137061250038290e-01 2.290000506150628723e-01
9.816343881109618197e-01 8.491921076067859842e-01 2.266810032197225933e-01
9.901376046446745960e-01 8.514473418363629476e-01 2.243666499652171020e-01
9.986632578849811148e-01 8.536794572445253193e-01 2.220572882903857348e-01
1.007211116898170333e+00 8.558885052231623991e-01 2.197532129600613948e-01
1.015780951279142474e+00 8.580745400980430704e-01 2.174547159695860155e-01
1.024372531180608004e+00 8.602376191006514405e-01 2.151620864512350795e-01
1.032985627341999946e+00 8.623778023390965553e-01 2.128756105825941047e-01
1.041620011118090883e+00 8.644951527681156156e-01 2.105955714969280079e-01
1.050275454507305639e+00 8.665897361581907932e-01 2.083222491955826483e-01
1.058951730179720663e+00 8.686616210638010704e-01 2.060559204624564933e-01
1.067648611504741663e+00 8.707108787908286462e-01 2.037968587805779053e-01
1.076365872578451288e+00 8.727375833631421109e-01 2.015453342508226886e-01
1.085103288250618636e+00 8.747418114883774853e-01 1.993016135128039545e-01
1.093860634151362365e+00 8.767236425229392172e-01 1.970659596679652237e-01
1.102637686717460319e+00 8.786831584362432279e-01 1.948386322049056318e-01
1.111434223218298101e+00 8.806204437742246594e-01 1.926198869269643843e-01
1.120250021781448169e+00 8.825355856221324125e-01 1.904099758820897437e-01
1.129084861417874786e+00 8.844286735666344601e-01 1.882091472950162825e-01
1.137938522046755052e+00 8.862997996572561377e-01 1.860176455017721053e-01
1.146810784519913140e+00 8.881490583671755035e-01 1.838357108865361633e-01
1.155701430645857064e+00 8.899765465533988618e-01 1.816635798208637298e-01
1.164610243213416219e+00 8.917823634163407620e-01 1.795014846052966351e-01
1.173537006014970352e+00 8.935666104588317893e-01 1.773496534133730540e-01
1.182481503869267092e+00 8.953293914445785706e-01 1.752083102380494195e-01
1.191443522643820030e+00 8.970708123561003111e-01 1.730776748405460086e-01
1.200422849276885140e+00 8.987909813521656188e-01 1.709579627016253600e-01
1.209419271799008211e+00 9.004900087247547091e-01 1.688493849753112674e-01
1.218432579354139733e+00 9.021680068555706367e-01 1.667521484450543157e-01
1.227462562220313025e+00 9.038250901721246455e-01 1.646664554823480953e-01
1.236509011829881155e+00 9.054613751034198410e-01 1.625925040077985939e-01
1.245571720789308445e+00 9.070769800352579404e-01 1.605304874546477634e-01
1.254650482898513886e+00 9.086720252651936391e-01 1.584805947347500965e-01
1.263745093169761802e+00 9.102466329571604620e-01 1.564430102070000494e-01
1.272855347846097551e+00 9.118009270957938561e-01 1.544179136482058678e-01
1.281981044419324922e+00 9.133350334404745086e-01 1.524054802264041830e-01
1.291121981647523009e+00 9.148490794791178660e-01 1.504058804766080504e-01
1.300277959572098796e+00 9.163431943817321734e-01 1.484192802789793819e-01
1.309448779534376106e+00 9.178175089537712328e-01 1.464458408394154754e-01
1.318634244191714933e+00 9.192721555893047514e-01 1.444857186725372333e-01
1.327834157533163806e+00 9.207072682240300399e-01 1.425390655870660828e-01
1.337048324894639872e+00 9.221229822881503724e-01 1.406060286735741627e-01
1.346276552973638019e+00 9.235194346591417691e-01 1.386867502945916264e-01
1.355518649843467260e+00 9.248967636144327376e-01 1.367813680770529061e-01
1.364774424967013067e+00 9.262551087840206199e-01 1.348900149070630106e-01
1.374043689210026287e+00 9.275946111030461960e-01 1.330128189269629557e-01
1.383326254853937121e+00 9.289154127643514114e-01 1.311499035346725683e-01
1.392621935608195249e+00 9.302176571710409902e-01 1.293013873852872642e-01
1.401930546622134788e+00 9.315014888890713607e-01 1.274673843949043761e-01
1.411251904496366505e+00 9.327670535998892065e-01 1.256480037466532751e-01
1.420585827293695980e+00 9.340144980531410734e-01 1.238433498989021386e-01
1.429932134549569467e+00 9.352439700194755678e-01 1.220535225956134728e-01
1.439290647282048807e+00 9.364556182434599085e-01 1.202786168788189947e-01
1.448661188001314937e+00 9.376495923966320367e-01 1.185187231031834681e-01
1.458043580718704435e+00 9.388260430307078241e-01 1.167739269526261031e-01
1.467437650955277340e+00 9.399851215309656949e-01 1.150443094589670007e-01
1.476843225749920885e+00 9.411269800698268684e-01 1.133299470225652833e-01
1.486260133666989613e+00 9.422517715606522071e-01 1.116309114349142706e-01
1.495688204803484744e+00 9.433596496117745422e-01 1.099472699031586037e-01
1.505127270795775019e+00 9.444507684807855741e-01 1.082790850764969309e-01
1.514577164825862132e+00 9.455252830290963306e-01 1.066264150744330591e-01
1.524037721627192532e+00 9.465833486767888383e-01 1.049893135168378094e-01
1.533508777490020014e+00 9.476251213577776555e-01 1.033678295557828586e-01
1.542990170266321126e+00 9.486507574752980343e-01 1.017620079091071383e-01
1.552481739374266922e+00 9.496604138577389165e-01 1.001718888956757703e-01
1.561983325802255740e+00 9.506542477148359760e-01 9.859750847229079018e-02
1.571494772112508542e+00 9.516324165942425806e-01 9.703889827221230668e-02
1.581015922444233279e+00 9.525950783384932175e-01 9.549608564524823817e-02
1.590546622516359809e+00 9.535423910423760363e-01 9.396909369936998213e-02
1.600086719629850940e+00 9.544745130107288311e-01 9.245794134381132845e-02
1.609636062669594025e+00 9.553916027166727831e-01 9.096264333360691567e-02
1.619194502105876676e+00 9.562938187602995077e-01 8.948321031552662619e-02
1.628761889995451684e+00 9.571813198278231738e-01 8.801964887536153914e-02
1.638338079982196493e+00 9.580542646512132388e-01 8.657196158651694895e-02
1.647922927297370554e+00 9.589128119683182350e-01 8.514014705986755471e-02
1.657516288759476986e+00 9.597571204834952630e-01 8.372419999482967612e-02
1.667118022773732777e+00 9.605873488287554052e-01 8.232411123160515709e-02
1.676727989331153523e+00 9.614036555254377170e-01 8.093986780455134089e-02
1.686346050007257125e+00 9.622061989464218978e-01 7.957145299663143101e-02
1.695972067960392460e+00 9.629951372788911890e-01 7.821884639489944113e-02
1.705605907929699017e+00 9.637706284876547125e-01 7.688202394697371544e-02
1.715247436232701483e+00 9.645328302790393549e-01 7.556095801845323645e-02
1.724896520762547292e+00 9.652819000653607429e-01 7.425561745123047952e-02
1.734553030984891109e+00 9.660179949299807500e-01 7.296596762265519787e-02
1.744216837934432940e+00 9.667412715929618594e-01 7.169197050550296657e-02
1.753887814211116503e+00 9.674518863773240440e-01 7.043358472870293874e-02
1.763565833975991648e+00 9.681499951759130473e-01 6.919076563877891994e-02
1.773250772946750597e+00 9.688357534188863918e-01 6.796346536195851940e-02
1.782942508392939995e+00 9.695093160418234435e-01 6.675163286690491415e-02
1.792640919130859434e+00 9.701708374544660840e-01 6.555521402802617914e-02
1.802345885518148449e+00 9.708204715100946514e-01 6.437415168931742704e-02
1.812057289448072206e+00 9.714583714755453681e-01 6.320838572869126593e-02
1.821775014343509413e+00 9.720846900018728087e-01 6.205785312275225590e-02
1.831498945150650481e+00 9.726995790956624033e-01 6.092248801197162889e-02
1.841228968332412341e+00 9.733031900909966394e-01 5.980222176621879243e-02
1.850964971861575714e+00 9.738956736220778510e-01 5.869698305060652016e-02
1.860706845213652594e+00 9.744771795965112560e-01 5.760669789160723780e-02
1.870454479359489275e+00 9.750478571692496876e-01 5.653128974339822338e-02
1.880207766757611809e+00 9.756078547172036819e-01 5.547067955439409503e-02
1.889966601346322328e+00 9.761573198145166996e-01 5.442478583392533487e-02
1.899730878535549783e+00 9.766963992085084811e-01 5.339352471902232555e-02
1.909500495198464654e+00 9.772252387962859776e-01 5.237681004126478607e-02
1.919275349662862062e+00 9.777439836020234143e-01 5.137455339365711027e-02
1.929055341702322623e+00 9.782527777549105963e-01 5.038666419749078529e-02
1.938840372527154132e+00 9.787517644677703466e-01 4.941304976915557312e-02
1.948630344775124312e+00 9.792410860163428543e-01 4.845361538686192987e-02
1.958425162501989281e+00 9.797208837192369346e-01 4.750826435723762980e-02
1.968224731171824171e+00 9.801912979185468666e-01 4.657689808176244950e-02
1.978028957647164576e+00 9.806524679611319240e-01 4.565941612300522534e-02
1.987837750178962581e+00 9.811045321805575981e-01 4.475571627062858299e-02
1.997651018396366940e+00 9.815476278796956278e-01 4.386569460712713003e-02
2.007468673296331829e+00 9.819818913139796157e-01 4.298924557326578438e-02
2.017290627233060629e+00 9.824074576753135668e-01 4.212626203318568102e-02
2.027116793907294046e+00 9.828244610766296852e-01 4.127663533914577298e-02
2.036947088355445246e+00 9.832330345370917657e-01 4.044025539586914436e-02
2.046781426938590442e+00 9.836333099679394065e-01 3.961701072446374705e-02
2.056619727331322700e+00 9.840254181589700444e-01 3.880678852588819588e-02
2.066461908510472067e+00 9.844094887656525961e-01 3.800947474393393671e-02
2.076307890743699147e+00 9.847856502968684866e-01 3.722495412769608741e-02
2.086157595577972756e+00 9.851540301032749580e-01 3.645311029350588317e-02
2.096010945827930794e+00 9.855147543662846621e-01 3.569382578629876068e-02
2.105867865564134966e+00 9.858679480876562096e-01 3.494698214039268502e-02
2.115728280101225600e+00 9.862137350796890134e-01 3.421245993965237042e-02
2.125592115985980080e+00 9.865522379560173194e-01 3.349013887701585146e-02
2.135459300985282471e+00 9.868835781229957638e-01 3.277989781336063807e-02
2.145329764074010548e+00 9.872078757716700181e-01 3.208161483568769401e-02
2.155203435422844649e+00 9.875252498703263049e-01 3.139516731460222088e-02
2.165080246386005491e+00 9.878358181576115671e-01 3.072043196107112836e-02
2.174960129488924920e+00 9.881396971362180759e-01 3.005728488243799429e-02
2.184843018415858040e+00 9.884370020671239265e-01 2.940560163767708124e-02
2.194728847997438947e+00 9.887278469643824286e-01 2.876525729186892033e-02
2.204617554198188500e+00 9.890123445904521748e-01 2.813612646988079488e-02
2.214509074103976349e+00 9.892906064520601284e-01 2.751808340923631718e-02
2.224403345909445662e+00 9.895627427965887346e-01 2.691100201215916587e-02
2.234300308905403654e+00 9.898288626089800646e-01 2.631475589677686674e-02
2.244199903466183699e+00 9.900890736091471078e-01 2.572921844747136366e-02
2.254102071036983901e+00 9.903434822498845547e-01 2.515426286436400066e-02
2.264006754121188347e+00 9.905921937152696310e-01 2.458976221192326825e-02
2.273913896267673262e+00 9.908353119195455472e-01 2.403558946668462107e-02
2.283823442058105169e+00 9.910729395064764580e-01 2.349161756407237497e-02
2.293735337094234605e+00 9.913051778491669408e-01 2.295771944431459349e-02
2.303649527985191625e+00 9.915321270503356654e-01 2.243376809744261624e-02
2.313565962334783954e+00 9.917538859430349296e-01 2.191963660736768321e-02
2.323484588728805811e+00 9.919705520918054020e-01 2.141519819502793118e-02
2.333405356722360935e+00 9.921822217942587452e-01 2.092032626059974268e-02
2.343328216827202937e+00 9.923889900830767941e-01 2.043489442476824694e-02
2.353253120499096962e+00 9.925909507284192967e-01 1.995877656905251096e-02
2.363180020125209335e+00 9.927881962407297811e-01 1.949184687518164608e-02
2.373108869011524735e+00 9.929808178739306657e-01 1.903397986351886700e-02
2.383039621370299344e+00 9.931689056289975115e-01 1.858505043053117894e-02
2.392972232307551295e+00 9.933525482579038668e-01 1.814493388530310364e-02
2.402906657810590207e+00 9.935318332679256015e-01 1.771350598509353544e-02
2.412842854735595122e+00 9.937068469262966275e-01 1.729064296993550534e-02
2.422780780795237288e+00 9.938776742652056795e-01 1.687622159627924501e-02
2.432720394546356690e+00 9.940443990871246083e-01 1.647011916967965756e-02
2.442661655377693641e+00 9.942071039704589719e-01 1.607221357652986390e-02
2.452604523497675881e+00 9.943658702755111545e-01 1.568238331484315615e-02
2.462548959922270075e+00 9.945207781507464651e-01 1.530050752408626362e-02
2.472494926462895926e+00 9.946719065393527792e-01 1.492646601406743753e-02
2.482442385714406452e+00 9.948193331860848421e-01 1.456013929288341863e-02
2.492391301043139773e+00 9.949631346443824631e-01 1.420140859392991436e-02
2.502341636575042827e+00 9.951033862837551647e-01 1.385015590198074645e-02
2.512293357183869258e+00 9.952401622974221818e-01 1.350626397834135337e-02
2.522246428479456348e+00 9.953735357101998193e-01 1.316961638508283051e-02
2.532200816796081444e+00 9.955035783866265087e-01 1.284009750836320046e-02
2.542156489180900536e+00 9.956303610393165693e-01 1.251759258084304827e-02
2.552113413382471663e+00 9.957539532375332403e-01 1.220198770320315117e-02
2.562071557839365354e+00 9.958744234159730979e-01 1.189316986477213789e-02
2.572030891668863450e+00 9.959918388837518677e-01 1.159102696327266036e-02
2.581991384655749844e+00 9.961062658335835263e-01 1.129544782369495612e-02
2.591953007241191820e+00 9.962177693511435894e-01 1.100632221630708056e-02
2.601915730511717761e+00 9.963264134246085924e-01 1.072354087381145737e-02
2.611879526188291667e+00 9.964322609543625475e-01 1.044699550765774629e-02
2.621844366615482258e+00 9.965353737628624975e-01 1.017657882352239473e-02
2.631810224750735561e+00 9.966358126046547250e-01 9.912184535965538543e-03
2.641777074153746074e+00 9.967336371765337377e-01 9.653707382276235927e-03
2.651744888975929637e+00 9.968289061278351459e-01 9.401043135517327815e-03
2.661713643950001984e+00 9.969216770708555497e-01 9.154088616781469109e-03
2.671683314379659890e+00 9.970120065913906648e-01 8.912741706670161690e-03
2.681653876129370673e+00 9.970999502593846930e-01 8.676901356007852423e-03
2.691625305614266050e+00 9.971855626396830541e-01 8.446467595803393638e-03
2.701597579790146142e+00 9.972688973028810411e-01 8.221341546471380365e-03
2.711570676143590930e+00 9.973500068362606275e-01 8.001425426326079851e-03
2.721544572682183194e+00 9.974289428548092085e-01 7.786622559360852763e-03
2.731519247924839799e+00 9.975057560123121725e-01 7.576837382326135489e-03
2.741494680892256230e+00 9.975804960125133070e-01 7.371975451119213395e-03
2.751470851097461257e+00 9.976532116203351563e-01 7.171943446499151088e-03
2.761447738536486618e+00 9.977239506731533369e-01 6.976649179140374975e-03
2.771425323679146846e+00 9.977927600921185913e-01 6.786001594038518735e-03
2.781403587459934101e+00 9.978596858935190328e-01 6.599910774282246456e-03
2.791382511269026701e+00 9.979247732001775839e-01 6.418287944204841000e-03
2.801362076943411328e+00 9.979880662528776147e-01 6.241045471929439724e-03
2.811342266758120267e+00 9.980496084218110076e-01 6.068096871321836984e-03
2.821323063417582322e+00 9.981094422180429859e-01 5.899356803364839627e-03
2.831304450047089194e+00 9.981676093049878240e-01 5.734741076968193768e-03
2.841286410184375999e+00 9.982241505098898848e-01 5.574166649228109831e-03
2.851268927771317685e+00 9.982791058353043256e-01 5.417551625150452722e-03
2.861251987145739140e+00 9.983325144705729182e-01 5.264815256851635393e-03
2.871235573033339872e+00 9.983844148032888777e-01 5.115877942251266172e-03
2.881219670539735045e+00 9.984348444307462600e-01 4.970661223270564713e-03
2.891204265142608421e+00 9.984838401713691525e-01 4.829087783550536223e-03
2.901189342683981209e+00 9.985314380761153297e-01 4.691081445703852888e-03
2.911174889362594609e+00 9.985776734398503773e-01 4.556567168114329831e-03
2.921160891726404696e+00 9.986225808126876213e-01 4.425471041297836944e-03
2.931147336665192338e+00 9.986661940112895319e-01 4.297720283838398631e-03
2.941134211403284571e+00 9.987085461301260514e-01 4.173243237913171894e-03
2.951121503492389220e+00 9.987496695526869583e-01 4.051969364419888246e-03
2.961109200804540542e+00 9.987895959626427178e-01 3.933829237720261676e-03
2.971097291525156781e+00 9.988283563549514854e-01 3.818754540012748652e-03
2.981085764146207850e+00 9.988659810469078248e-01 3.706678055347944686e-03
2.991074607459494050e+00 9.989024996891296970e-01 3.597533663299768390e-03
3.001063810550034461e+00 9.989379412764810562e-01 3.491256332305472075e-03
3.011053362789563259e+00 9.989723341589252792e-01 3.387782112687368757e-03
3.021043253830134834e+00 9.990057060523084287e-01 3.287048129369039666e-03
3.031033473597835481e+00 9.990380840490672432e-01 3.188992574298626318e-03
3.041024012286603462e+00 9.990694946288605216e-01 3.093554698591668550e-03
3.051014860352153857e+00 9.990999636691201280e-01 3.000674804405786822e-03
3.061006008506008680e+00 9.991295164555201724e-01 2.910294236559346666e-03
3.070997447709630901e+00 9.991581776923601499e-01 2.822355373906070084e-03
3.080989169168662833e+00 9.991859715128614816e-01 2.736801620477393934e-03
3.090981164327265773e+00 9.992129214893742395e-01 2.653577396404188833e-03
3.100973424862562666e+00 9.992390506434914998e-01 2.572628128629278216e-03
3.110965942679180252e+00 9.992643814560705495e-01 2.493900241422005500e-03
3.120958709903892014e+00 9.992889358771576136e-01 2.417341146705916013e-03
3.130951718880357948e+00 9.993127353358155496e-01 2.342899234210420005e-03
3.140944962163965126e+00 9.993358007498518436e-01 2.270523861457114396e-03
3.150938432516762422e+00 9.993581525354459094e-01 2.200165343591239681e-03
3.160932122902491592e+00 9.993798106166738027e-01 2.131774943068550678e-03
3.170926026481714732e+00 9.994007944349291295e-01 2.065304859207673770e-03
3.180920136607032322e+00 9.994211229582390388e-01 2.000708217617823415e-03
3.190914446818397643e+00 9.994408146904737444e-01 1.937939059511537910e-03
3.200908950838519562e+00 9.994598876804487997e-01 1.876952330911896500e-03
3.210903642568357252e+00 9.994783595309184587e-01 1.817703871763459971e-03
3.220898516082703722e+00 9.994962474074604586e-01 1.760150404955973958e-03
3.230893565625859498e+00 9.995135680472501116e-01 1.704249525269662746e-03
3.240888785607390243e+00 9.995303377677238199e-01 1.649959688250725613e-03
3.250884170597973188e+00 9.995465724751303460e-01 1.597240199025441298e-03
3.260879715325327499e+00 9.995622876729711725e-01 1.546051201061070680e-03
3.270875414670228132e+00 9.995774984703269528e-01 1.496353664881535858e-03
3.280871263662602733e+00 9.995922195900717178e-01 1.448109376745643955e-03
3.290867257477711139e+00 9.996064653769733965e-01 1.401280927295410570e-03
3.300863391432403482e+00 9.996202498056810937e-01 1.355831700181827281e-03
3.310859660981458230e+00 9.996335864885979028e-01 1.311725860675208317e-03
3.320856061713998830e+00 9.996464886836401442e-01 1.268928344267039902e-03
3.330852589349988513e+00 9.996589693018828049e-01 1.227404845270051517e-03
3.340849239736797482e+00 9.996710409150905141e-01 1.187121805423014707e-03
3.350846008845848267e+00 9.996827157631349436e-01 1.148046402506578637e-03
3.360842892769333012e+00 9.996940057612985209e-01 1.110146538976236044e-03
3.370839887717004046e+00 9.997049225074643442e-01 1.073390830618322191e-03
3.380836990013035059e+00 9.997154772891927443e-01 1.037748595234738247e-03
3.390834196092952446e+00 9.997256810906851587e-01 1.003189841361899889e-03
3.400831502500636372e+00 9.997355445996353174e-01 9.696852570292081083e-04
3.410828905885390228e+00 9.997450782139678527e-01 9.372061985621504441e-04
3.420826402999074478e+00 9.997542920484658868e-01 9.057246794349428816e-04
3.430823990693309788e+00 9.997631959412865976e-01 8.752133591774359598e-04
3.440821665916741434e+00 9.997717994603667613e-01 8.456455323408193329e-04
3.450819425712369881e+00 9.997801119097181610e-01 8.169951175264734099e-04
3.460817267214940873e+00 9.997881423356131947e-01 7.892366464821340107e-04
3.470815187648400357e+00 9.997958995326624576e-01 7.623452532693571941e-04
3.480813184323406695e+00 9.998033920497838567e-01 7.362966635060912146e-04
3.490811254634903715e+00 9.998106281960646990e-01 7.110671836879908303e-04
3.500809396059750611e+00 9.998176160465174211e-01 6.866336905919354951e-04
3.510807606154410010e+00 9.998243634477297359e-01 6.629736207650453478e-04
3.520805882552691557e+00 9.998308780234104187e-01 6.400649601023228157e-04
3.530804222963550121e+00 9.998371671798307325e-01 6.178862335158837125e-04
3.540802625168938622e+00 9.998432381111633793e-01 5.964164946985840753e-04
3.550801087021713265e+00 9.998490978047197553e-01 5.756353159846914428e-04
3.560799606443589838e+00 9.998547530460858423e-01 5.555227783100947841e-04
3.570798181423153306e+00 9.998602104241585131e-01 5.360594612743992907e-04
3.580796810013913589e+00 9.998654763360831366e-01 5.172264333071030593e-04
3.590795490332414630e+00 9.998705569920925962e-01 4.990052419399106619e-04
3.600794220556386982e+00 9.998754584202508289e-01 4.813779041870964613e-04
3.610792998922951469e+00 9.998801864710994414e-01 4.643268970356953843e-04
3.620791823726864589e+00 9.998847468222106238e-01 4.478351480471619295e-04
3.630790693318813211e+00 9.998891449826463607e-01 4.318860260720106849e-04
3.640789606103750131e+00 9.998933862973252706e-01 4.164633320788219606e-04
3.650788560539274474e+00 9.998974759512985200e-01 4.015512900988727580e-04
3.660787555134053850e+00 9.999014189739355851e-01 3.871345382875327357e-04
3.670786588446288690e+00 9.999052202430213088e-01 3.731981201034471939e-04
3.680785659082216110e+00 9.999088844887652483e-01 3.597274756064140679e-04
3.690784765694653302e+00 9.999124162977249819e-01 3.467084328747521444e-04
3.700783906981580884e+00 9.999158201166433724e-01 3.341271995428489678e-04
3.710783081684764007e+00 9.999191002562027863e-01 3.219703544594727687e-04
3.720782288588409426e+00 9.999222608946958246e-01 3.102248394673312636e-04
3.730781526517859881e+00 9.999253060816145622e-01 2.988779513042619999e-04
3.740780794338323112e+00 9.999282397411597412e-01 2.879173336263443259e-04
3.750780090953637735e+00 9.999310656756705828e-01 2.773309691531304177e-04
3.760779415305069762e+00 9.999337875689763289e-01 2.671071719351046517e-04
3.770778766370144641e+00 9.999364089896718433e-01 2.572345797433946862e-04
3.780778143161511284e+00 9.999389333943168312e-01 2.477021465816749471e-04
3.790777544725836723e+00 9.999413641305616718e-01 2.384991353201234958e-04
3.800776970142733191e+00 9.999437044401994212e-01 2.296151104512166030e-04
3.810776418523713627e+00 9.999459574621464286e-01 2.210399309670715764e-04
3.820775889011177817e+00 9.999481262353522304e-01 2.127637433579774771e-04
3.830775380777427408e+00 9.999502137016401671e-01 2.047769747316852509e-04
3.840774893023708447e+00 9.999522227084793879e-01 1.970703260529634460e-04
3.850774424979280131e+00 9.999541560116903538e-01 1.896347655028635115e-04
3.860773975900513744e+00 9.999560162780840589e-01 1.824615219570785245e-04
3.870773545070013810e+00 9.999578060880371932e-01 1.755420785827220564e-04
3.880773131795767217e+00 9.999595279380031343e-01 1.688681665527997603e-04
3.890772735410315875e+00 9.999611842429614317e-01 1.624317588775938119e-04
3.900772355269953806e+00 9.999627773388055640e-01 1.562250643521310891e-04
3.910771990753949101e+00 9.999643094846711877e-01 1.502405216188592424e-04
3.920771641263785856e+00 9.999657828652052105e-01 1.444707933446097914e-04
3.930771306222432315e+00 9.999671995927774670e-01 1.389087605108857177e-04
3.940770985073627219e+00 9.999685617096359946e-01 1.335475168164705607e-04
3.950770677281191023e+00 9.999698711900062431e-01 1.283803631913190476e-04
3.960770382328353545e+00 9.999711299421368826e-01 1.234008024206534597e-04
3.970770099717106483e+00 9.999723398102916549e-01 1.186025338781569342e-04
3.980769828967572366e+00 9.999735025766894880e-01 1.139794483671235540e-04
3.990769569617393042e+00 9.999746199633932076e-01 1.095256230683963757e-04
4.000769321221138597e+00 9.999756936341489544e-01 1.052353165938971262e-04
4.010769083349731368e+00 9.999767251961757530e-01 1.011029641445264593e-04
4.020768855589891722e+00 9.999777162019077847e-01 9.712317277119026987e-05
4.030768637543596711e+00 9.999786681506896979e-01 9.329071673768634179e-05
4.040768428827558267e+00 9.999795824904259556e-01 8.960053298416600725e-05
4.050768229072716942e+00 9.999804606191851075e-01 8.604771668986760673e-05
4.060768037923752516e+00 9.999813038867606529e-01 8.262751693380253316e-05
4.070767855038606164e+00 9.999821135961887153e-01 7.933533245206006099e-05
4.080767680088022153e+00 9.999828910052236397e-01 7.616670749038436771e-05
4.090767512755101976e+00 9.999836373277729562e-01 7.311732775066566252e-05
4.100767352734873583e+00 9.999843537352919309e-01 7.018301642997760623e-05
4.110767199733871280e+00 9.999850413581390374e-01 6.735973035078470915e-05
4.120767053469734265e+00 9.999857012868933470e-01 6.464355618093642754e-05
4.130766913670814056e+00 9.999863345736345055e-01 6.203070674205889232e-05
4.140766780075794351e+00 9.999869422331859603e-01 5.951751740495088747e-05
4.150766652433326875e+00 9.999875252443229945e-01 5.710044257058753735e-05
4.160766530501676108e+00 9.999880845509456773e-01 5.477605223533321113e-05
4.170766414048374671e+00 9.999886210632179528e-01 5.254102863896438648e-05
4.180766302849893812e+00 9.999891356586738667e-01 5.039216299410344507e-05
4.190766196691320999e+00 9.999896291832911510e-01 4.832635229566590402e-05
4.200766095366050834e+00 9.999901024525331694e-01 4.634059620892591163e-05
4.210765998675483068e+00 9.999905562523607738e-01 4.443199403480819663e-05
4.220765906428733949e+00 9.999909913402136308e-01 4.259774175101909208e-05
4.230765818442355553e+00 9.999914084459624597e-01 4.083512912763434386e-05
4.240765734540064891e+00 9.999918082728330715e-01 3.914153691576763435e-05
4.250765654552481898e+00 9.999921914983019855e-01 3.751443410795049429e-05
4.260765578316875413e+00 9.999925587749658451e-01 3.595137526886207528e-05
4.270765505676920704e+00 9.999929107313840770e-01 3.444999793505556314e-05
4.280765436482460551e+00 9.999932479728954604e-01 3.300802008233718048e-05
4.290765370589278760e+00 9.999935710824106039e-01 3.162323765946341704e-05
4.300765307858879005e+00 9.999938806211794429e-01 3.029352218683265663e-05
4.310765248158273444e+00 9.999941771295352000e-01 2.901681841885819457e-05
4.320765191359774882e+00 9.999944611276152528e-01 2.779114206872129801e-05
4.330765137340799598e+00 9.999947331160595754e-01 2.661457759421501670e-05
4.340765085983675498e+00 9.999949935766876408e-01 2.548527604340197408e-05
4.350765037175458261e+00 9.999952429731535641e-01 2.440145295882245702e-05
4.360764990807750152e+00 9.999954817515807060e-01 2.336138633900252941e-05
4.370764946776532156e+00 9.999957103411765136e-01 2.236341465602580640e-05
4.380764904981992558e+00 9.999959291548273788e-01 2.140593492794671228e-05
4.390764865328370625e+00 9.999961385896748434e-01 2.048740084483766796e-05
4.400764827723801176e+00 9.999963390276731534e-01 1.960632094727751475e-05
4.410764792080163588e+00 9.999965308361287164e-01 1.876125685610372388e-05
4.420764758312939691e+00 9.999967143682223503e-01 1.795082155226630671e-05
4.430764726341076098e+00 9.999968899635146569e-01 1.717367770563713936e-05
4.440764696086846541e+00 9.999970579484344091e-01 1.642853605164425827e-05
4.450764667475726633e+00 9.999972186367516169e-01 1.571415381461680071e-05
4.460764640436268635e+00 9.999973723300343842e-01 1.502933317674258987e-05
4.470764614899980671e+00 9.999975193180914435e-01 1.437291979155671195e-05
4.480764590801211256e+00 9.999976598793993698e-01 1.374380134089607172e-05
4.490764568077040941e+00 9.999977942815155840e-01 1.314090613427153362e-05
4.500764546667171295e+00 9.999979227814783656e-01 1.256320174962602653e-05
4.510764526513822759e+00 9.999980456261924333e-01 1.200969371446381601e-05
4.520764507561637835e+00 9.999981630528023135e-01 1.147942422635304603e-05
4.530764489757580726e+00 9.999982752890524962e-01 1.097147091182056226e-05
4.540764473050849404e+00 9.999983825536359339e-01 1.048494562267495808e-05
4.550764457392784124e+00 9.999984850565304395e-01 1.001899326881076369e-05
4.560764442736782165e+00 9.999985829993233155e-01 9.572790686563609317e-06
4.570764429038217003e+00 9.999986765755254359e-01 9.145545541703103273e-06
4.580764416254358373e+00 9.999987659708738930e-01 8.736495266167069307e-06
4.590764404344295002e+00 9.999988513636247633e-01 8.344906027657572302e-06
4.600764393268861774e+00 9.999989329248352155e-01 7.970071731235947999e-06
4.610764382990569565e+00 9.999990108186360693e-01 7.611313052070736350e-06
4.620764373473536857e+00 9.999990852024949195e-01 7.267976498508991201e-06
4.630764364683424894e+00 9.999991562274698209e-01 6.939433504657967981e-06
4.640764356587374628e+00 9.999992240384539821e-01 6.625079551680577780e-06
4.650764349153945432e+00 9.999992887744123538e-01 6.324333317024255849e-06
4.660764342353058254e+00 9.999993505686090023e-01 6.036635850819071718e-06
4.670764336155938778e+00 9.999994095488270451e-01 5.761449778696899276e-06
4.680764330535064133e+00 9.999994658375805923e-01 5.498258530299360571e-06
4.690764325464111373e+00 9.999995195523189162e-01 5.246565592757972092e-06
4.700764320917906858e+00 9.999995708056232946e-01 5.005893788445494143e-06
4.710764316872380064e+00 9.999996197053971914e-01 4.775784576312886383e-06
4.720764313304515625e+00 9.999996663550489995e-01 4.555797376141525946e-06
4.730764310192311584e+00 9.999997108536682333e-01 4.345508915055381119e-06
4.740764307514735876e+00 9.999997532961957258e-01 4.144512595652743848e-06
4.750764305251685471e+00 9.999997937735870535e-01 3.952417885131803437e-06
4.760764303383948182e+00 9.999998323729702987e-01 3.768849724798862376e-06
4.770764301893163584e+00 9.999998691777980397e-01 3.593447959362311343e-06
4.780764300761789265e+00 9.999999042679934558e-01 3.425866785429598377e-06
4.790764299973064411e+00 9.999999377200913253e-01 3.265774218638349441e-06
4.800764299510976052e+00 9.999999696073733624e-01 3.112851578866513208e-06
4.810764299360230645e+00 9.999999999999990008e-01 2.966792992979917706e-06
