0.000000000000000000e+00 0.000000000000000000e+00 6.286399295166333889e-01
3.143199647583166348e-05 6.286398894637166765e-03 6.286397693059407876e-01
1.257279618719241892e-04 1.257279218199429741e-02 6.286386478651342369e-01
2.828877760352978754e-04 1.885916544426756089e-02 6.286356041378381443e-01
5.029111265873177595e-04 2.514549465473191192e-02 6.286296774287495337e-01
7.857974128558588463e-04 3.143174618235572426e-02 6.286199076071158354e-01
1.131545649864061512e-03 3.771787679853109282e-02 6.286053353263901800e-01
1.540154372397641545e-03 4.400383368608145468e-02 6.285850022600292242e-01
2.011621539174335716e-03 5.028955445070765196e-02 6.285579513533735563e-01
2.545944437140666618e-03 5.657496713503288449e-02 6.285232270915291908e-01
3.143119585922820453e-03 6.285999023540606023e-02 6.284798757831460136e-01
3.803142642460006009e-03 6.914453272162188191e-02 6.284269458599625047e-01
4.526008305850256347e-03 7.542849405971457921e-02 6.283634881919623050e-01
5.311710222440183329e-03 8.171176423798051647e-02 6.282885564179633286e-01
6.160240891191737581e-03 8.799422379638302538e-02 6.282012072914303635e-01
7.071591569360565974e-03 9.427574385949047397e-02 6.281005010412794576e-01
8.045752178522031992e-03 1.005561861730963485e-01 6.279855017474109680e-01
9.082711210982452252e-03 1.068354031446669822e-01 6.278552777306810606e-01
1.018245563661455445e-02 1.131132378877599959e-01 6.277089019569944695e-01
1.134497081015754805e-02 1.193895242705527576e-01 6.275454524551683511e-01
1.257024037902360232e-02 1.256640869686168061e-01 6.273640127481914242e-01
1.385824619165384325e-02 1.319367415220701889e-01 6.271636722974698319e-01
1.520896820646830405e-02 1.382072943972352808e-01 6.269435269596225213e-01
1.662238440145549778e-02 1.444755430529255091e-01 6.267026794553576252e-01
1.809847068444848245e-02 1.507412760114789918e-01 6.264402398499306912e-01
1.963720080413549826e-02 1.570042729346527444e-01 6.261553260446570679e-01
2.123854626185426794e-02 1.632643047044846363e-01 6.258470642789163429e-01
2.290247622422020984e-02 1.695211335092256799e-01 6.255145896420606366e-01
2.462895743663971390e-02 1.757745129344382151e-01 6.251570465946046928e-01
2.641795413776060891e-02 1.820241880593497230e-01 6.247735894980486204e-01
2.826942797491279608e-02 1.882698955585452305e-01 6.243633831526518296e-01
3.018333792059281831e-02 1.945113638090742447e-01 6.239256033424510628e-01
3.215964019004685648e-02 2.007483130030410234e-01 6.234594373867829997e-01
3.419828816000730631e-02 2.069804552657394936e-01 6.229640846975473822e-01
3.629923228863866924e-02 2.132074947793860809e-01 6.224387573414179586e-01
3.846242003674892052e-02 2.194291279124960803e-01 6.218826806061827916e-01
4.068779579032304194e-02 2.256450433549405388e-01 6.212950935703701605e-01
4.297530078443564244e-02 2.318549222587122927e-01 6.206752496752923065e-01
4.532487302859987410e-02 2.380584383844207008e-01 6.200224172986167348e-01
4.773644723360999376e-02 2.442552582535259809e-01 6.193358803285526903e-01
5.020995473993493385e-02 2.504450413063147307e-01 6.186149387377202213e-01
5.274532344772037140e-02 2.566274400656083921e-01 6.178589091557510349e-01
5.534247774845642981e-02 2.628021003061875582e-01 6.170671254396529193e-01
5.800133845836810687e-02 2.689686612299044821e-01 6.162389392409541866e-01
6.072182275358511960e-02 2.751267556464468966e-01 6.153737205686306000e-01
6.350384410714746131e-02 2.812760101597056583e-01 6.144708583468065921e-01
6.634731222790238303e-02 2.874160453596893428e-01 6.135297609662108131e-01
6.925213300134804018e-02 2.935464760199175127e-01 6.125498568283611611e-01
7.221820843247807320e-02 2.996669113002154994e-01 6.115305948814457881e-01
7.524543659068085033e-02 3.057769549548219334e-01 6.104714451468655767e-01
7.833371155674587194e-02 3.118762055457108828e-01 6.093718992354008046e-01
8.148292337202908686e-02 3.179642566610192955e-01 6.082314708519676039e-01
8.469295798982748313e-02 3.240406971384607315e-01 6.070496962879312619e-01
8.796369722901220545e-02 3.301051112935957099e-01 6.058261348999514073e-01
9.129501872996807765e-02 3.361570791528190050e-01 6.045603695743415607e-01
9.468679591288602093e-02 3.421961766909137892e-01 6.032520071759374103e-01
9.813889793845309573e-02 3.482219760730129732e-01 6.019006789804798307e-01
1.016511896709835633e-01 3.542340459007977671e-01 6.005060410895378675e-01
1.052235316440323226e-01 3.602319514627542740e-01 5.990677748270125669e-01
1.088557800285304689e-01 3.662152549882990438e-01 5.975855871162857325e-01
1.125477866034805957e-01 3.721835159055755793e-01 5.960592108371011166e-01
1.162993987292475634e-01 3.781362911027145168e-01 5.944884051612909781e-01
1.201104593234783025e-01 3.840731351923417636e-01 5.928729558664912469e-01
1.239808068396820034e-01 3.899936007791104386e-01 5.912126756270194017e-01
1.279102752484997663e-01 3.958972387300238038e-01 5.895074042811224713e-01
1.318986940216904657e-01 4.017835984473094868e-01 5.877570090738392095e-01
1.359458881188570778e-01 4.076522281435974726e-01 5.859613848747594611e-01
1.400516779769351849e-01 4.135026751191472894e-01 5.841204543700037055e-01
1.442158795024630347e-01 4.193344860408632635e-01 5.822341682277889507e-01
1.484383040666494846e-01 4.251472072228311694e-01 5.803025052369927828e-01
1.527187585032538097e-01 4.309403849081031579e-01 5.783254724181733364e-01
1.570570451092884734e-01 4.367135655514527981e-01 5.763031051065528043e-01
1.614529616485530783e-01 4.424662961028183461e-01 5.742354670065216160e-01
1.659063013580050205e-01 4.481981242911467489e-01 5.721226502172735984e-01
1.704168529569694279e-01 4.539085989083483375e-01 5.699647752292356095e-01
1.749844006591878831e-01 4.595972700930683885e-01 5.677619908910102042e-01
1.796087241877027119e-01 4.652636896139800138e-01 5.655144743466058443e-01
1.842895987925707579e-01 4.709074111522998929e-01 5.632224309427871223e-01
1.890267952713968747e-01 4.765279905832277008e-01 5.608860941064347516e-01
1.938200799926754203e-01 4.821249862560087474e-01 5.585057251918649213e-01
1.986692149219242143e-01 4.876979592723199586e-01 5.560816132981152293e-01
2.035739576505925519e-01 4.932464737626785500e-01 5.536140750562665858e-01
2.085340614277224058e-01 4.987700971605745770e-01 5.511034543869285374e-01
2.135492751943381395e-01 5.042684004740302095e-01 5.485501222280758649e-01
2.186193436205378093e-01 5.097409585542898025e-01 5.459544762334849199e-01
2.237440071452558021e-01 5.151873503613486616e-01 5.433169404420769011e-01
2.289230020186637515e-01 5.206071592260316239e-01 5.406379649185338865e-01
2.341560603471737056e-01 5.259999731083354613e-01 5.379180253656135058e-01
2.394429101410050220e-01 5.313653848517549960e-01 5.351576227086428661e-01
2.447832753642731618e-01 5.367029924333173163e-01 5.323572826527315227e-01
2.501768759875562798e-01 5.420123992090545295e-01 5.295175552132964647e-01
2.556234280428926753e-01 5.472932141546503759e-01 5.266390142205464864e-01
2.611226436811594498e-01 5.525450521010047966e-01 5.237222567986263844e-01
2.666742312317803565e-01 5.577675339644661001e-01 5.207679028201701588e-01
2.722778952647083583e-01 5.629602869714892543e-01 5.177765943370632451e-01
2.779333366546258288e-01 5.681229448774862689e-01 5.147489949882586568e-01
2.836402526473034147e-01 5.732551481796436255e-01 5.116857893855378814e-01
2.893983369280558327e-01 5.783565443234910397e-01 5.085876824781487837e-01
2.952072796922313724e-01 5.834267879030146098e-01 5.054553988972928513e-01
3.010667677176693813e-01 5.884655408541190624e-01 5.022896822814723050e-01
3.069764844390582836e-01 5.934724726412513585e-01 4.990912945837411852e-01
3.129361100241251359e-01 5.984472604370112414e-01 4.958610153619378846e-01
3.189453214515852175e-01 6.033895892945833062e-01 4.925996410530048553e-01
3.250037925907795500e-01 6.082991523128378208e-01 4.893079842325287476e-01
3.311111942829262356e-01 6.131756507939573053e-01 4.859868728606571708e-01
3.372671944239101216e-01 6.180187943934596362e-01 4.826371495155689084e-01
3.434714580485339619e-01 6.228283012624983295e-01 4.792596706156928010e-01
3.497236474161539155e-01 6.276038981823334195e-01 4.758553056318837737e-01
3.560234220976197794e-01 6.323453206908798974e-01 4.724249362907772531e-01
3.623704390634411854e-01 6.370523132012496648e-01 4.689694557705514355e-01
3.687643527730983806e-01 6.417246291122189472e-01 4.654897678903313629e-01
3.752048152654176572e-01 6.463620309105629902e-01 4.619867862944724290e-01
3.816914762499286073e-01 6.509642902652129637e-01 4.584614336329595474e-01
3.882239831991226020e-01 6.555311881132027674e-01 4.549146407391546076e-01
3.948019814415290041e-01 6.600625147373849755e-01 4.513473458061184607e-01
4.014251142555277929e-01 6.645580698359083716e-01 4.477604935627240712e-01
4.080930229638154993e-01 6.690176625834599600e-01 4.441550344507652626e-01
4.148053470284425726e-01 6.734411116842884404e-01 4.405319238042503804e-01
4.215617241463398557e-01 6.778282454170362348e-01 4.368921210320526605e-01
4.283617903452529574e-01 6.821789016714199239e-01 4.332365888050684344e-01
4.352051800800023629e-01 6.864929279768090531e-01 4.295662922490118274e-01
4.420915263289894037e-01 6.907701815227660358e-01 4.258821981439497306e-01
4.490204606908677620e-01 6.950105291716196509e-01 4.221852741316526325e-01
4.559916134813009614e-01 6.992138474631548473e-01 4.184764879318080832e-01
4.630046138297280733e-01 7.033800226115142218e-01 4.147568065681119243e-01
4.700590897760594800e-01 7.075089504944132024e-01 4.110271956052183873e-01
4.771546683672272526e-01 7.116005366347830652e-01 4.072886183974955276e-01
4.842909757535144855e-01 7.156546961749647995e-01 4.035420353504955981e-01
4.914676372845895869e-01 7.196713538435841606e-01 3.997884031960107776e-01
4.986842776051737536e-01 7.236504439152493529e-01 3.960286742815464778e-01
5.059405207502697399e-01 7.275919101632184471e-01 3.922637958750020415e-01
5.132359902398833107e-01 7.314957058051929639e-01 3.884947094853072325e-01
5.205703091731680443e-01 7.353617934424004909e-01 3.847223501997206752e-01
5.279431003219293705e-01 7.391901449921364220e-01 3.809476460384514929e-01
5.353539862234207858e-01 7.429807416139410092e-01 3.771715173272218169e-01
5.428025892723716828e-01 7.467335736295942494e-01 3.733948760883430973e-01
5.502885318121845115e-01 7.504486404371162322e-01 3.696186254508334046e-01
5.578114362252429848e-01 7.541259504189661289e-01 3.658436590800580035e-01
5.653709250222740401e-01 7.577655208446367752e-01 3.620708606273298491e-01
5.729666209307084923e-01 7.613673777678465759e-01 3.583011031998604712e-01
5.805981469819876395e-01 7.649315559185345670e-01 3.545352488514081912e-01
5.882651265977644206e-01 7.684580985898665784e-01 3.507741480939230994e-01
5.959671836749508289e-01 7.719470575204637752e-01 3.470186394304460298e-01
6.037039426695643973e-01 7.753984927720671827e-01 3.432695489094730878e-01
6.114750286793295686e-01 7.788124726028544664e-01 3.395276897009542050e-01
6.192800675249914288e-01 7.821890733366250181e-01 3.357938616940518983e-01
6.271186858303012812e-01 7.855283792280717270e-01 3.320688511167440016e-01
6.349905111006365344e-01 7.888304823243584840e-01 3.283534301773131103e-01
6.428951718002187121e-01 7.920954823232216890e-01 3.246483567277260729e-01
6.508322974278961670e-01 7.953234864278154737e-01 3.209543739488671110e-01
6.588015185914595229e-01 7.985146091985173555e-01 3.172722100575511850e-01
6.668024670804612031e-01 8.016689724019132601e-01 3.136025780352070247e-01
6.748347759375113997e-01 8.047867048571768489e-01 3.099461753780846096e-01
6.828980795280259475e-01 8.078679422800575383e-01 3.063036838688074082e-01
6.909920136084027886e-01 8.109128271246902608e-01 3.026757693690573792e-01
6.991162153926065992e-01 8.139215084234369124e-01 2.990630816331501518e-01
7.072703236171425933e-01 8.168941416249660969e-01 2.954662541422268252e-01
7.154539786044039618e-01 8.198308884307775601e-01 2.918859039587626270e-01
7.236668223243765130e-01 8.227319166303711517e-01 2.883226316010639723e-01
7.319084984546899708e-01 8.255973999352598236e-01 2.847770209374021477e-01
7.401786524390040478e-01 8.284275178120202865e-01 2.812496390994070894e-01
7.484769315437208581e-01 8.312224553145722838e-01 2.777410364143237387e-01
7.568029849130173403e-01 8.339824029158732221e-01 2.742517463557119228e-01
7.651564636221924731e-01 8.367075563392099014e-01 2.707822855121528871e-01
7.735370207293258416e-01 8.393981163892655362e-01 2.673331535735081199e-01
7.819443113252467770e-01 8.420542887831352630e-01 2.639048333342595143e-01
7.903779925818137375e-01 8.446762839814585533e-01 2.604977907134468085e-01
7.988377237985069268e-01 8.472643170198316254e-01 2.571124747907049257e-01
8.073231664473362601e-01 8.498186073406587271e-01 2.537493178578926201e-01
8.158339842160713395e-01 8.523393786255956117e-01 2.504087354857938430e-01
8.243698430497992113e-01 8.548268586287330884e-01 2.470911266053657795e-01
8.329304111908182318e-01 8.572812790106637548e-01 2.437968736029988703e-01
8.415153592168774788e-01 8.597028751735688035e-01 2.405263424292504171e-01
8.501243600777730336e-01 8.620918860974575715e-01 2.372798827205073735e-01
8.587570891303125675e-01 8.644485541776858462e-01 2.340578279330319811e-01
8.674132241716624447e-01 8.667731250638744944e-01 2.308604954888414107e-01
8.760924454710907749e-01 8.690658475003436578e-01 2.276881869328723218e-01
8.847944358001237353e-01 8.713269731681727581e-01 2.245411881008813615e-01
8.935188804611303715e-01 8.735567565289906744e-01 2.214197692975346798e-01
9.022654673143548631e-01 8.757554546705960119e-01 2.183241854841415641e-01
9.110338868034140170e-01 8.779233271545001660e-01 2.152546764754912911e-01
9.198238319792807483e-01 8.800606358654821104e-01 2.122114671452567936e-01
9.286349985227729809e-01 8.821676448632382872e-01 2.091947676394338429e-01
9.374670847655702799e-01 8.842446202362042040e-01 2.062047735972911411e-01
9.463197917097794232e-01 8.862918299576215686e-01 2.032416663793133460e-01
9.551928230460727809e-01 8.883095437439170183e-01 2.003056133016270779e-01
9.640858851704215970e-01 8.902980329154560613e-01 1.973967678764083078e-01
9.729986871994492637e-01 8.922575702597288494e-01 1.945152700577786331e-01
9.819309409844292347e-01 8.941884298970196321e-01 1.916612464927075488e-01
9.908823611239512275e-01 8.960908871486092941e-01 1.888348107764481199e-01
9.998526649752835782e-01 8.979652184075525012e-01 1.860360637120441474e-01
1.008841572664455066e+00 8.998117010120680881e-01 1.832650935734579656e-01
1.017848807095085073e+00 9.016306131215775510e-01 1.805219763718795001e-01
1.026874093955986833e+00 9.034222335954205096e-01 1.778067761247893175e-01
1.035917161727571090e+00 9.051868418742728961e-01 1.751195451273603043e-01
1.044977741687078243e+00 9.069247178642889651e-01 1.724603242257952418e-01
1.054055567912665081e+00 9.086361418239849996e-01 1.698291430922100331e-01
1.063150377286374626e+00 9.103213942538778136e-01 1.672260205006855238e-01
1.072261909496015297e+00 9.119807557888880423e-01 1.646509646041234010e-01
1.081389907035979148e+00 9.136145070935149937e-01 1.621039732115550913e-01
1.090534115207024479e+00 9.152229287597848373e-01 1.595850340655657895e-01
1.099694282115052824e+00 9.168063012079726848e-01 1.570941251195086819e-01
1.108870158668906258e+00 9.183649045900940111e-01 1.546312148141980591e-01
1.118061498577214152e+00 9.198990186961597537e-01 1.521962623537828629e-01
1.127268058344315760e+00 9.214089228631844319e-01 1.497892179805156432e-01
1.136489597265286422e+00 9.228948958869354069e-01 1.474100232481450612e-01
1.145725877420095351e+00 9.243572159364079610e-01 1.450586112936727845e-01
1.154976663666922088e+00 9.257961604710089887e-01 1.427349071072288589e-01
1.164241723634656944e+00 9.272120061604290919e-01 1.404388277998320500e-01
1.173520827714614967e+00 9.286050288071803216e-01 1.381702828688146645e-01
1.182813749051487173e+00 9.299755032717760272e-01 1.359291744607032948e-01
1.192120263533558377e+00 9.313237034005261705e-01 1.337153976313595061e-01
1.201440149782213807e+00 9.326499019559186809e-01 1.315288406031963619e-01
1.210773189140764261e+00 9.339543705495587655e-01 1.293693850192982886e-01
1.220119165662612248e+00 9.352373795776323107e-01 1.272369061942836554e-01
1.229477866098785288e+00 9.364991981588617342e-01 1.251312733617603867e-01
1.238849079884861704e+00 9.377400940749182068e-01 1.230523499182361313e-01
1.248232599127311993e+00 9.389603337132550465e-01 1.209999936633550932e-01
1.257628218589280866e+00 9.401601820123245412e-01 1.189740570363443800e-01
1.267035735675833275e+00 9.413399024091396727e-01 1.169743873485624835e-01
1.276454950418686840e+00 9.424997567891415517e-01 1.150008270120527476e-01
1.285885665460455796e+00 9.436400054383324854e-01 1.130532137640140183e-01
1.295327686038425963e+00 9.447609069976319329e-01 1.111313808871101233e-01
1.304780819967884753e+00 9.458627184194156046e-01 1.092351574255486235e-01
1.314244877625027952e+00 9.469456949261931822e-01 1.073643683968681234e-01
1.323719671929462383e+00 9.480100899713825857e-01 1.055188349993816527e-01
1.333205018326328206e+00 9.490561552021365976e-01 1.036983748152317392e-01
1.342700734768058402e+00 9.500841404241781030e-01 1.019028020090205766e-01
1.352206641695796741e+00 9.510942935685992028e-01 1.001319275219859500e-01
1.361722562020493577e+00 9.520868606605797924e-01 9.838555926170101940e-02
1.371248321103698320e+00 9.530620857899808618e-01 9.666350228728255722e-02
1.380783746738066808e+00 9.540202110837670002e-01 9.496555899009902213e-02
1.390328669127601779e+00 9.549614766802138055e-01 9.329152926997590078e-02
1.399882920867644431e+00 9.558861207048547914e-01 9.164121070690191273e-02
1.409446336924633725e+00 9.567943792481227172e-01 9.001439872824498756e-02
1.419018754615650302e+00 9.576864863446409304e-01 8.841088677149266939e-02
1.428600013587761675e+00 9.585626739541195374e-01 8.683046644253644697e-02
1.438189955797184449e+00 9.594231719438124362e-01 8.527292766952439262e-02
1.447788425488278019e+00 9.602682080724909142e-01 8.373805885231107304e-02
1.457395269172385932e+00 9.610980079758896233e-01 8.222564700753798306e-02
1.467010335606538263e+00 9.619127951535818566e-01 8.073547790938169488e-02
1.476633475772030968e+00 9.627127909572406050e-01 7.926733622601091211e-02
1.486264542852893111e+00 9.634982145802430953e-01 7.782100565179682350e-02
1.495903392214257499e+00 9.642692830485765088e-01 7.639626903532488467e-02
1.505549881380647159e+00 9.650262112130026937e-01 7.499290850325887603e-02
1.515203870014188103e+00 9.657692117424413469e-01 7.361070558011108267e-02
1.524865219892763246e+00 9.664984951185303652e-01 7.224944130397507880e-02
1.534533794888117475e+00 9.672142696313236199e-01 7.090889633828011129e-02
1.544209460943924084e+00 9.679167413760871863e-01 6.958885107962806127e-02
1.553892086053825672e+00 9.686061142511536159e-01 6.828908576177630807e-02
1.563581540239458834e+00 9.692825899567979464e-01 6.700938055583136044e-02
1.573277695528471298e+00 9.699463679950964812e-01 6.574951566672009029e-02
1.582980425932543511e+00 9.705976456707321454e-01 6.450927142600661190e-02
1.592689607425422871e+00 9.712366180927100023e-01 6.328842838112427871e-02
1.602405117920978617e+00 9.718634781769474040e-01 6.208676738109353971e-02
1.612126837251287581e+00 9.724784166497039140e-01 6.090406965879725798e-02
1.621854647144758577e+00 9.730816220518175852e-01 5.974011690988589168e-02
1.631588431204301859e+00 9.736732807437131765e-01 5.859469136838586778e-02
1.641328074885553878e+00 9.742535769111503319e-01 5.746757587908488812e-02
1.651073465475161761e+00 9.748226925716804159e-01 5.635855396676835161e-02
1.660824492069136626e+00 9.753808075817793632e-01 5.526740990238146467e-02
1.670581045551281063e+00 9.759280996446279000e-01 5.419392876619182758e-02
1.680343018571697655e+00 9.764647443185081599e-01 5.313789650802724224e-02
1.690110305525384771e+00 9.769909150257886088e-01 5.209910000466362601e-02
1.699882802530924275e+00 9.775067830624689647e-01 5.107732711443768725e-02
1.709660407409267835e+00 9.780125176082574701e-01 5.007236672915887227e-02
1.719443019662626915e+00 9.785082857371543152e-01 4.908400882339471888e-02
1.729230540453470244e+00 9.789942524285147885e-01 4.811204450120341869e-02
1.739022872583634527e+00 9.794705805785678399e-01 4.715626604038683500e-02
1.748819920473552836e+00 9.799374310123643017e-01 4.621646693433682090e-02
1.758621590141604241e+00 9.803949624961324494e-01 4.529244193154681464e-02
1.768427789183589116e+00 9.808433317500172555e-01 4.438398707286027312e-02
1.778238426752332790e+00 9.812826934611807994e-01 4.349089972652653291e-02
1.788053413537423530e+00 9.817132002972427385e-01 4.261297862113395951e-02
1.797872661745085310e+00 9.821350029200398568e-01 4.175002387648938523e-02
1.807696085078189796e+00 9.825482499996841534e-01 4.090183703251186464e-02
1.817523598716410893e+00 9.829530882289008176e-01 4.006822107620789525e-02
1.827355119296523611e+00 9.833496623376256629e-01 3.924898046679406449e-02
1.837190564892849931e+00 9.837381151078459229e-01 3.844392115903224466e-02
1.847029854997854770e+00 9.841185873886647562e-01 3.765285062484120815e-02
1.856872910502893381e+00 9.844912181115742511e-01 3.687557787324743930e-02
1.866719653679111968e+00 9.848561443059192788e-01 3.611191346873682956e-02
1.876570008158504610e+00 9.852135011145376486e-01 3.536166954806765905e-02
1.886423898915126962e+00 9.855634218095604693e-01 3.462465983560412963e-02
1.896281252246468929e+00 9.859060378083592813e-01 3.390069965722844469e-02
1.906141995754987439e+00 9.862414786896246399e-01 3.318960595288818899e-02
1.916006058329799977e+00 9.865698722095643802e-01 3.249119728783450567e-02
1.925873370128541984e+00 9.868913443182074641e-01 3.180529386260524949e-02
1.935743862559386130e+00 9.872060191758017522e-01 3.113171752180602520e-02
1.945617468263227678e+00 9.875140191692937108e-01 3.047029176174074691e-02
1.955494121096033711e+00 9.878154649288789502e-01 2.982084173694192833e-02
1.965373756111358672e+00 9.881104753446129374e-01 2.918319426564975824e-02
1.975256309543026223e+00 9.883991675830711143e-01 2.855717783428753098e-02
1.985141718787977849e+00 9.886816571040489832e-01 2.794262260097982523e-02
1.995029922389289112e+00 9.889580576772931675e-01 2.733936039815836744e-02
2.004920860019352435e+00 9.892284813992536785e-01 2.674722473429931233e-02
2.014814472463227535e+00 9.894930387098496150e-01 2.616605079483428492e-02
2.024710701602161489e+00 9.897518384092399701e-01 2.559567544227623476e-02
2.034609490397273568e+00 9.900049876745921074e-01 2.503593721559987592e-02
2.044510782873409926e+00 9.902525920768401324e-01 2.448667632891515442e-02
2.054414524103163942e+00 9.904947555974268347e-01 2.394773466947093532e-02
2.064320660191066192e+00 9.907315806450226470e-01 2.341895579502480812e-02
2.074229138257939642e+00 9.909631680722147395e-01 2.290018493061365262e-02
2.084139906425421795e+00 9.911896171921615872e-01 2.239126896475838319e-02
2.094052913800654281e+00 9.914110257952063465e-01 2.189205644513503302e-02
2.103968110461136742e+00 9.916274901654448248e-01 2.140239757374314336e-02
2.113885447439747711e+00 9.918391050972426015e-01 2.092214420160123586e-02
2.123804876709928902e+00 9.920459639116966377e-01 2.045114982299793202e-02
2.133726351171035596e+00 9.922481584730377113e-01 1.998926956932618390e-02
2.143649824633848677e+00 9.924457792049687921e-01 1.953636020252690064e-02
2.153575251806251423e+00 9.926389151069363592e-01 1.909228010816714158e-02
2.163502588279067496e+00 9.928276537703306648e-01 1.865688928817699904e-02
2.173431790512062367e+00 9.930120813946115010e-01 1.823004935326814901e-02
2.183362815820102387e+00 9.931922828033569184e-01 1.781162351505606936e-02
2.193295622359477282e+00 9.933683414602318962e-01 1.740147657790686378e-02
2.203230169114379855e+00 9.935403394848738579e-01 1.699947493052863731e-02
2.213166415883545124e+00 9.937083576686930320e-01 1.660548653732640823e-02
2.223104323267047100e+00 9.938724754905854386e-01 1.621938092953856964e-02
2.233043852653250116e+00 9.940327711325559479e-01 1.584102919617201219e-02
2.242984966205920028e+00 9.941893214952497448e-01 1.547030397475210317e-02
2.252927626851485954e+00 9.943422022133908689e-01 1.510707944190286742e-02
2.262871798266459233e+00 9.944914876711250518e-01 1.475123130377184628e-02
2.272817444865002923e+00 9.946372510172668546e-01 1.440263678631330778e-02
2.282764531786654505e+00 9.947795641804483280e-01 1.406117462544269857e-02
2.292713024884200479e+00 9.949184978841691951e-01 1.372672505707443064e-02
2.302662890711697941e+00 9.950541216617461160e-01 1.339916980705439103e-02
2.312614096512648931e+00 9.951865038711619205e-01 1.307839208099784330e-02
2.322566610208320004e+00 9.953157117098114792e-01 1.276427655404268301e-02
2.332520400386209225e+00 9.954418112291457676e-01 1.245670936052738556e-02
2.342475436288660617e+00 9.955648673492119016e-01 1.215557808360233014e-02
2.352431687801622040e+00 9.956849438730891455e-01 1.186077174478257674e-02
2.362389125443546511e+00 9.958021035012197819e-01 1.157218079344961639e-02
2.372347720354437861e+00 9.959164078456356206e-01 1.128969709630902631e-02
2.382307444285037157e+00 9.960279174440778149e-01 1.101321392681047298e-02
2.392268269586149909e+00 9.961366917740117621e-01 1.074262595453596460e-02
2.402230169198112719e+00 9.962427892665348672e-01 1.047782923456180848e-02
2.412193116640398927e+00 9.963462673201783915e-01 1.021872119679924189e-02
2.422157086001361037e+00 9.964471823146023866e-01 9.965200635318315764e-03
2.432122051928111262e+00 9.965455896241839362e-01 9.717167697659154918e-03
2.442087989616534838e+00 9.966415436314982612e-01 9.474523874134379783e-03
2.452054874801439688e+00 9.967350977406930213e-01 9.237171987126081146e-03
2.462022683746838414e+00 9.968263043907554799e-01 9.005016180380416568e-03
2.471991393236362189e+00 9.969152150686724223e-01 8.777961908302567631e-03
2.481960980563807428e+00 9.970018803224833803e-01 8.555915925254510904e-03
2.491931423523809030e+00 9.970863497742269432e-01 8.338786274857769298e-03
2.501902700402646840e+00 9.971686721327794878e-01 8.126482279303052017e-03
2.511874789969176014e+00 9.972488952065875489e-01 7.918914528668465763e-03
2.521847671465887064e+00 9.973270659162937202e-01 7.715994870247732708e-03
2.531821324600089795e+00 9.974032303072548622e-01 7.517636397889683290e-03
2.541795729535223369e+00 9.974774335619549515e-01 7.323753441350069893e-03
2.551770866882288047e+00 9.975497200123105701e-01 7.134261555656606912e-03
2.561746717691402164e+00 9.976201331518708137e-01 6.949077510487971024e-03
2.571723263443477681e+00 9.976887156479105068e-01 6.768119279567367044e-03
2.581700486042017850e+00 9.977555093534178354e-01 6.591306030071135587e-03
2.591678367805033911e+00 9.978205553189760657e-01 6.418558112052771131e-03
2.601656891457080345e+00 9.978838938045392348e-01 6.249797047882619389e-03
2.611636040121406488e+00 9.979455642911027047e-01 6.084945521703446526e-03
2.621615797312224938e+00 9.980056054922682440e-01 5.923927368901987789e-03
2.631596146927095425e+00 9.980640553657040837e-01 5.766667565596533644e-03
2.641577073239421924e+00 9.981209511244993893e-01 5.613092218140553445e-03
2.651558560891063010e+00 9.981763292484143735e-01 5.463128552642321917e-03
2.661540594885055455e+00 9.982302254950254916e-01 5.316704904500481679e-03
2.671523160578446188e+00 9.982826749107661657e-01 5.173750707955442063e-03
2.681506243675236600e+00 9.983337118418629252e-01 5.034196485656524875e-03
2.691489830219434332e+00 9.983833699451675203e-01 4.897973838244734819e-03
2.701473906588213847e+00 9.984316821988844515e-01 4.765015433951051357e-03
2.711458459485182715e+00 9.984786809131954710e-01 4.635254998210137055e-03
2.721443475933753575e+00 9.985243977407792793e-01 4.508627303289381751e-03
2.731428943270621801e+00 9.985688636872284141e-01 4.385068157933204487e-03
2.741414849139347076e+00 9.986121091213621126e-01 4.264514397022575037e-03
2.751401181484034897e+00 9.986541637854360332e-01 4.146903871249738548e-03
2.761387928543123760e+00 9.986950568052488375e-01 4.032175436808160644e-03
2.771375078843268724e+00 9.987348167001457444e-01 3.920268945097746781e-03
2.781362621193327556e+00 9.987734713929192765e-01 3.811125232445431235e-03
2.791350544678444567e+00 9.988110482196068673e-01 3.704686109841268896e-03
2.801338838654229946e+00 9.988475739391866615e-01 3.600894352690215457e-03
2.811327492741039880e+00 9.988830747431701740e-01 3.499693690579822828e-03
2.821316496818346842e+00 9.989175762650931434e-01 3.401028797064126023e-03
2.831305841019208014e+00 9.989511035899042435e-01 3.304845279464049389e-03
2.841295515724826526e+00 9.989836812632517660e-01 3.211089668684712073e-03
2.851285511559202845e+00 9.990153333006684955e-01 3.119709409050059907e-03
2.861275819383881203e+00 9.990460831966553323e-01 3.030652848155305536e-03
2.871266430292782168e+00 9.990759539336632189e-01 2.943869226737714107e-03
2.881257335607128489e+00 9.991049679909741466e-01 2.859308668566314365e-03
2.891248526870455304e+00 9.991331473534807994e-01 2.776922170351178720e-03
2.901239995843712283e+00 9.991605135203658339e-01 2.696661591672954925e-03
2.911231734500447477e+00 9.991870875136800167e-01 2.618479644933393094e-03
2.921223735022079104e+00 9.992128898868205544e-01 2.542329885327648288e-03
2.931215989793250820e+00 9.992379407329088359e-01 2.468166700839199545e-03
2.941208491397271363e+00 9.992622596930684775e-01 2.395945302258265311e-03
2.951201232611634584e+00 9.992858659646034480e-01 2.325621713224637708e-03
2.961194206403621632e+00 9.993087783090769394e-01 2.257152760295909680e-03
2.971187405925983960e+00 9.993310150602912056e-01 2.190496063042102030e-03
2.981180824512705385e+00 9.993525941321680373e-01 2.125610024167742026e-03
2.991174455674841859e+00 9.993735330265307581e-01 2.062453819662480366e-03
3.001168293096438955e+00 9.993938488407881904e-01 2.000987388981368027e-03
3.011162330630526185e+00 9.994135582755201419e-01 1.941171425255949160e-03
3.021156562295185921e+00 9.994326776419656388e-01 1.882967365537357475e-03
3.031150982269697369e+00 9.994512228694131251e-01 1.826337381072628673e-03
3.041145584890752485e+00 9.994692095124940723e-01 1.771244367615470777e-03
3.051140364648746939e+00 9.994866527583800009e-01 1.717651935772758270e-03
3.061135316184139921e+00 9.995035674338824672e-01 1.665524401388033529e-03
3.071130434283886768e+00 9.995199680124577934e-01 1.614826775963322438e-03
3.081125713877938654e+00 9.995358686211158750e-01 1.565524757120584321e-03
3.091121150035813780e+00 9.995512830472338406e-01 1.517584719104132134e-03
3.101116737963233838e+00 9.995662247452749005e-01 1.470973703325369501e-03
3.111112472998828427e+00 9.995807068434130471e-01 1.425659408951200288e-03
3.121108350610903859e+00 9.995947421500636088e-01 1.381610183537473543e-03
3.131104366394279470e+00 9.996083431603206559e-01 1.338795013708832075e-03
3.141100516067184767e+00 9.996215220623011488e-01 1.297183515886331847e-03
3.151096795468222300e+00 9.996342907433967140e-01 1.256745927064202182e-03
3.161093200553390048e+00 9.996466607964336060e-01 1.217453095637113097e-03
3.171089727393167301e+00 9.996586435257410752e-01 1.179276472279311080e-03
3.181086372169658727e+00 9.996702499531285868e-01 1.142188100876976838e-03
3.191083131173798826e+00 9.996814908237730002e-01 1.106160609515152889e-03
3.201080000802615455e+00 9.996923766120157095e-01 1.071167201520572404e-03
3.211076977556549306e+00 9.997029175270704116e-01 1.037181646561713107e-03
3.221074058036830667e+00 9.997131235186423881e-01 1.004178271807380741e-03
3.231071238942913038e+00 9.997230042824595264e-01 9.721319531451117673e-04
3.241068517069959576e+00 9.997325692657157425e-01 9.410181064606666255e-04
3.251065889306385071e+00 9.997418276724276964e-01 9.108126789798625614e-04
3.261063352631451195e+00 9.997507884687051316e-01 8.814921406739742015e-04
3.271060904112911949e+00 9.997594603879358388e-01 8.530334757299067516e-04
3.281058540904713272e+00 9.997678519358851323e-01 8.254141740863202379e-04
3.291056260244741960e+00 9.997759713957115046e-01 7.986122230368575140e-04
3.301054059452622980e+00 9.997838268328983480e-01 7.726060989016000262e-04
3.311051935927569190e+00 9.997914261001029645e-01 7.473747587678471411e-04
3.321049887146275026e+00 9.997987768419233090e-01 7.228976323012826360e-04
3.331047910660859923e+00 9.998058864995830186e-01 6.991546136285625756e-04
3.341046004096858812e+00 9.998127623155356192e-01 6.761260532923230124e-04
3.351044165151255250e+00 9.998194113379890169e-01 6.537927502795762508e-04
3.361042391590562950e+00 9.998258404253502762e-01 6.321359441244256980e-04
3.371040681248948623e+00 9.998320562505917941e-01 6.111373070859967005e-04
3.381039032026399216e+00 9.998380653055400913e-01 5.907789364024440028e-04
3.391037441886931791e+00 9.998438739050867774e-01 5.710433466218585224e-04
3.401035908856845591e+00 9.998494881913239096e-01 5.519134620108601379e-04
3.411034431023012736e+00 9.998549141376034122e-01 5.333726090416239388e-04
3.421033006531212450e+00 9.998601575525219998e-01 5.154045089580494392e-04
3.431031633584502583e+00 9.998652240838320493e-01 4.979932704217438768e-04
3.441030310441629769e+00 9.998701192222793077e-01 4.811233822384498437e-04
3.451029035415479118e+00 9.998748483053682135e-01 4.647797061655099273e-04
3.461027806871560308e+00 9.998794165210559415e-01 4.489474698009198426e-04
3.471026623226529217e+00 9.998838289113753941e-01 4.336122595544822855e-04
3.481025482946747740e+00 9.998880903759889138e-01 4.187600137015337317e-04
3.491024384546876913e+00 9.998922056756720522e-01 4.043770155196760741e-04
3.501023326588505569e+00 9.998961794357299482e-01 3.904498865089054164e-04
3.511022307678812293e+00 9.999000161493458716e-01 3.769655796954901172e-04
3.521021326469260249e+00 9.999037201808634867e-01 3.639113730199104442e-04
3.531020381654325302e+00 9.999072957690032792e-01 3.512748628091326777e-04
3.541019471970255683e+00 9.999107470300138134e-01 3.390439573334515797e-04
3.551018596193862731e+00 9.999140779607597063e-01 3.272068704480947583e-04
3.561017753141341835e+00 9.999172924417457642e-01 3.157521153197452167e-04
3.571016941667124467e+00 9.999203942400793910e-01 3.046684982380990707e-04
3.581016160662758185e+00 9.999233870123708234e-01 2.939451125125379068e-04
3.591015409055815510e+00 9.999262743075735260e-01 2.835713324539570362e-04
3.601014685808832549e+00 9.999290595697643003e-01 2.735368074417549012e-04
3.611013989918272493e+00 9.999317461408645524e-01 2.638314560759512720e-04
3.621013320413518866e+00 9.999343372633039406e-01 2.544454604143668499e-04
3.631012676355892310e+00 9.999368360826261792e-01 2.453692602947608989e-04
3.641012056837694910e+00 9.999392456500389992e-01 2.365935477417887775e-04
3.651011460981280266e+00 9.999415689249081529e-01 2.281092614586076339e-04
3.661010887938146219e+00 9.999438087771974626e-01 2.199075814029246721e-04
3.671010336888052894e+00 9.999459679898540232e-01 2.119799234472494382e-04
3.681009807038165160e+00 9.999480492611414473e-01 2.043179341230802134e-04
3.691009297622216412e+00 9.999500552069203740e-01 1.969134854487225919e-04
3.701008807899695885e+00 9.999519883628777972e-01 1.897586698404083957e-04
3.711008337155057735e+00 9.999538511867059887e-01 1.828457951063526944e-04
3.721007884696952317e+00 9.999556460602316843e-01 1.761673795233583740e-04
3.731007449857477898e+00 9.999573752914965308e-01 1.697161469955489111e-04
3.741007031991451459e+00 9.999590411167894599e-01 1.634850222947831233e-04
3.751006630475703929e+00 9.999606457026321005e-01 1.574671263822788575e-04
3.761006244708389623e+00 9.999621911477172276e-01 1.516557718109469920e-04
3.771005874108318778e+00 9.999636794848023591e-01 1.460444582079122185e-04
3.781005518114307851e+00 9.999651126825580549e-01 1.406268678366731889e-04
3.791005176184546244e+00 9.999664926473725846e-01 1.353968612383312778e-04
3.801004847795983910e+00 9.999678212251131848e-01 1.303484729512949822e-04
3.811004532443733606e+00 9.999691002028447961e-01 1.254759073088458122e-04
3.821004229640491801e+00 9.999703313105074987e-01 1.207735343139303168e-04
3.831003938915975571e+00 9.999715162225528697e-01 1.162358855905240779e-04
3.841003659816375926e+00 9.999726565595402628e-01 1.118576504108937324e-04
3.851003391903826234e+00 9.999737538896936728e-01 1.076336717980657894e-04
3.861003134755887078e+00 9.999748097304200778e-01 1.035589427027935400e-04
3.871002887965045325e+00 9.999758255497901427e-01 9.962860225429710792e-05
3.881002651138227399e+00 9.999768027679811766e-01 9.583793208403630734e-05
3.891002423896327667e+00 9.999777427586843404e-01 9.218235272176139128e-05
3.901002205873751905e+00 9.999786468504757719e-01 8.865742006307282845e-05
3.911001996717970552e+00 9.999795163281530730e-01 8.525882190770853468e-05
3.921001796089088831e+00 9.999803524340370453e-01 8.198237456776469225e-05
3.931001603659428412e+00 9.999811563692404537e-01 7.882401954504490672e-05
3.941001419113121074e+00 9.999819292949033711e-01 7.577982027672215085e-05
3.951001242145714798e+00 9.999826723333966605e-01 7.284595894848790274e-05
3.961001072463792738e+00 9.999833865694935930e-01 7.001873337435404905e-05
3.971000909784602406e+00 9.999840730515111575e-01 6.729455394226491151e-05
3.981000753835696848e+00 9.999847327924205054e-01 6.466994062466915156e-05
3.991000604354586478e+00 9.999853667709281968e-01 6.214152005319469496e-05
4.001000461088402460e+00 9.999859759325285813e-01 5.970602265656369174e-05
4.011000323793568079e+00 9.999865611905275342e-01 5.736027986087916740e-05
4.021000192235484327e+00 9.999871234270386600e-01 5.510122135141053514e-05
4.031000066188219932e+00 9.999876634939526276e-01 5.292587239500097832e-05
4.040999945434215590e+00 9.999881822138797505e-01 5.083135122221654094e-05
4.050999829763997084e+00 9.999886803810666969e-01 4.881486646835401307e-05
4.060999718975892847e+00 9.999891587622881106e-01 4.687371467242275298e-05
4.070999612875765727e+00 9.999896180977133620e-01 4.500527783321405667e-05
4.080999511276750980e+00 9.999900591017490958e-01 4.320702102157093300e-05
4.090999413999002243e+00 9.999904824638583545e-01 4.147649004797088532e-05
4.100999320869446407e+00 9.999908888493563852e-01 3.981130918453449702e-05
4.110999231721547353e+00 9.999912789001842439e-01 3.820917894057370925e-05
4.120999146395072366e+00 9.999916532356600829e-01 3.666787389079477694e-05
4.130999064735873638e+00 9.999920124532094556e-01 3.518524055527303058e-05
4.140998986595670672e+00 9.999923571290739721e-01 3.375919533031880717e-05
4.150998911831841554e+00 9.999926878190004143e-01 3.238772246935686856e-05
4.160998840307223112e+00 9.999930050589089792e-01 3.106887211294487078e-05
4.170998771889914636e+00 9.999933093655426486e-01 2.980075836706033802e-05
4.180998706453089575e+00 9.999936012370975735e-01 2.858155742878970429e-05
4.190998643874812579e+00 9.999938811538346961e-01 2.740950575855762787e-05
4.200998584037864525e+00 9.999941495786733858e-01 2.628289829803981132e-05
4.210998526829571986e+00 9.999944069577675343e-01 2.520008673290791691e-05
4.220998472141639368e+00 9.999946537210646635e-01 2.415947779956095025e-05
4.230998419869993477e+00 9.999948902828478259e-01 2.315953163500354697e-05
4.240998369914626309e+00 9.999951170422619606e-01 2.219876016903804766e-05
4.250998322179450284e+00 9.999953343838235975e-01 2.127572555794398235e-05
4.260998276572149024e+00 9.999955426779155720e-01 2.038903865882559221e-05
4.270998233004043243e+00 9.999957422812666419e-01 1.953735754381542269e-05
4.280998191389953966e+00 9.999959335374163372e-01 1.871938605332948988e-05
4.290998151648073744e+00 9.999961167771653781e-01 1.793387238757747682e-05
4.300998113699841419e+00 9.999962923190128805e-01 1.717960773553944015e-05
4.310998077469820444e+00 9.999964604695789072e-01 1.645542494062885195e-05
4.320998042885582535e+00 9.999966215240149170e-01 1.576019720227024852e-05
4.330998009877596644e+00 9.999967757664008916e-01 1.509283681262858894e-05
4.340997978379117939e+00 9.999969234701300280e-01 1.445229392773621159e-05
4.350997948326083886e+00 9.999970648982814403e-01 1.383755537227240810e-05
4.360997919657012112e+00 9.999972003039809820e-01 1.324764347725984437e-05
4.370997892312903588e+00 9.999973299307506336e-01 1.268161494995143036e-05
4.380997866237147598e+00 9.999974540128466760e-01 1.213855977519071837e-05
4.390997841375432031e+00 9.999975727755872068e-01 1.161760014753858268e-05
4.400997817675653678e+00 9.999976864356688866e-01 1.111788943346859471e-05
4.410997795087833850e+00 9.999977952014739158e-01 1.063861116294339790e-05
4.420997773564039335e+00 9.999978992733662420e-01 1.017897804969425591e-05
4.430997753058299793e+00 9.999979988439791079e-01 9.738231039535942985e-06
4.440997733526534041e+00 9.999980940984923850e-01 9.315638386059223191e-06
4.450997714926478110e+00 9.999981852149013584e-01 8.910494753053221185e-06
4.460997697217610636e+00 9.999982723642762972e-01 8.522120343020187232e-06
4.470997680361089799e+00 9.999983557110136978e-01 8.149860051155301507e-06
4.480997664319684048e+00 9.999984354130789788e-01 7.793082644174410134e-06
4.490997649057709928e+00 9.999985116222412929e-01 7.451179963382778602e-06
4.500997634540973458e+00 9.999985844843003457e-01 7.123566151388204943e-06
4.510997620736707958e+00 9.999986541393056649e-01 6.809676901872066327e-06
4.520997607613519875e+00 9.999987207217684304e-01 6.508968731842084614e-06
4.530997595141333711e+00 9.999987843608660887e-01 6.220918275800837813e-06
4.540997583291340511e+00 9.999988451806401946e-01 5.945021601274192768e-06
4.550997572035947236e+00 9.999989033001873695e-01 5.680793545154033448e-06
4.560997561348726137e+00 9.999989588338437096e-01 5.427767070319743208e-06
4.570997551204371234e+00 9.999990118913630877e-01 5.185492642013008668e-06
4.580997541578652132e+00 9.999990625780890152e-01 4.953537623450515528e-06
4.590997532448368723e+00 9.999991109951205104e-01 4.731485690169100712e-06
4.600997523791312993e+00 9.999991572394726358e-01 4.518936262607815263e-06
4.610997515586227280e+00 9.999992014042311528e-01 4.315503956441222818e-06
4.620997507812764304e+00 9.999992435787016243e-01 4.120818050188012135e-06
4.630997500451453419e+00 9.999992838485536328e-01 3.934521969628709092e-06
4.640997493483661529e+00 9.999993222959595585e-01 3.756272788575888284e-06
4.650997486891561117e+00 9.999993589997289156e-01 3.585740745549821502e-06
4.660997480658096492e+00 9.999993940354372501e-01 3.422608775921938424e-06
4.670997474766951818e+00 9.999994274755512613e-01 3.266572059097822312e-06
4.680997469202520911e+00 9.999994593895487061e-01 3.117337580320727910e-06
4.690997463949877933e+00 9.999994898440345281e-01 2.974623706685751614e-06
4.700997458994749856e+00 9.999995189028524356e-01 2.838159776963840888e-06
4.710997454323487155e+00 9.999995466271928146e-01 2.707685704843777537e-06
4.720997449923041600e+00 9.999995730756964241e-01 2.582951595209097223e-06
4.730997445780936950e+00 9.999995983045545378e-01 2.463717373075645589e-06
4.740997441885247632e+00 9.999996223676050899e-01 2.349752424824075958e-06
4.750997438224575653e+00 9.999996453164259336e-01 2.240835251370091007e-06
4.760997434788027505e+00 9.999996672004241027e-01 2.136753132923621929e-06
4.770997431565192848e+00 9.999996880669218546e-01 2.037301804996383641e-06
4.780997428546125860e+00 9.999997079612398254e-01 1.942285145325403193e-06
4.790997425721322145e+00 9.999997269267768552e-01 1.851514871388127253e-06
4.800997423081704518e+00 9.999997450050870373e-01 1.764810248192614377e-06
4.810997420618599918e+00 9.999997622359534377e-01 1.681997806034094805e-06
4.820997418323726080e+00 9.999997786574599257e-01 1.602911067916825660e-06
4.830997416189172888e+00 9.999997943060592309e-01 1.527390286347692730e-06
4.840997414207387273e+00 9.999998092166392238e-01 1.455282189215409947e-06
4.850997412371157225e+00 9.999998234225865312e-01 1.386439734476436452e-06
4.860997410673597585e+00 9.999998369558473765e-01 1.320721873375877807e-06
4.870997409108134946e+00 9.999998498469865327e-01 1.257993321938652988e-06
4.880997407668495214e+00 9.999998621252439435e-01 1.198124340473101999e-06
4.890997406348690291e+00 9.999998738185889025e-01 1.140990520835972903e-06
4.900997405143006524e+00 9.999998849537723444e-01 1.086472581214362075e-06
4.910997404045990500e+00 9.999998955563773606e-01 1.034456168186697532e-06
4.920997403052440156e+00 9.999999056508672712e-01 9.848316658312350048e-07
4.930997402157392351e+00 9.999999152606320330e-01 9.374940116568013156e-07
4.940997401356112206e+00 9.999999244080333138e-01 8.923425191366531894e-07
4.950997400644083335e+00 9.999999331144466819e-01 8.492807066323291125e-07
4.960997400016998959e+00 9.999999414003035714e-01 8.082161325002626530e-07
4.970997399470752143e+00 9.999999492851303629e-01 7.690602361796901401e-07
4.980997399001426906e+00 9.999999567875865747e-01 7.317281850660271534e-07
4.990997398605289348e+00 9.999999639255015005e-01 6.961387269794155904e-07
5.000997398278778761e+00 9.999999707159092921e-01 6.622140480435429117e-07
5.010997398018503191e+00 9.999999771750823774e-01 6.298796357951220291e-07
5.020997397821227892e+00 9.999999833185641007e-01 5.990641473495886827e-07
5.030997397683871775e+00 9.999999891611998093e-01 5.696992824536235868e-07
5.040997397603496744e+00 9.999999947171663850e-01 5.417196612600448297e-07
5.050997397577305037e+00 1.000000000000001110e+00 5.150627066654388012e-07
