0.000000000000000000e+00 0.000000000000000000e+00 7.884841455832128920e-01
3.942420727916064665e-05 7.884840404381945195e-03 7.884837250075995563e-01
1.576967660312199044e-04 1.576966608904852366e-02 7.884807811343108597e-01
3.548173608475835858e-04 2.365443920751641657e-02 7.884727914661595616e-01
6.307851717540512203e-04 3.153909669594277126e-02 7.884572351816637736e-01
9.855986221367009532e-04 3.942355029462766419e-02 7.884315940989479188e-01
1.419255126932473989e-03 4.730768657959964762e-02 7.883933537284000259e-01
1.931750841189723003e-03 5.519136700516999450e-02 7.883400044136723572e-01
2.523080409112816568e-03 6.307442795833612115e-02 7.882690425603953166e-01
3.193236713713666630e-03 7.095668082590732284e-02 7.881779719517515437e-01
3.942210627201725263e-03 7.883791207521602395e-02 7.880643051498223972e-01
4.769990762252577024e-03 8.671788334926600061e-02 7.879255649813797779e-01
5.676563224303687524e-03 9.459633157715423291e-02 7.877592861065458862e-01
6.661911365034166484e-03 1.024729691005862309e-01 7.875630166684883804e-01
7.726015537193491219e-03 1.103474838172848194e-01 7.873343200220574989e-01
8.868852850952036251e-03 1.182195393420702734e-01 7.870707765390023702e-01
1.009039693195391309e-02 1.260887751863646600e-01 7.867699854871320619e-01
1.139061768126000199e-02 1.339548069568455846e-01 7.864295669805108080e-01
1.276948103737617947e-02 1.418172265739436888e-01 7.860471639974974112e-01
1.422694874056850897e-02 1.496756025108456623e-01 7.856204444631577077e-01
1.576297809967361352e-02 1.575294800536275186e-01 7.851471033922966525e-01
1.737752176161848697e-02 1.653783815831047221e-01 7.846248650890761400e-01
1.907052748386968075e-02 1.732218068789434795e-01 7.840514853989047905e-01
2.084193791003700891e-02 1.810592334465333519e-01 7.834247540080082617e-01
2.269169034886169695e-02 1.888901168670738262e-01 7.827424967858187532e-01
2.461971655682316379e-02 1.967138911712774940e-01 7.820025781650538077e-01
2.662594252460239938e-02 2.045299692370402267e-01 7.812029035540972721e-01
2.871028826764313729e-02 2.123377432113733310e-01 7.803414217760447080e-01
3.087266762105466203e-02 2.201365849568349686e-01 7.794161275285357293e-01
3.311298803910220356e-02 2.279258465226385033e-01 7.784250638582687065e-01
3.543115039953230461e-02 2.357048606405532654e-01 7.773663246438788921e-01
3.782704881298139254e-02 2.434729412456487496e-01 7.762380570806609592e-01
4.030057043771597541e-02 2.512293840218674523e-01 7.750384641604370906e-01
4.285159529995240246e-02 2.589734669723434135e-01 7.737658071397041093e-01
4.547999612000293984e-02 2.667044510143148917e-01 7.724184079890510368e-01
4.818563814449302457e-02 2.744215805984073220e-01 7.709946518167134499e-01
5.096837898489200297e-02 2.821240843519928765e-01 7.694929892590302023e-01
5.382806846259637762e-02 2.898111757462583649e-01 7.679119388304901372e-01
5.676454846080042360e-02 2.974820537865410786e-01 7.662500892260036833e-01
5.977765278338443428e-02 3.051359037254174900e-01 7.645061015680086891e-01
6.286720702104516001e-02 3.127718977979565551e-01 7.626787115910186321e-01
6.603302842488689706e-02 3.203891959784748722e-01 7.607667317562504250e-01
6.927492578768458531e-02 3.279869467580581177e-01 7.587690532890273287e-01
7.259269933302263389e-02 3.355642879420402958e-01 7.566846481317361928e-01
7.598614061250465179e-02 3.431203474665605602e-01 7.545125708052375924e-01
7.945503241122026106e-02 3.506542442332474807e-01 7.522519601717713167e-01
8.299914866164512239e-02 3.581650889610114019e-01 7.499020410925779645e-01
8.661825436613995732e-02 3.656519850538591521e-01 7.474621259736639045e-01
9.031210552820302662e-02 3.731140294835806892e-01 7.449316161933738911e-01
9.408044909261886746e-02 3.805503136860950431e-01 7.423100034057018570e-01
9.792302289463342135e-02 3.879599244701837923e-01 7.395968707135687215e-01
1.018395556182730560e-01 3.953419449372844174e-01 7.367918937066172402e-01
1.058297667639109263e-01 4.026954554109627993e-01 7.338948413584285291e-01
1.098933666251706576e-01 4.100195343746351195e-01 7.309055767784420343e-01
1.140300562752423058e-01 4.173132594160643416e-01 7.278240578142650685e-01
1.182395275626708375e-01 4.245757081771153740e-01 7.246503375004835767e-01
1.225214631166620383e-01 4.318059593072162139e-01 7.213845643505374383e-01
1.268755363619349652e-01 4.390030934189408929e-01 7.180269824886907903e-01
1.313014115431341000e-01 4.461661940441016272e-01 7.145779316196166908e-01
1.357987437587982182e-01 4.532943485887168666e-01 7.110378468336194802e-01
1.403671790048663937e-01 4.603866492852031200e-01 7.074072582460345648e-01
1.450063542276851525e-01 4.674421941401277758e-01 7.036867904698771437e-01
1.497158973864640141e-01 4.744600878758526985e-01 6.998771619213475237e-01
1.544954275251098630e-01 4.814394428643976043e-01 6.959791839583482354e-01
1.593445548533542200e-01 4.883793800518563266e-01 6.919937598527149403e-01
1.642628808370704685e-01 4.952790298717090756e-01 6.879218835974161284e-01
1.692499982976618800e-01 5.021375331453886703e-01 6.837646385505249391e-01
1.743054915203847421e-01 5.089540419684800421e-01 6.795231959183113402e-01
1.794289363714550167e-01 5.157277205809579490e-01 6.751988130803416865e-01
1.846199004237710772e-01 5.224577462198998212e-01 6.707928317600034829e-01
1.898779430910695620e-01 5.291433099531471784e-01 6.663066760443870917e-01
1.952026157703163067e-01 5.357836174924308636e-01 6.617418502579620609e-01
2.005934619921198869e-01 5.423778899845222989e-01 6.570999366949684672e-01
2.060500175789410915e-01 5.489253647790246493e-01 6.523825932159108554e-01
2.115718108108577689e-01 5.554252961714732928e-01 6.475915507139858862e-01
2.171583625986320265e-01 5.618769561204765006e-01 6.427286104576938053e-01
2.228091866638139407e-01 5.682796349376901812e-01 6.377956413162797489e-01
2.285237897256044426e-01 5.746326419494907078e-01 6.327945768750136146e-01
2.343016716941890010e-01 5.809353061292797937e-01 6.277274124476558415e-01
2.401423258702432006e-01 5.871869766994323170e-01 6.225962019937609782e-01
2.460452391503023251e-01 5.933870237019736038e-01 6.174030549487414810e-01
2.520098922376778350e-01 5.995348385371555011e-01 6.121501329748557652e-01
2.580357598585958923e-01 6.056298344691815050e-01 6.068396466414869295e-01
2.641223109832261384e-01 6.116714470984170315e-01 6.014738520432471036e-01
2.702690090512624432e-01 6.176591347995051828e-01 5.960550473645777059e-01
2.764753122017124531e-01 6.235923791248985104e-01 5.905855693996109324e-01
2.827406735065476351e-01 6.294706851734015451e-01 5.850677900361188621e-01
2.890645412078625132e-01 6.352935819234105663e-01 5.795041127124034297e-01
2.954463589581888261e-01 6.410606225306237915e-01 5.738969688559671933e-01
3.018855660636085014e-01 6.467713845900838754e-01 5.682488143127613078e-01
3.083815977293085653e-01 6.524254703625019802e-01 5.625621257757248417e-01
3.149338853072205513e-01 6.580225069648998337e-01 5.568393972212185572e-01
3.215418565453888045e-01 6.635621465256907880e-01 5.510831363618076129e-01
3.282049358387121862e-01 6.690440663044047165e-01 5.452958611236730091e-01
3.349225444807076846e-01 6.744679687763444065e-01 5.394800961567240982e-01
3.416941009159466525e-01 6.798335816825392675e-01 5.336383693852502219e-01
3.485190209928188398e-01 6.851406580454394435e-01 5.277732086066880823e-01
3.553967182162843796e-01 6.903889761508692491e-01 5.218871381457972358e-01
3.623266040002787181e-01 6.955783394968284572e-01 5.159826755712280111e-01
3.693080879194428068e-01 7.007085767097990248e-01 5.100623284811363067e-01
3.763405779598567591e-01 7.057795414292794556e-01 5.041285913641541105e-01
3.834234807684631097e-01 7.107911121613312844e-01 4.981839425416606515e-01
3.905562019008744223e-01 7.157431921019771215e-01 4.922308411969208986e-01
3.977381460672673175e-01 7.206357089313469855e-01 4.862717244962682650e-01
4.049687173760762038e-01 7.254686145795163910e-01 4.803090048071090301e-01
4.122473195752074937e-01 7.302418849650270660e-01 4.743450670171170946e-01
4.195733562905070158e-01 7.349555197071219181e-01 4.683822659585753501e-01
4.269462312612225530e-01 7.396095418127646148e-01 4.624229239414023307e-01
4.343653485722153706e-01 7.442039973395456753e-01 4.564693283979839866e-01
4.418301128826846447e-01 7.487389550356073897e-01 4.505237296425128046e-01
4.493399296511812469e-01 7.532145059577444179e-01 4.445883387471205039e-01
4.568942053566982242e-01 7.576307630688574601e-01 4.386653255366786408e-01
4.644923477156376324e-01 7.619878608159549316e-01 4.327568167037359470e-01
4.721337658944649851e-01 7.662859546899091212e-01 4.268648940446633233e-01
4.798178707178753499e-01 7.705252207681826393e-01 4.209915928176874433e-01
4.875440748723063877e-01 7.747058552417462884e-01 4.151389002231167802e-01
4.953117931046467914e-01 7.788280739274103803e-01 4.093087540056958851e-01
5.031204424160000688e-01 7.828921117667876350e-01 4.035030411786708071e-01
5.109694422503764377e-01 7.868982223131033571e-01 3.977235968688086487e-01
5.188582146781965942e-01 7.908466772070557038e-01 3.919722032812901769e-01
5.267861845745047678e-01 7.947377656429184256e-01 3.862505887830853801e-01
5.347527797917986936e-01 7.985717938260633586e-01 3.805604271031298724e-01
5.427574313273969553e-01 8.023490844230600771e-01 3.749033366473460416e-01
5.507995734852745295e-01 8.060699760054913510e-01 3.692808799262944919e-01
5.588786440323102456e-01 8.097348224885978496e-01 3.636945630930035755e-01
5.669940843488990856e-01 8.133439925658411118e-01 3.581458355883026523e-01
5.751453395738940211e-01 8.168978691404454873e-01 3.526360898907839880e-01
5.833318587438527381e-01 8.203968487549498922e-01 3.471666613683326297e-01
5.915530949265742633e-01 8.238413410197698017e-01 3.417388282279995027e-01
5.998085053489196072e-01 8.272317680417351493e-01 3.363538115608448731e-01
6.080975515189221969e-01 8.305685638535376114e-01 3.310127754782504206e-01
6.164196993422010884e-01 8.338521738449824472e-01 3.257168273360870336e-01
6.247744192326988300e-01 8.370830541969068728e-01 3.204670180430304605e-01
6.331611862177757288e-01 8.402616713185859787e-01 3.152643424492407309e-01
6.415794800376986018e-01 8.433885012894114519e-01 3.101097398115593151e-01
6.500287852395711941e-01 8.464640293055883946e-01 3.050040943313336861e-01
6.585085912657592244e-01 8.494887491325577855e-01 2.999482357609483119e-01
6.670183925368710076e-01 8.524631625638107169e-01 2.949429400751265029e-01
6.755576885293615996e-01 8.553877788867235710e-01 2.899889302030653204e-01
6.841259838478316313e-01 8.582631143560019993e-01 2.850868768174770751e-01
6.927227882921019875e-01 8.610896916752839303e-01 2.802373991766360928e-01
7.013476169191471543e-01 8.638680394874118651e-01 2.754410660155633406e-01
7.099999900999762747e-01 8.665986918738461942e-01 2.706983964825292466e-01
7.186794335715560589e-01 8.692821878636554089e-01 2.660098611171108351e-01
7.273854784838735821e-01 8.719190709524784477e-01 2.613758828661051914e-01
7.361176614422394460e-01 8.745098886318206644e-01 2.567968381336754868e-01
7.448755245449372175e-01 8.770551919290074938e-01 2.522730578621885100e-01
7.536586154163270601e-01 8.795555349580855831e-01 2.478048286402906031e-01
7.624664872355138012e-01 8.820114744819269603e-01 2.433923938348653282e-01
7.712986987606934575e-01 8.844235694857582875e-01 2.390359547436161913e-01
7.801548143492924581e-01 8.867923807623061538e-01 2.347356717651241653e-01
7.890344039740178061e-01 8.891184705087176177e-01 2.304916655833392225e-01
7.979370432349350839e-01 8.914024019353852246e-01 2.263040183635783020e-01
8.068623133676952053e-01 8.936447388867782005e-01 2.221727749572187105e-01
8.158098012480294869e-01 8.958460454743527590e-01 2.180979441123941931e-01
8.247790993926348291e-01 8.980068857215881550e-01 2.140794996881210110e-01
8.337698059565694653e-01 9.001278232211714636e-01 2.101173818694026807e-01
8.427815247272817389e-01 9.022094208043280883e-01 2.062114983809839874e-01
8.518138651153925878e-01 9.042522402222742395e-01 2.023617256975466239e-01
8.608664421423533053e-01 9.062568418397445313e-01 1.985679102482608704e-01
8.699388764250979289e-01 9.082237843405284172e-01 1.948298696137285013e-01
8.790307941578117124e-01 9.101536244449308644e-01 1.911473937134717804e-01
8.881418270909324786e-01 9.120469166390531290e-01 1.875202459822421508e-01
8.972716125075042015e-01 9.139042129157737282e-01 1.839481645335384330e-01
9.064197931969975031e-01 9.157260625272948262e-01 1.804308633088389513e-01
9.155860174267135276e-01 9.175130117491031578e-01 1.769680332111639998e-01
9.247699389108835488e-01 9.192656036551832832e-01 1.735593432216945842e-01
9.339712167775759966e-01 9.209843779043074274e-01 1.702044414982800125e-01
9.431895155335215941e-01 9.226698705372150533e-01 1.669029564547703515e-01
9.524245050269631863e-01 9.243226137844859913e-01 1.636544978202106593e-01
9.616758604086376172e-01 9.259431358849014027e-01 1.604586576770304918e-01
9.709432620909923539e-01 9.275319609140776356e-01 1.573150114774563568e-01
9.802263957057387733e-01 9.290896086231535955e-01 1.542231190374648009e-01
9.895249520598422555e-01 9.306165942873015906e-01 1.511825255076805763e-01
9.988386270900447839e-01 9.321134285638306149e-01 1.481927623207072720e-01
1.008167121816015976e+00 9.335806173596429280e-01 1.452533481144573091e-01
1.017510142292224584e+00 9.350186617078023454e-01 1.423637896311235884e-01
1.026867399558619720e+00 9.364280576529693256e-01 1.395235825915074057e-01
1.036238609590210080e+00 9.378092961454552734e-01 1.367322125444854208e-01
1.045623493245625868e+00 9.391628629436462594e-01 1.339891556914631354e-01
1.055021776214745577e+00 9.404892385245462449e-01 1.312938796857235635e-01
1.064433188965467458e+00 9.417888980021875689e-01 1.286458444066373163e-01
1.073857466689704054e+00 9.430623110536585640e-01 1.260445027087540582e-01
1.083294349248673294e+00 9.443099418524959487e-01 1.234893011458464557e-01
1.092743581117560314e+00 9.455322490091937482e-01 1.209796806700246252e-01
1.102204911329617731e+00 9.467296855185788340e-01 1.185150773060832941e-01
1.111678093419773639e+00 9.479026987138068350e-01 1.160949228012845419e-01
1.121162885367811946e+00 9.490517302267346134e-01 1.137186452508170409e-01
1.130659049541186345e+00 9.501772159544262797e-01 1.113856696992072404e-01
1.140166352637529856e+00 9.512795860315546026e-01 1.090954187179899032e-01
1.149684565626916566e+00 9.523592648084618917e-01 1.068473129599745580e-01
1.159213463693931301e+00 9.534166708346477614e-01 1.046407716904708823e-01
1.168752826179600746e+00 9.544522168474558477e-01 1.024752132958597489e-01
1.178302436523235297e+00 9.554663097657344339e-01 1.003500557699182755e-01
1.187862082204233172e+00 9.564593506882509422e-01 9.826471717832621633e-02
1.197431554683890287e+00 9.574317348966442376e-01 9.621861610179781310e-02
1.207010649347262099e+00 9.583838518627033620e-01 9.421117205829789010e-02
1.216599165445118036e+00 9.593160852597655275e-01 9.224180590481384501e-02
1.226196906036031375e+00 9.602288129780320869e-01 9.030994021916569081e-02
1.235803677928639210e+00 9.611224071436044181e-01 8.841499966234540875e-02
1.245419291624111802e+00 9.619972341410482075e-01 8.655641132188410247e-02
1.255043561258864182e+00 9.628536546392983952e-01 8.473360503675088362e-02
1.264676304547542207e+00 9.636920236207229262e-01 8.294601370429179055e-02
1.274317342726315028e+00 9.645126904131686718e-01 8.119307356971951217e-02
1.283966500496501961e+00 9.653159987248162155e-01 7.947422449866624328e-02
1.293623605968560408e+00 9.661022866816786347e-01 7.778891023331195587e-02
1.303288490606463235e+00 9.668718868675809652e-01 7.613657863259949699e-02
1.312960989172485826e+00 9.676251263664642499e-01 7.451668189704580003e-02
1.322640939672427685e+00 9.683623268068635159e-01 7.292867677865544351e-02
1.332328183301289881e+00 9.690838044084116865e-01 7.137202477643884990e-02
1.342022564389426353e+00 9.697898700302290953e-01 6.984619231803264328e-02
1.351723930349187475e+00 9.704808292210621579e-01 6.835065092791417496e-02
1.361432131622074548e+00 9.711569822710383049e-01 6.688487738269592586e-02
1.371147021626418105e+00 9.718186242649122786e-01 6.544835385397868022e-02
1.380868456705596437e+00 9.724660451366797798e-01 6.404056803923503793e-02
1.390596296076806571e+00 9.730995297254427800e-01 6.266101328118682534e-02
1.400330401780398804e+00 9.737193578324124799e-01 6.130918867613167206e-02
1.410070638629787432e+00 9.743258042789425533e-01 5.998459917166523020e-02
1.419816874161946574e+00 9.749191389654878748e-01 5.868675565423646379e-02
1.429568978588499295e+00 9.754996269313903623e-01 5.741517502696408259e-02
1.439326824747408029e+00 9.760675284153955689e-01 5.616938027813249412e-02
1.449090288055274289e+00 9.766230989168095400e-01 5.494890054077582880e-02
1.458859246460252779e+00 9.771665892572087841e-01 5.375327114374866405e-02
1.468633580395583671e+00 9.776982456426196455e-01 5.258203365467181006e-02
1.478413172733750613e+00 9.782183097260881421e-01 5.143473591513134102e-02
1.488197908741264675e+00 9.787270186705651076e-01 5.031093206849877181e-02
1.497987676034078675e+00 9.792246052120333610e-01 4.921018258072989288e-02
1.507782364533634345e+00 9.797112977228097375e-01 4.813205425448940922e-02
1.517581866423542314e+00 9.801873202749563641e-01 4.707612023693823200e-02
1.527386076106896917e+00 9.806528927037392318e-01 4.604196002150994643e-02
1.537194890164225836e+00 9.811082306710758871e-01 4.502915944399269593e-02
1.547008207312073003e+00 9.815535457289170651e-01 4.403731067322265436e-02
1.556825928362215894e+00 9.819890453825089738e-01 4.306601219668504399e-02
1.566647956181513868e+00 9.824149331534880458e-01 4.211486880130884541e-02
1.576474195652386445e+00 9.828314086427600849e-01 4.118349154973140885e-02
1.586304553633919978e+00 9.832386675931207298e-01 4.027149775229951073e-02
1.596138938923597816e+00 9.836369019515759371e-01 3.937851093506390676e-02
1.605977262219652646e+00 9.840262999313232894e-01 3.850416080401498908e-02
1.615819436084037219e+00 9.844070460733576056e-01 3.764808320579796780e-02
1.625665374906008376e+00 9.847793213076672103e-01 3.680992008513698371e-02
1.635514994866321015e+00 9.851433030139893354e-01 3.598931943918871196e-02
1.645368213902027588e+00 9.854991650820938975e-01 3.518593526903734947e-02
1.655224951671877776e+00 9.858470779715690080e-01 3.439942752853441393e-02
1.665085129522313245e+00 9.861872087710829016e-01 3.362946207067861459e-02
1.674948670454052824e+00 9.865197212570975260e-01 3.287571059172283983e-02
1.684815499089261204e+00 9.868447759520128093e-01 3.213785057318764571e-02
1.694685541639296966e+00 9.871625301817212872e-01 3.141556522195285833e-02
1.704558725873032587e+00 9.874731381325548840e-01 3.070854340859153694e-02
1.714434981085741105e+00 9.877767509076068597e-01 3.001647960410333202e-02
1.724314238068542338e+00 9.880735165824133803e-01 2.933907381519722593e-02
1.734196429078403323e+00 9.883635802599816111e-01 2.867603151826686805e-02
1.744081487808685438e+00 9.886470841251517871e-01 2.802706359219513457e-02
1.753969349360231522e+00 9.889241674982812702e-01 2.739188625011813871e-02
1.763859950212986583e+00 9.891949668882423774e-01 2.677022097027271716e-02
1.773753228198145404e+00 9.894596160447240996e-01 2.616179442604552041e-02
1.783649122470818638e+00 9.897182460098310486e-01 2.556633841533591592e-02
1.793547573483212698e+00 9.899709851689727502e-01 2.498358978933949009e-02
1.803448522958313927e+00 9.902179593010387304e-01 2.441329038085339465e-02
1.813351913864071241e+00 9.904592916278542880e-01 2.385518693219969635e-02
1.823257690388069951e+00 9.906951028629141787e-01 2.330903102285780334e-02
1.833165797912688966e+00 9.909255112593913228e-01 2.277457899689224949e-02
1.843076182990734502e+00 9.911506326574193171e-01 2.225159189025742792e-02
1.852988793321543426e+00 9.913705805306478602e-01 2.173983535805644116e-02
1.862903577727547555e+00 9.915854660320703173e-01 2.123907960182686711e-02
1.872820486131294038e+00 9.917953980391248647e-01 2.074909929692214661e-02
1.882739469532911603e+00 9.920004831980705484e-01 2.026967352005328363e-02
1.892660479988017785e+00 9.922008259676389219e-01 1.980058567705176090e-02
1.902583470586059144e+00 9.923965286619657045e-01 1.934162343091088559e-02
1.912508395429076691e+00 9.925876914928037920e-01 1.889257863015928601e-02
1.922435209610890094e+00 9.927744126110218392e-01 1.845324723761684882e-02
1.932363869196694006e+00 9.929567881473930768e-01 1.802342925958025019e-02
1.942294331203057167e+00 9.931349122526778039e-01 1.760292867548203868e-02
1.952226553578320534e+00 9.933088771370049974e-01 1.719155336806436202e-02
1.962160495183384423e+00 9.934787731085588103e-01 1.678911505410549121e-02
1.972096115772880243e+00 9.936446886115749555e-01 1.639542921573466580e-02
1.982033375976717471e+00 9.938067102636534145e-01 1.601031503236817824e-02
1.991972237282001235e+00 9.939649228923933544e-01 1.563359531329707938e-02
2.001912662015313149e+00 9.941194095713581369e-01 1.526509643095460764e-02
2.011854613325346985e+00 9.942702516553756364e-01 1.490464825488911106e-02
2.021798055165896724e+00 9.944175288151823056e-01 1.455208408646612925e-02
2.031742952279184333e+00 9.945613190714183149e-01 1.420724059432121843e-02
2.041689270179527504e+00 9.947016988279803185e-01 1.386995775058314298e-02
2.051636975137335117e+00 9.948387429047410579e-01 1.354007876788520387e-02
2.061586034163429115e+00 9.949725245696425802e-01 1.321745003718068946e-02
2.071536414993682573e+00 9.951031155701720587e-01 1.290192106637673766e-02
2.081488086073969956e+00 9.952305861642279927e-01 1.259334441979927631e-02
2.091441016545423359e+00 9.953550051503849971e-01 1.229157565850020825e-02
2.101395176229987172e+00 9.954764398975665118e-01 1.199647328141650524e-02
2.111350535616268953e+00 9.955949563741327557e-01 1.170789866738953383e-02
2.121307065845675854e+00 9.957106191763935854e-01 1.142571601805158175e-02
2.131264738698834371e+00 9.958234915565543632e-01 1.114979230158533174e-02
2.141223526582287207e+00 9.959336354501040489e-01 1.087999719736082102e-02
2.151183402515460141e+00 9.960411115026537310e-01 1.061620304145333149e-02
2.161144340117895357e+00 9.961459790962352567e-01 1.035828477304454043e-02
2.171106313596745441e+00 9.962482963750678433e-01 1.010611988170831595e-02
2.181069297734521406e+00 9.963481202708018847e-01 9.859588355581516347e-03
2.191033267877090740e+00 9.964455065272493917e-01 9.618572630419298941e-03
2.200998199921921472e+00 9.965405097246091692e-01 9.382957539533571395e-03
2.210964070306564722e+00 9.966331833031956133e-01 9.152630264612391167e-03
2.220930855997372166e+00 9.967235795866801196e-01 8.927480287417391761e-03
2.230898534478443551e+00 9.968117498048543190e-01 8.707399342355558181e-03
2.240867083740801124e+00 9.968977441159225794e-01 8.492281369921018258e-03
2.250836482271781680e+00 9.969816116283339857e-01 8.282022471001864242e-03
2.260806709044647089e+00 9.970634004221612390e-01 8.076520862046432728e-03
2.270777743508406221e+00 9.971431575700359096e-01 7.875676831082877721e-03
2.280749565577841587e+00 9.972209291576474843e-01 7.679392694585372020e-03
2.290722155623742484e+00 9.972967603038159767e-01 7.487572755179754298e-03
2.300695494463333546e+00 9.973706951801452059e-01 7.300123260180986506e-03
2.310669563350900013e+00 9.974427770302660701e-01 7.116952360954336039e-03
2.320644343968602197e+00 9.975130481886769207e-01 6.937970073091814620e-03
2.330619818417476896e+00 9.975815500991903617e-01 6.763088237395005996e-03
2.340595969208620897e+00 9.976483233329934697e-01 6.592220481655074529e-03
2.350572779254553435e+00 9.977134076063298718e-01 6.425282183220437128e-03
2.360550231860753634e+00 9.977768417978114535e-01 6.262190432342246149e-03
2.370528310717369802e+00 9.978386639653673562e-01 6.102863996287597598e-03
2.380506999891095266e+00 9.978989113628375929e-01 5.947223284210097910e-03
2.390486283817208957e+00 9.979576204562197184e-01 5.795190312767204907e-03
2.400466147291777208e+00 9.980148269395747729e-01 5.646688672473551204e-03
2.410446575464011865e+00 9.980705657506009354e-01 5.501643494779261470e-03
2.420427553828784273e+00 9.981248710858809936e-01 5.359981419862124008e-03
2.430409068219287594e+00 9.981777764158115129e-01 5.221630565122310601e-03
2.440391104799849664e+00 9.982293144992204770e-01 5.086520494368219729e-03
2.450373650058888408e+00 9.982795173976802827e-01 4.954582187681895976e-03
2.460356690802009361e+00 9.983284164895225299e-01 4.825748011952402973e-03
2.470340214145243074e+00 9.983760424835611547e-01 4.699951692065414480e-03
2.480324207508416201e+00 9.984224254325315684e-01 4.577128282737263909e-03
2.490308658608657577e+00 9.984675947462503531e-01 4.457214140981608473e-03
2.500293555454033534e+00 9.985115792045035077e-01 4.340146899196855451e-03
2.510278886337310666e+00 9.985544069696677960e-01 4.225865438862471193e-03
2.520264639829843389e+00 9.985961055990731916e-01 4.114309864832276994e-03
2.530250804775585838e+00 9.986367020571098596e-01 4.005421480212865461e-03
2.540237370285219676e+00 9.986762227270878922e-01 3.899142761815262322e-03
2.550224325730404029e+00 9.987146934228539052e-01 3.795417336168020218e-03
2.560211660738135553e+00 9.987521394001704911e-01 3.694189956079945748e-03
2.570199365185225293e+00 9.987885853678639680e-01 3.595406477740739105e-03
2.580187429192883020e+00 9.988240554987460884e-01 3.499013838347869460e-03
2.590175843121411692e+00 9.988585734403143679e-01 3.404960034248102896e-03
2.600164597565006286e+00 9.988921623252363657e-01 3.313194099582169542e-03
2.610153683346656983e+00 9.989248447816228005e-01 3.223666085421155857e-03
2.620143091513154499e+00 9.989566429430947192e-01 3.136327039383312101e-03
2.630132813330194441e+00 9.989875784586488283e-01 3.051128985720071712e-03
2.640122840277579819e+00 9.990176725023263149e-01 2.968024905860197279e-03
2.650113164044519021e+00 9.990469457826891553e-01 2.886968719401098327e-03
2.660103776525016617e+00 9.990754185521086850e-01 2.807915265536491903e-03
2.670094669813358745e+00 9.991031106158700936e-01 2.730820284909721372e-03
2.680085836199685545e+00 9.991300413410985071e-01 2.655640401882192799e-03
2.690077268165654623e+00 9.991562296655086550e-01 2.582333107206534906e-03
2.700068958380189788e+00 9.991816941059842305e-01 2.510856741094253785e-03
2.710060899695314163e+00 9.992064527669890506e-01 2.441170476667803204e-03
2.720053085142067673e+00 9.992305233488153471e-01 2.373234303787167404e-03
2.730045507926506243e+00 9.992539231556715196e-01 2.307009013241214605e-03
2.740038161425780938e+00 9.992766691036139015e-01 2.242456181294260296e-03
2.750031039184294812e+00 9.992987777283259820e-01 2.179538154578447660e-03
2.760024134909937477e+00 9.993202651927475255e-01 2.118218035322739362e-03
2.770017442470396052e+00 9.993411472945582519e-01 2.058459666909493672e-03
2.780010955889538504e+00 9.993614394735186313e-01 2.000227619749782131e-03
2.790004669343870702e+00 9.993811568186705685e-01 1.943487177468793386e-03
2.799998577159064972e+00 9.994003140754018633e-01 1.888204323392854694e-03
2.809992673806558372e+00 9.994189256523769993e-01 1.834345727329792994e-03
2.819986953900218918e+00 9.994370056283369275e-01 1.781878732634545022e-03
2.829981412193080637e+00 9.994545677587709509e-01 1.730771343552119134e-03
2.839976043574143905e+00 9.994716254824634882e-01 1.680992212830200588e-03
2.849970843065239290e+00 9.994881919279184901e-01 1.632510629593883532e-03
2.859965805817957563e+00 9.995042799196633965e-01 1.585296507475202413e-03
2.869960927110641435e+00 9.995199019844359656e-01 1.539320372990327698e-03
2.879956202345436811e+00 9.995350703572559725e-01 1.494553354157477027e-03
2.889951627045405758e+00 9.995497969873845534e-01 1.450967169348783533e-03
2.899947196851699438e+00 9.995640935441724162e-01 1.408534116369548461e-03
2.909942907520786104e+00 9.995779714228010260e-01 1.367227061758490405e-03
2.919938754921739044e+00 9.995914417499170979e-01 1.327019430302789522e-03
2.929934735033578264e+00 9.996045153891635060e-01 1.287885194761900732e-03
2.939930843942668126e+00 9.996172029466086073e-01 1.249798865794298332e-03
2.949927077840167389e+00 9.996295147760755340e-01 1.212735482081482748e-03
2.959923433019534311e+00 9.996414609843740084e-01 1.176670600643760310e-03
2.969919905874081056e+00 9.996530514364357911e-01 1.141580287342479133e-03
2.979916492894580937e+00 9.996642957603568691e-01 1.107441107563569404e-03
2.989913190666924958e+00 9.996752033523462755e-01 1.074230117077407901e-03
2.999909995869826762e+00 9.996857833815854244e-01 1.041924853070187035e-03
3.009906905272576871e+00 9.996960447949978512e-01 1.010503325342129808e-03
3.019903915732843114e+00 9.997059963219321332e-01 9.799440076680503934e-04
3.029901024194518566e+00 9.997156464787591013e-01 9.502258293159108289e-04
3.039898227685613019e+00 9.997250035733847850e-01 9.213281667191803572e-04
3.049895523316192403e+00 9.997340757096814245e-01 8.932308352989449867e-04
3.059892908276358625e+00 9.997428707918368795e-01 8.659140814318624100e-04
3.069890379834275596e+00 9.997513965286244364e-01 8.393585745601959795e-04
3.079887935334234772e+00 9.997596604375950102e-01 8.135453994402990245e-04
3.089885572194764229e+00 9.997676698491917424e-01 7.884560485260513289e-04
3.099883287906778584e+00 9.997754319107895471e-01 7.640724144838823007e-04
3.109881080031766221e+00 9.997829535906603837e-01 7.403767828361371151e-04
3.119878946200020042e+00 9.997902416818655880e-01 7.173518247296673412e-04
3.129876884108902857e+00 9.997973028060763712e-01 6.949805898266433546e-04
3.139874891521153177e+00 9.998041434173239317e-01 6.732464993147024976e-04
3.149872966263226548e+00 9.998107698056802883e-01 6.521333390336556948e-04
3.159871106223675064e+00 9.998171881008709461e-01 6.316252527160845206e-04
3.169869309351561082e+00 9.998234042758205042e-01 6.117067353392634937e-04
3.179867573654906021e+00 9.998294241501322066e-01 5.923626265859428851e-04
3.189865897199176015e+00 9.998352533935027653e-01 5.735781044116232711e-04
3.199864278105797766e+00 9.998408975290733469e-01 5.553386787160477208e-04
3.209862714550710816e+00 9.998463619367180533e-01 5.376301851167253213e-04
3.219861204762950457e+00 9.998516518562701183e-01 5.204387788223880035e-04
3.229859747023263505e+00 9.998567723906874871e-01 5.037509286043645928e-04
3.239858339662754716e+00 9.998617285091591089e-01 4.875534108639349414e-04
3.249856981061564287e+00 9.998665250501516111e-01 4.718333037938060907e-04
3.259855669647576448e+00 9.998711667243984635e-01 4.565779816319229397e-04
3.269854403895156469e+00 9.998756581178323000e-01 4.417751090058978864e-04
3.279853182323916538e+00 9.998800036944606173e-01 4.274126353664107494e-04
3.289852003497510946e+00 9.998842077991867416e-01 4.134787895079942467e-04
3.299850866022459694e+00 9.998882746605760596e-01 3.999620741756824862e-04
3.309849768546997861e+00 9.998922083935690708e-01 3.868512607560573848e-04
3.319848709759952055e+00 9.998960130021415926e-01 3.741353840512853975e-04
3.329847688389646176e+00 9.998996923819130078e-01 3.618037371347883270e-04
3.339846703202828060e+00 9.999032503227036628e-01 3.498458662872442997e-04
3.349845753003625415e+00 9.999066905110419734e-01 3.382515660116620980e-04
3.359844836632525311e+00 9.999100165326220147e-01 3.270108741263182866e-04
3.369843952965377643e+00 9.999132318747123715e-01 3.161140669343891186e-04
3.379843100912422571e+00 9.999163399285173615e-01 3.055516544691518760e-04
3.389842279417341953e+00 9.999193439914907389e-01 2.953143758136673211e-04
3.399841487456332079e+00 9.999222472696031039e-01 2.853931944938929385e-04
3.409840724037201731e+00 9.999250528795634585e-01 2.757792939442112331e-04
3.419839988198489333e+00 9.999277638509962429e-01 2.664640730443893868e-04
3.429839279008602748e+00 9.999303831285736299e-01 2.574391417270184535e-04
3.439838595564980395e+00 9.999329135741041874e-01 2.486963166545083518e-04
3.449837936993273679e+00 9.999353579685790194e-01 2.402276169647431312e-04
3.459837302446547636e+00 9.999377190141756078e-01 2.320252600845256006e-04
3.469836691104503323e+00 9.999399993362199091e-01 2.240816576099655035e-04
3.479836102172718881e+00 9.999422014851078178e-01 2.163894112529868969e-04
3.489835534881909229e+00 9.999443279381861061e-01 2.089413088531521774e-04
3.499834988487206200e+00 9.999463811015945058e-01 2.017303204540193940e-04
3.509834462267453326e+00 9.999483633120678228e-01 1.947495944432679402e-04
3.519833955524522828e+00 9.999502768387006357e-01 1.879924537558444746e-04
3.529833467582645934e+00 9.999521238846742488e-01 1.814523921393973937e-04
3.539832997787764057e+00 9.999539065889458955e-01 1.751230704812819811e-04
3.549832545506893311e+00 9.999556270279025272e-01 1.689983131964326393e-04
3.559832110127508109e+00 9.999572872169779636e-01 1.630721046754106732e-04
3.569831691056938983e+00 9.999588891122351830e-01 1.573385857919482370e-04
3.579831287721785937e+00 9.999604346119140841e-01 1.517920504693191937e-04
3.589830899567349576e+00 9.999619255579449417e-01 1.464269423048777735e-04
3.599830526057073765e+00 9.999633637374284456e-01 1.412378512521148888e-04
3.609830166672005625e+00 9.999647508840830978e-01 1.362195103595900702e-04
3.619829820910268392e+00 9.999660886796598591e-01 1.313667925661049789e-04
3.629829488286548500e+00 9.999673787553254867e-01 1.266747075514906102e-04
3.639829168331597309e+00 9.999686226930143418e-01 1.221383986423873449e-04
3.649828860591744384e+00 9.999698220267494442e-01 1.177531397724021440e-04
3.659828564628425429e+00 9.999709782439338834e-01 1.135143324960326576e-04
3.669828280017722211e+00 9.999720927866121434e-01 1.094175030557526120e-04
3.679828006349915803e+00 9.999731670527024496e-01 1.054582995016570284e-04
3.689827743229050938e+00 9.999742023972009175e-01 1.016324888630696868e-04
3.699827490272511898e+00 9.999752001333570561e-01 9.793595437151865208e-05
3.709827247110611737e+00 9.999761615338224052e-01 9.436469273448889192e-05
3.719827013386192149e+00 9.999770878317718603e-01 9.091481145936357452e-05
3.729826788754233569e+00 9.999779802219983527e-01 8.758252622696830738e-05
3.739826572881476352e+00 9.999788398619817720e-01 8.436415831413483963e-05
3.749826365446054410e+00 9.999796678729321320e-01 8.125613206470264831e-05
3.759826166137135939e+00 9.999804653408079780e-01 7.825497240837875357e-05
3.769825974654576584e+00 9.999812333173098144e-01 7.535730242687776104e-05
3.779825790708582378e+00 9.999819728208497738e-01 7.255984096676563392e-05
3.789825614019380673e+00 9.999826848374975263e-01 6.985940029843214758e-05
3.799825444316901280e+00 9.999833703219029868e-01 6.725288382061810413e-05
3.809825281340467829e+00 9.999840301981963719e-01 6.473728380992486194e-05
3.819825124838495789e+00 9.999846653608657210e-01 6.230967921473469701e-05
3.829824974568201146e+00 9.999852766756128775e-01 5.996723349297162456e-05
3.839824830295316183e+00 9.999858649801880439e-01 5.770719249313354928e-05
3.849824691793814591e+00 9.999864310852032423e-01 5.552688237802748671e-05
3.859824558845644127e+00 9.999869757749250132e-01 5.342370759064088588e-05
3.869824431240465934e+00 9.999874998080476862e-01 5.139514886158297758e-05
3.879824308775403630e+00 9.999880039184458891e-01 4.943876125753140095e-05
3.889824191254799057e+00 9.999884888159088492e-01 4.755217227012033688e-05
3.899824078489973811e+00 9.999889551868548221e-01 4.573307994470779278e-05
3.909823970299000528e+00 9.999894036950278675e-01 4.397925104846084896e-05
3.919823866506477739e+00 9.999898349821756405e-01 4.228851927719909977e-05
3.929823766943314922e+00 9.999902496687100850e-01 4.065878350043792546e-05
3.939823671446522013e+00 9.999906483543506974e-01 3.908800604407482973e-05
3.949823579859004230e+00 9.999910316187503589e-01 3.757421101016366379e-05
3.959823492029366232e+00 9.999914000221050703e-01 3.611548263322327202e-05
3.969823407811719829e+00 9.999917541057470327e-01 3.470996367252900518e-05
3.979823327065497907e+00 9.999920943927220751e-01 3.335585383983743796e-05
3.989823249655275017e+00 9.999924213883516488e-01 3.205140826199672112e-05
3.999823175450592849e+00 9.999927355807791685e-01 3.079493597789716044e-05
4.009823104325789700e+00 9.999930374415019196e-01 2.958479846921895581e-05
4.019823036159839269e+00 9.999933274258880900e-01 2.841940822443646966e-05
4.029822970836190343e+00 9.999936059736801441e-01 2.729722733554088801e-05
4.039822908242610922e+00 9.999938735094835440e-01 2.621676612694590162e-05
4.049822848271044329e+00 9.999941304432425904e-01 2.517658181604379643e-05
4.059822790817459115e+00 9.999943771707028306e-01 2.417527720488230034e-05
4.069822735781714940e+00 9.999946140738604772e-01 2.321149940243559577e-05
4.079822683067422240e+00 9.999948415213990582e-01 2.228393857694611671e-05
4.089822632581814332e+00 9.999950598691140780e-01 2.139132673781703821e-05
4.099822584235620404e+00 9.999952694603252423e-01 2.053243654653884968e-05
4.109822537942941167e+00 9.999954706262773607e-01 1.970608015613694713e-05
4.119822493621130732e+00 9.999956636865294790e-01 1.891110807863088957e-05
4.129822451190683807e+00 9.999958489493329106e-01 1.814640807999975277e-05
4.139822410575120237e+00 9.999960267119986090e-01 1.741090410215197749e-05
4.149822371700881973e+00 9.999961972612531058e-01 1.670355521140211099e-05
4.159822334497225604e+00 9.999963608735852327e-01 1.602335457296103822e-05
4.169822298896122881e+00 9.999965178155815204e-01 1.536932845095051415e-05
4.179822264832163015e+00 9.999966683442528259e-01 1.474053523345721817e-05
4.189822232242459421e+00 9.999968127073504132e-01 1.413606448214602400e-05
4.199822201066557348e+00 9.999969511436730407e-01 1.355503600595670326e-05
4.209822171246346834e+00 9.999970838833651676e-01 1.299659895841298027e-05
4.219822142725977443e+00 9.999972111482059445e-01 1.245993095807762780e-05
4.229822115451775666e+00 9.999973331518892117e-01 1.194423723169207757e-05
4.239822089372165870e+00 9.999974501002957261e-01 1.144874977954400650e-05
4.249822064437593916e+00 9.999975621917567281e-01 1.097272656261131341e-05
4.259822040600450777e+00 9.999976696173096258e-01 1.051545071103602006e-05
4.269822017815002368e+00 9.999977725609456858e-01 1.007622975348675682e-05
4.279821996037322052e+00 9.999978711998502856e-01 9.654394866973700859e-06
4.289821975225220463e+00 9.999979657046358383e-01 9.249300146685152251e-06
4.299821955338183344e+00 9.999980562395672790e-01 8.860321895420218992e-06
4.309821936337307591e+00 9.999981429627807783e-01 8.486857932197513132e-06
4.319821918185242637e+00 9.999982260264953515e-01 8.128326919625174360e-06
4.329821900846130056e+00 9.999983055772183604e-01 7.784167709623029594e-06
4.339821884285549380e+00 9.999983817559436883e-01 7.453838707093235896e-06
4.349821868470463038e+00 9.999984546983445854e-01 7.136817251141281719e-06
4.359821853369164835e+00 9.999985245349598539e-01 6.832599013454855995e-06
4.369821838951229331e+00 9.999985913913742586e-01 6.540697413453688366e-06
4.379821825187462103e+00 9.999986553883930540e-01 6.260643049829127120e-06
4.389821812049854444e+00 9.999987166422111828e-01 5.991983148097879570e-06
4.399821799511536291e+00 9.999987752645765893e-01 5.734281023800030002e-06
4.409821787546733596e+00 9.999988313629486480e-01 5.487115560977144047e-06
4.419821776130727464e+00 9.999988850406514862e-01 5.250080705571973955e-06
4.429821765239810638e+00 9.999989363970216427e-01 5.022784973396988271e-06
4.439821754851250191e+00 9.999989855275519535e-01 4.804850972324660920e-06
4.449821744943249335e+00 9.999990325240297739e-01 4.595914938358167978e-06
4.459821735494911898e+00 9.999990774746709832e-01 4.395626285246836681e-06
4.469821726486206792e+00 9.999991204642496578e-01 4.203647167316390071e-06
4.479821717897932487e+00 9.999991615742235274e-01 4.019652055189709190e-06
4.489821709711687703e+00 9.999992008828547663e-01 3.843327324079503914e-06
4.499821701909836769e+00 9.999992384653271227e-01 3.674370854339926465e-06
4.509821694475482090e+00 9.999992743938590500e-01 3.512491643969791850e-06
4.519821687392433063e+00 9.999993087378130641e-01 3.357409432765657377e-06
4.529821680645179427e+00 9.999993415638013250e-01 3.208854337828606751e-06
4.539821674218863734e+00 9.999993729357874450e-01 3.066566500134103552e-06
4.549821668099254701e+00 9.999994029151850761e-01 2.930295741879803630e-06
4.559821662272723231e+00 9.999994315609533890e-01 2.799801234331682743e-06
4.569821656726217540e+00 9.999994589296883341e-01 2.674851175894274543e-06
4.579821651447241848e+00 9.999994850757119025e-01 2.555222480136204516e-06
4.589821646423830614e+00 9.999995100511575030e-01 2.440700473507563430e-06
4.599821641644530779e+00 9.999995339060525623e-01 2.331078602490972587e-06
4.609821637098377778e+00 9.999995566883984610e-01 2.226158149933447757e-06
4.619821632774877784e+00 9.999995784442473612e-01 2.125747960311391491e-06
4.629821628663989053e+00 9.999995992177765913e-01 2.029664173686196824e-06
4.639821624756100604e+00 9.999996190513604777e-01 1.937729968113067851e-06
4.649821621042018904e+00 9.999996379856389561e-01 1.849775310270707354e-06
4.659821617512946546e+00 9.999996560595847406e-01 1.765636714084532477e-06
4.669821614160468037e+00 9.999996733105674940e-01 1.685157007121024046e-06
4.679821610976534707e+00 9.999996897744156676e-01 1.608185104535699930e-06
4.689821607953447824e+00 9.999997054854763423e-01 1.534575790362032412e-06
4.699821605083845277e+00 9.999997204766730707e-01 1.464189505933400703e-06
4.709821602360687365e+00 9.999997347795611669e-01 1.396892145234873881e-06
4.719821599777243470e+00 9.999997484243812185e-01 1.332554856986265778e-06
4.729821597327078742e+00 9.999997614401109347e-01 1.271053853262484066e-06
4.739821595004041654e+00 9.999997738545146619e-01 1.212270224461714914e-06
4.749821592802253356e+00 9.999997856941911234e-01 1.156089760436437274e-06
4.759821590716095230e+00 9.999997969846199375e-01 1.102402777606647154e-06
4.769821588740197349e+00 9.999998077502058047e-01 1.051103951878996392e-06
4.779821586869428707e+00 9.999998180143211401e-01 1.002092157199804204e-06
4.789821585098887446e+00 9.999998277993474849e-01 9.552703095740892453e-07
4.799821583423890203e+00 9.999998371267152519e-01 9.105452163868925899e-07
4.809821581839964111e+00 9.999998460169416958e-01 8.678274308672130348e-07
4.819821580342837031e+00 9.999998544896676611e-01 8.270311115388664476e-07
4.829821578928428671e+00 9.999998625636931093e-01 7.880738865064977006e-07
4.839821577592842594e+00 9.999998702570112030e-01 7.508767224288245429e-07
4.849821576332358219e+00 9.999998775868407241e-01 7.153637980349768832e-07
4.859821575143423722e+00 9.999998845696579375e-01 6.814623820435093036e-07
4.869821574022648036e+00 9.999998912212266777e-01 6.491027153473129006e-07
4.879821572966794641e+00 9.999998975566275483e-01 6.182178973312314740e-07
4.889821571972774450e+00 9.999999035902861211e-01 5.887437761927006861e-07
4.899821571037640489e+00 9.999999093359995816e-01 5.606188431391726336e-07
4.909821570158579007e+00 9.999999148069629307e-01 5.337841303394684703e-07
4.919821569332905931e+00 9.999999200157937418e-01 5.081831125095110711e-07
4.929821568558061529e+00 9.999999249745561425e-01 4.837616120161382108e-07
4.939821567831602422e+00 9.999999296947839067e-01 4.604677073858736812e-07
4.949821567151198920e+00 9.999999341875024372e-01 4.382516451086501157e-07
4.959821566514629687e+00 9.999999384632500821e-01 4.170657546295259159e-07
4.969821565919774642e+00 9.999999425320985624e-01 3.968643664244249465e-07
4.979821565364614067e+00 9.999999464036726238e-01 3.776037330588473313e-07
4.989821564847221502e+00 9.999999500871687985e-01 3.592419531313601160e-07
4.999821564365760196e+00 9.999999535913735027e-01 3.417388980064709224e-07
5.009821563918479548e+00 9.999999569246804665e-01 3.250561412442214671e-07
5.019821563503710671e+00 9.999999600951074985e-01 3.091568906365110525e-07
5.029821563119863725e+00 9.999999631103121400e-01 2.940059227627718044e-07
5.039821562765423479e+00 9.999999659776074301e-01 2.795695199801688549e-07
5.049821562438945755e+00 9.999999687039764495e-01 2.658154097659924906e-07
5.059821562139055651e+00 9.999999712960865317e-01 2.527127063323432898e-07
5.069821561864441328e+00 9.999999737603029182e-01 2.402318544355882051e-07
5.079821561613855785e+00 9.999999761027017486e-01 2.283445753053856236e-07
5.089821561386108861e+00 9.999999783290823840e-01 2.170238146203417696e-07
5.099821561180069018e+00 9.999999804449797303e-01 2.062436924595691587e-07
5.109821560994658007e+00 9.999999824556754513e-01 1.959794551615722430e-07
5.119821560828849094e+00 9.999999843662091825e-01 1.862074290239868238e-07
5.129821560681664394e+00 9.999999861813889668e-01 1.769049757797468967e-07
5.139821560552173985e+00 9.999999879058014685e-01 1.680504497872495870e-07
5.149821560439492352e+00 9.999999895438217434e-01 1.596231568740336936e-07
5.159821560342776614e+00 9.999999910996224539e-01 1.516033147753822832e-07
5.169821560261223858e+00 9.999999925771828613e-01 1.439720151111055385e-07
5.179821560194072028e+00 9.999999939802973747e-01 1.367111868455574412e-07
5.189821560140593704e+00 9.999999953125836560e-01 1.298035611776892858e-07
5.199821560100098772e+00 9.999999965774906130e-01 1.232326378096463514e-07
5.209821560071929980e+00 9.999999977783059490e-01 1.169826525440708656e-07
5.219821560055462051e+00 9.999999989181630466e-01 1.110385461618870413e-07
5.229821560050099905e+00 1.000000000000048184e+00 1.053859345339116676e-07
