0.000000000000000000e+00 0.000000000000000000e+00 6.838095554863413694e-01
3.419047777431706721e-05 6.838094977476273824e-03 6.838093245332393932e-01
1.367618764546653278e-04 1.367618187176359440e-02 6.838077079228441768e-01
3.077140228352987037e-04 2.051423989917108837e-02 6.838033203113251801e-01
5.470464666157703621e-04 2.735223442553842699e-02 6.837947770077570375e-01
8.547583419349258534e-04 3.419011697459051896e-02 6.837806943444046937e-01
1.230848229007473239e-03 4.102782524014962628e-02 6.837596900779061571e-01
1.675314015903246398e-03 4.786528310251339513e-02 6.837303838212611673e-01
2.188152760512361052e-03 5.470240064930627366e-02 6.836913975064794480e-01
2.769360552742524718e-03 6.153907420110983628e-02 6.836413558776883725e-01
3.418932376997810968e-03 6.837518634217548685e-02 6.835788870144431373e-01
4.136861974991225266e-03 7.521060595651993252e-02 6.835026228849222507e-01
4.923141708946377967e-03 8.204518826970058631e-02 6.834111999286336392e-01
5.777762425246536424e-03 8.887877489656363650e-02 6.833032596681903881e-01
6.700713318592219081e-03 9.571119389525330201e-02 6.831774493496556300e-01
7.691981796731374964e-03 1.025422598277649505e-01 6.830324226108875907e-01
8.751553345828966615e-03 1.093717738273191076e-01 6.828668401772504115e-01
9.879411396545526719e-03 1.161995236728264602e-01 6.826793705839886428e-01
1.107553719089691621e-02 1.230252838707067559e-01 6.824686909244936928e-01
1.233990964997011552e-02 1.298488157443163649e-01 6.822334876236217927e-01
1.367250524257235082e-02 1.366698675312304767e-01 6.819724572351506531e-01
1.507329785489331005e-02 1.434881744886165877e-01 6.816843072623932631e-01
1.654225866126250027e-02 1.503034590069253496e-01 6.813677570009133433e-01
1.807935599608600716e-02 1.571154307321146748e-01 6.810215384022179075e-01
1.968455522704899707e-02 1.639237866966104518e-01 6.806443969572292252e-01
2.135781862967233921e-02 1.707282114591958111e-01 6.802350925982683094e-01
2.309910526331348732e-02 1.775283772540071636e-01 6.797924006182111123e-01
2.490837084870357182e-02 1.843239441488017938e-01 6.793151126054104427e-01
2.678556764711413629e-02 1.911145602126473886e-01 6.788020373929056772e-01
2.873064434124846314e-02 1.978998616931687826e-01 6.782520020203783861e-01
3.074354591795365119e-02 2.046794732034711850e-01 6.776638527072441631e-01
3.282421355285074921e-02 2.114530079188431666e-01 6.770364558352091056e-01
3.497258449698117944e-02 2.182200677833253111e-01 6.763686989385574444e-01
3.718859196556845853e-02 2.249802437262128918e-01 6.756594917003794221e-01
3.947216502899486557e-02 2.317331158885429510e-01 6.749077669528908974e-01
4.182322850609300480e-02 2.384782538595971169e-01 6.741124816799454189e-01
4.424170285985255108e-02 2.452152169234322887e-01 6.732726180197898813e-01
4.672750409564241370e-02 2.519435543154320278e-01 6.723871842660683606e-01
4.928054366204842607e-02 2.586628054888504558e-01 6.714552158650386460e-01
5.190072835442622462e-02 2.653725003913011138e-01 6.704757764069276815e-01
5.458796022126846670e-02 2.720721597511209788e-01 6.694479586093203816e-01
5.734213647348470472e-02 2.787612953735198462e-01 6.683708852904475251e-01
6.016314939669122064e-02 2.854394104464030857e-01 6.672437103302161221e-01
6.305088626660691753e-02 2.921059998557342663e-01 6.660656196168077692e-01
6.600522926764984533e-02 2.987605505102827186e-01 6.648358319766582980e-01
6.902605541482750851e-02 3.054025416755782318e-01 6.635536000856265826e-01
7.211323647901181355e-02 3.120314453168748225e-01 6.622182113591579267e-01
7.526663891568786957e-02 3.186467264509014741e-01 6.608289888192553363e-01
7.848612379726320476e-02 3.252478435061578743e-01 6.593852919360818632e-01
8.177154674902152587e-02 3.318342486914901968e-01 6.578865174420361894e-01
8.512275788880256655e-02 3.384053883726611534e-01 6.563321001161680490e-01
8.853960177048621205e-02 3.449607034566070096e-01 6.547215135368309458e-01
9.202191733135635376e-02 3.514996297830539351e-01 6.530542708005079300e-01
9.556953784341620795e-02 3.580215985231448017e-01 6.513299252047884957e-01
9.918229086872347444e-02 3.645260365847083905e-01 6.495480708935286174e-01
1.028599982188097700e-01 3.710123670237829852e-01 6.477083434622804559e-01
1.066024759182448434e-01 3.774800094619881752e-01 6.458104205221434357e-01
1.104095341724020962e-01 3.839283805093195445e-01 6.438540222202590035e-01
1.142809773394771744e-01 3.903568941919245416e-01 6.418389117152477619e-01
1.182166039068074936e-01 3.967649623844006213e-01 6.397648956059700520e-01
1.222162064715352214e-01 4.031519952461410927e-01 6.376318243120804308e-01
1.262795717256520456e-01 4.095174016612397327e-01 6.354395924049415223e-01
1.304064804454586335e-01 4.158605896814505098e-01 6.331881388875616468e-01
1.345967074854668155e-01 4.221809669716866109e-01 6.308774474223276529e-01
1.388500217767673350e-01 4.284779412575312474e-01 6.285075465054139610e-01
1.431661863298803739e-01 4.347509207742215054e-01 6.260785095868637296e-01
1.475449582421011763e-01 4.409993147165577887e-01 6.235904551354591874e-01
1.519860887093469615e-01 4.472225336891826331e-01 6.210435466476196265e-01
1.564893230425062065e-01 4.534199901566658975e-01 6.184379925996946747e-01
1.610544006882853318e-01 4.595910988928277319e-01 6.157740463431493616e-01
1.656810552545426030e-01 4.657352774287263908e-01 6.130520059422716050e-01
1.703690145400926503e-01 4.718519464987345202e-01 6.102722139541669755e-01
1.751180005689598751e-01 4.779405304841263802e-01 6.074350571509449237e-01
1.799277296290528738e-01 4.840004578535981317e-01 6.045409661841363302e-01
1.847979123152263259e-01 4.900311616001440940e-01 6.015904151915251186e-01
1.897282535766909861e-01 4.960320796737146543e-01 5.985839213467136766e-01
1.947184527687268463e-01 5.020026554090852855e-01 5.955220443518834950e-01
1.997682037086486451e-01 5.079423379483716250e-01 5.924053858743510981e-01
2.048771947359674661e-01 5.138505826576325042e-01 5.892345889276570103e-01
2.100451087766864178e-01 5.197268515370091491e-01 5.860103371980625031e-01
2.152716234116632543e-01 5.255706136238618154e-01 5.827333543174633146e-01
2.205564109489670799e-01 5.313813453883711180e-01 5.794044030838606529e-01
2.258991385001511421e-01 5.371585311210880231e-01 5.760242846306584674e-01
2.312994680603589481e-01 5.429016633119262414e-01 5.725938375461819829e-01
2.367570565921752468e-01 5.486102430201070801e-01 5.691139369449323970e-01
2.422715561131294493e-01 5.542837802345826903e-01 5.655854934922091015e-01
2.478426137867535406e-01 5.599217942244794077e-01 5.620094523838441436e-01
2.534698720170929231e-01 5.655238138791213176e-01 5.583867922828971153e-01
2.591529685465634447e-01 5.710893780372142681e-01 5.547185242152621321e-01
2.648915365570444491e-01 5.766180358047886534e-01 5.510056904262318200e-01
2.706852047740934686e-01 5.821093468615212707e-01 5.472493632001509400e-01
2.765335975741646246e-01 5.875628817550789806e-01 5.434506436453753198e-01
2.824363350947089457e-01 5.929782221831472189e-01 5.396106604468259293e-01
2.883930333470323126e-01 5.983549612628324965e-01 5.357305685884948820e-01
2.944033043317828557e-01 6.036927037871494539e-01 5.318115480483207591e-01
3.004667561569377421e-01 6.089910664683287900e-01 5.278548024679042827e-01
3.065829931581561252e-01 6.142496781677069251e-01 5.238615577995782147e-01
3.127516160213627550e-01 6.194681801119841236e-01 5.198330609333849939e-01
3.189722219074255793e-01 6.246462260956622270e-01 5.157705783065437144e-01
3.252444045787876159e-01 6.297834826695006827e-01 5.116753944980090285e-01
3.315677545279131500e-01 6.348796293148544212e-01 5.075488108107399920e-01
3.379418591074059841e-01 6.399343586037835596e-01 5.033921438443015317e-01
3.443663026616575196e-01 6.449473763448524410e-01 4.992067240604189937e-01
3.508406666598810064e-01 6.499184017145592795e-01 4.949938943440980177e-01
3.573645298303879669e-01 6.548471673743655463e-01 4.907550085629032721e-01
3.639374682959629070e-01 6.597334195733204343e-01 4.864914301269663843e-01
3.705590557101923754e-01 6.645769182362988303e-01 4.822045305522609238e-01
3.772288633946047076e-01 6.693774370378990923e-01 4.778956880296443277e-01
3.839464604764772360e-01 6.741347634620704632e-01 4.735662860021204179e-01
3.907114140271686908e-01 6.788486988475639361e-01 4.692177117527255858e-01
3.975232892008360164e-01 6.835190584193253649e-01 4.648513550053824939e-01
4.043816493733951023e-01 6.881456713059710406e-01 4.604686065410023565e-01
4.112860562815875975e-01 6.927283805435099362e-01 4.560708568310470890e-01
4.182360701620167487e-01 6.972670430654978047e-01 4.516594946906883346e-01
4.252312498900178150e-01 7.017615296798294100e-01 4.472359059536206716e-01
4.322711531182307776e-01 7.062117250323955986e-01 4.428014721705034740e-01
4.393553364147446127e-01 7.106175275578507922e-01 4.383575693329171408e-01
4.464833554006861216e-01 7.149788494177546916e-01 4.339055666246290910e-01
4.536547648871280813e-01 7.192956164263709651e-01 4.294468252018689425e-01
4.608691190111949831e-01 7.235677679644201277e-01 4.249826970042163143e-01
4.681259713712473958e-01 7.277952568811006939e-01 4.205145235976033846e-01
4.754248751610291035e-01 7.319780493847066749e-01 4.160436350508334713e-01
4.827653833026649965e-01 7.361161249221834790e-01 4.115713488469123216e-01
4.901470485784005793e-01 7.402094760479763780e-01 4.070989688303846554e-01
4.975694237609779025e-01 7.442581082825362460e-01 4.026277841917622613e-01
5.050320617425465564e-01 7.482620399608600481e-01 3.981590684900242483e-01
5.125345156620116915e-01 7.522213020714497711e-01 3.936940787140632558e-01
5.200763390307253653e-01 7.561359380860840362e-01 3.892340543838458400e-01
5.276570858564314515e-01 7.600060037808025193e-01 3.847802166919496170e-01
5.352763107653782937e-01 7.638315670485102959e-01 3.803337676860352179e-01
5.429335691225164462e-01 7.676127077036131174e-01 3.758958894927086347e-01
5.506284171497058955e-01 7.713495172791000609e-01 3.714677435831266195e-01
5.583604120418568240e-01 7.750420988164921088e-01 3.670504700806000442e-01
5.661291120809369692e-01 7.786905666490769873e-01 3.626451871103503199e-01
5.739340767477787431e-01 7.822950461788534815e-01 3.582529901914814352e-01
5.817748668316266025e-01 7.858556736476053350e-01 3.538749516711349741e-01
5.896510445373673859e-01 7.893725959025281735e-01 3.495121202007084871e-01
5.975621735903913212e-01 7.928459701568273399e-01 3.451655202539292144e-01
6.055078193390359687e-01 7.962759637457051953e-01 3.408361516864925056e-01
6.134875488545681321e-01 7.996627538781505562e-01 3.365249893368948420e-01
6.215009310286651045e-01 8.030065273849410490e-01 3.322329826680143205e-01
6.295475366683580543e-01 8.063074804632625048e-01 3.279610554489194030e-01
6.376269385884064667e-01 8.095658184183455175e-01 3.237101054763174557e-01
6.457387117010763289e-01 8.127817554025117408e-01 3.194810043349896600e-01
6.538824331032964121e-01 8.159555141520163923e-01 3.152745971964980298e-01
6.620576821611743323e-01 8.190873257220665504e-01 3.110917026553932652e-01
6.702640405918549593e-01 8.221774292203848367e-01 3.069331126020978795e-01
6.785010925427085171e-01 8.252260715396826374e-01 3.027995921315919103e-01
6.867684246678397164e-01 8.282335070893942497e-01 2.986918794869816152e-01
6.950656262019119236e-01 8.311999975270181196e-01 2.946106860369914759e-01
7.033922890312841458e-01 8.341258114893980169e-01 2.905566962863823655e-01
7.117480077624617207e-01 8.370112243242687766e-01 2.865305679182655330e-01
7.201323797878652622e-01 8.398565178223804661e-01 2.825329318672529788e-01
7.285450053489251898e-01 8.426619799505032926e-01 2.785643924223586421e-01
7.369854875965115015e-01 8.454279045856062380e-01 2.746255273585439527e-01
7.454534326487125551e-01 8.481545912504891982e-01 2.707168880957818713e-01
7.539484496459788465e-01 8.508423448511387432e-01 2.668389998844999944e-01
7.624701508036496600e-01 8.534914754160658479e-01 2.629923620162515352e-01
7.710181514618842380e-01 8.561022978378708403e-01 2.591774480584546070e-01
7.795920701330205649e-01 8.586751316172718251e-01 2.553947061120364070e-01
7.881915285463878540e-01 8.612103006098191793e-01 2.516445590908163998e-01
7.968161516906006048e-01 8.637081327755075089e-01 2.479274050214642089e-01
8.054655678533635399e-01 8.661689599314853494e-01 2.442436173628713958e-01
8.141394086588206180e-01 8.685931175080506828e-01 2.405935453437839100e-01
8.228373091024808739e-01 8.709809443081095726e-01 2.369775143175498477e-01
8.315589075837566124e-01 8.733327822702628973e-01 2.333958261328498707e-01
8.403038459361517054e-01 8.756489762356757245e-01 2.298487595192904576e-01
8.490717694551378480e-01 8.779298737188724333e-01 2.263365704867564832e-01
8.578623269237588556e-01 8.801758246825894805e-01 2.228594927374371037e-01
8.666751706360045215e-01 8.823871813168071565e-01 2.194177380894583307e-01
8.755099564179960048e-01 8.845642978220717989e-01 2.160114969110773497e-01
8.843663436470264871e-01 8.867075301972082713e-01 2.126409385644154326e-01
8.932439952685009565e-01 8.888172360315129694e-01 2.093062118577312114e-01
9.021425778108208560e-01 8.908937743015087340e-01 2.060074455052605669e-01
9.110617613982596730e-01 8.929375051723317247e-01 2.027447485936762217e-01
9.200012197618753218e-01 8.949487898038123168e-01 1.995182110542473020e-01
9.289606302485071687e-01 8.969279901613019801e-01 1.963279041398070246e-01
9.379396738279055512e-01 8.988754688312907692e-01 1.931738809056659789e-01
9.469380350980411976e-01 9.007915888418500661e-01 1.900561766936375574e-01
9.559554022886435076e-01 9.026767134879274401e-01 1.869748096183722064e-01
9.649914672630159895e-01 9.045312061615133903e-01 1.839297810552276979e-01
9.740459255181780351e-01 9.063554301866917351e-01 1.809210761289328506e-01
9.831184761833813290e-01 9.081497486595767610e-01 1.779486642023332954e-01
9.922088220170504069e-01 9.099145242931363509e-01 1.750124993645386651e-01
1.001316669402195103e+00 9.116501192668902132e-01 1.721125209178214210e-01
1.010441728340345735e+00 9.133568950814684451e-01 1.692486538626486181e-01
1.019583712444056101e+00 9.150352124180086699e-01 1.664208093802581334e-01
1.028742338928026356e+00 9.166854310023643260e-01 1.636288853122218334e-01
1.037917328598890965e+00 9.183079094740913551e-01 1.608727666364679620e-01
1.047108405843720336e+00 9.199030052601752105e-01 1.581523259392650649e-01
1.056315298617283238e+00 9.214710744534553299e-01 1.554674238826986854e-01
1.065537738428117054e+00 9.230124716957006648e-01 1.528179096672016013e-01
1.074775460323451837e+00 9.245275500652833101e-01 1.502036214887262910e-01
1.084028202873033031e+00 9.260166609693959439e-01 1.476243869901762429e-01
1.093295708151889922e+00 9.274801540407533462e-01 1.450800237067398357e-01
1.102577721722092896e+00 9.289183770387150485e-01 1.425703395047975275e-01
1.111873992613543694e+00 9.303316757547639426e-01 1.400951330140981499e-01
1.121184273303841294e+00 9.317203939222717946e-01 1.376541940529262820e-01
1.130508319697268060e+00 9.330848731304802746e-01 1.352473040460063225e-01
1.139845891102934994e+00 9.344254527426236745e-01 1.328742364349130844e-01
1.149196750212129858e+00 9.357424698181174838e-01 1.305347570807815494e-01
1.158560663074905905e+00 9.370362590387347757e-01 1.282286246591306522e-01
1.167937399075953175e+00 9.383071526386905781e-01 1.259555910466372552e-01
1.177326730909789010e+00 9.395554803385535170e-01 1.237154016997174394e-01
1.186728434555307299e+00 9.407815692829012422e-01 1.215077960247914896e-01
1.196142289249721102e+00 9.419857439816369249e-01 1.193325077401286571e-01
1.205568077461938392e+00 9.431683262548813396e-01 1.171892652291854076e-01
1.215005584865403110e+00 9.443296351813559308e-01 1.150777918853687076e-01
1.224454600310436847e+00 9.454699870501700465e-01 1.129978064481724359e-01
1.233914915796116007e+00 9.465896953159266269e-01 1.109490233306507506e-01
1.243386326441715539e+00 9.476890705570587548e-01 1.089311529382074872e-01
1.252868630457751875e+00 9.487684204373110219e-01 1.069439019786949940e-01
1.262361629116656836e+00 9.498280496702783404e-01 1.049869737638292472e-01
1.271865126723110473e+00 9.508682599869153762e-01 1.030600685019410490e-01
1.281378930584064824e+00 9.518893501059306761e-01 1.011628835820951727e-01
1.290902850978485006e+00 9.528916157069786674e-01 9.929511384962082243e-02
1.300436701126835848e+00 9.538753494065643768e-01 9.745645187310719715e-02
1.309980297160340923e+00 9.548408407365758244e-01 9.564658820292845642e-02
1.319533458090039746e+00 9.557883761253592736e-01 9.386521162137119456e-02
1.329096005775667999e+00 9.567182388812544014e-01 9.211200938444671915e-02
1.338667764894384993e+00 9.576307091785062342e-01 9.038666745547836723e-02
1.348248562909372117e+00 9.585260640454725811e-01 8.868887073056151704e-02
1.357838230038323823e+00 9.594045773550451406e-01 8.701830325600101723e-02
1.367436599221854454e+00 9.602665198172060101e-01 8.537464843783705570e-02
1.377043506091840452e+00 9.611121589736402182e-01 8.375758924357631918e-02
1.386658788939718390e+00 9.619417591943270063e-01 8.216680839625062349e-02
1.396282288684759232e+00 9.627555816760334784e-01 8.060198856092984365e-02
1.405913848842335945e+00 9.635538844426372318e-01 7.906281252382060809e-02
1.415553315492203978e+00 9.643369223472024743e-01 7.754896336408567681e-02
1.425200537246810173e+00 9.651049470757387949e-01 7.606012461852264261e-02
1.434855365219648071e+00 9.658582071525717572e-01 7.459598043924339783e-02
1.444517652993674073e+00 9.665969479472560355e-01 7.315621574449855669e-02
1.454187256589800636e+00 9.673214116829627063e-01 7.174051636279303590e-02
1.463864034435480521e+00 9.680318374462748565e-01 7.034856917044102209e-02
1.473547847333394945e+00 9.687284611983270066e-01 6.898006222270985921e-02
1.483238558430260756e+00 9.694115157872239541e-01 6.763468487870374912e-02
1.492936033185766620e+00 9.700812309616780871e-01 6.631212792013886637e-02
1.502640139341652858e+00 9.707378333858044384e-01 6.501208366416211248e-02
1.512350746890943842e+00 9.713815466550151934e-01 6.373424607036594358e-02
1.522067728047344248e+00 9.720125913129550321e-01 6.247831084215190595e-02
1.531790957214811177e+00 9.726311848694236817e-01 6.124397552259508437e-02
1.541520310957308126e+00 9.732375418192291683e-01 6.003093958496133475e-02
1.551255667968754137e+00 9.738318736619206994e-01 5.883890451802852722e-02
1.560996909043172343e+00 9.744143889223495503e-01 5.766757390636206848e-02
1.570743917045049676e+00 9.749852931720074389e-01 5.651665350569405610e-02
1.580496576879913073e+00 9.755447890510956510e-01 5.538585131355405755e-02
1.590254775465129056e+00 9.760930762912766179e-01 5.427487763529824372e-02
1.600018401700935788e+00 9.766303517390639843e-01 5.318344514568205950e-02
1.609787346441710287e+00 9.771568093798060906e-01 5.211126894611984445e-02
1.619561502467479208e+00 9.776726403622217898e-01 5.105806661777324840e-02
1.629340764455677437e+00 9.781780330234463028e-01 5.002355827060814969e-02
1.639125028953159369e+00 9.786731729145481395e-01 4.900746658855797966e-02
1.648914194348467976e+00 9.791582428264792304e-01 4.800951687092912257e-02
1.658708160844364565e+00 9.796334228164202962e-01 4.702943707018202024e-02
1.668506830430624310e+00 9.800988902344865972e-01 4.606695782621920282e-02
1.678310106857101136e+00 9.805548197507598651e-01 4.512181249730931598e-02
1.688117895607063268e+00 9.810013833826131124e-01 4.419373718777371701e-02
1.697930103870803675e+00 9.814387505222964547e-01 4.328247077255983205e-02
1.707746640519528514e+00 9.818670879647537486e-01 4.238775491882302432e-02
1.717567416079522902e+00 9.822865599356406241e-01 4.150933410463617662e-02
1.727392342706600026e+00 9.826973281195154897e-01 4.064695563494367947e-02
1.737221334160830688e+00 9.830995516881770868e-01 3.980036965487393497e-02
1.747054305781558847e+00 9.834933873291223927e-01 3.896932916052196078e-02
1.756891174462700711e+00 9.838789892741001131e-01 3.815359000731104872e-02
1.766731858628330487e+00 9.842565093277356736e-01 3.735291091603976793e-02
1.776576278208552351e+00 9.846260968962063931e-01 3.656705347671818790e-02
1.786424354615659738e+00 9.849878990159438574e-01 3.579578215029434463e-02
1.796276010720581295e+00 9.853420603823433988e-01 3.503886426836964191e-02
1.806131170829613941e+00 9.856887233784611402e-01 3.429607003099898604e-02
1.815989760661443020e+00 9.860280281036800654e-01 3.356717250266921804e-02
1.825851707324448459e+00 9.863601124023270161e-01 3.285194760654649299e-02
1.835716939294297356e+00 9.866851118922235209e-01 3.215017411708100126e-02
1.845585386391821014e+00 9.870031599931555766e-01 3.146163365105470594e-02
1.855456979761176628e+00 9.873143879552457314e-01 3.078611065715535292e-02
1.865331651848292305e+00 9.876189248872141446e-01 3.012339240415751532e-02
1.875209336379593639e+00 9.879168977845150801e-01 2.947326896778897434e-02
1.885089968341010946e+00 9.882084315573355093e-01 2.883553321635829239e-02
1.894973483957266280e+00 9.884936490584439461e-01 2.820998079521709265e-02
1.904859820671437554e+00 9.887726711108789646e-01 2.759641011012814102e-02
1.914748917124799554e+00 9.890456165354655216e-01 2.699462230960803649e-02
1.924640713136937853e+00 9.893126021781503132e-01 2.640442126631099146e-02
1.934535149686136490e+00 9.895737429371463945e-01 2.582561355751793186e-02
1.944432168890035229e+00 9.898291517898782921e-01 2.525800844479292664e-02
1.954331713986555474e+00 9.900789398197200608e-01 2.470141785286679437e-02
1.964233729315093102e+00 9.903232162425179563e-01 2.415565634780551113e-02
1.974138160297974176e+00 9.905620884328922848e-01 2.362054111451901070e-02
1.984044953422173796e+00 9.907956619503106577e-01 2.309589193366386878e-02
1.993954056221293625e+00 9.910240405649276552e-01 2.258153115799129557e-02
2.003865417257796988e+00 9.912473262831853482e-01 2.207728368818994910e-02
2.013778986105498880e+00 9.914656193731699041e-01 2.158297694827101057e-02
2.023694713332308215e+00 9.916790183897203903e-01 2.109844086054119341e-02
2.033612550483219650e+00 9.918876201992844477e-01 2.062350782020734227e-02
2.043532450063552552e+00 9.920915200045193894e-01 2.015801266965456043e-02
2.053454365522436209e+00 9.922908113686339515e-01 1.970179267243793442e-02
2.063378251236535288e+00 9.924855862394690309e-01 1.925468748702622440e-02
2.073304062494014222e+00 9.926759349733145221e-01 1.881653914033414032e-02
2.083231755478741842e+00 9.928619463584608118e-01 1.838719200107819321e-02
2.093161287254726943e+00 9.930437076384827089e-01 1.796649275298943527e-02
2.103092615750785654e+00 9.932213045352555891e-01 1.755429036791484113e-02
2.113025699745440189e+00 9.933948212717014226e-01 1.715043607883754220e-02
2.122960498852040967e+00 9.935643405942650164e-01 1.675478335284459608e-02
2.132896973504112559e+00 9.937299437951199188e-01 1.636718786406947748e-02
2.142835084940921231e+00 9.938917107341034285e-01 1.598750746663512440e-02
2.152774795193261426e+00 9.940497198603814866e-01 1.561560216762190346e-02
2.162716067069454073e+00 9.942040482338428964e-01 1.525133410008353008e-02
2.172658864141561175e+00 9.943547715462249803e-01 1.489456749613268273e-02
2.182603150731808217e+00 9.945019641419695633e-01 1.454516866011676055e-02
2.192548891899214869e+00 9.946456990388117259e-01 1.420300594190298388e-02
2.202496053426429068e+00 9.947860479481021034e-01 1.386794971029085138e-02
2.212444601806764055e+00 9.949230812948635094e-01 1.353987232656880813e-02
2.222394504231434365e+00 9.950568682375847684e-01 1.321864811823082395e-02
2.232345728576988098e+00 9.951874766877516487e-01 1.290415335286753708e-02
2.242298243392933710e+00 9.953149733291182244e-01 1.259626621224551983e-02
2.252252017889557756e+00 9.954394236367198889e-01 1.229486676658723271e-02
2.262207021925931816e+00 9.955608918956302400e-01 1.199983694906323409e-02
2.272163225998105940e+00 9.956794412194638344e-01 1.171106053050728624e-02
2.282120601227484613e+00 9.957951335686272554e-01 1.142842309436406696e-02
2.292079119349385685e+00 9.959080297683213789e-01 1.115181201187831657e-02
2.302038752701777380e+00 9.960181895262958385e-01 1.088111641753342594e-02
2.311999474214191164e+00 9.961256714503600174e-01 1.061622718474663704e-02
2.321961257396808254e+00 9.962305330656519020e-01 1.035703690182726913e-02
2.331924076329719764e+00 9.963328308316677928e-01 1.010343984820360856e-02
2.341887905652352941e+00 9.964326201590557597e-01 9.855331970923428622e-03
2.351852720553067044e+00 9.965299554261758397e-01 9.612610861432384357e-03
2.361818496758911312e+00 9.966248899954285312e-01 9.375175732633892270e-03
2.371785210525546361e+00 9.967174762293563584e-01 9.142927396233494278e-03
2.381752838627325453e+00 9.968077655065193943e-01 8.915768240370084211e-03
2.391721358347532078e+00 9.968958082371492946e-01 8.693602207535847809e-03
2.401690747468775644e+00 9.969816538785835069e-01 8.476334772786210323e-03
2.411660984263537699e+00 9.970653509504829870e-01 8.263872922240581009e-03
2.421632047484870487e+00 9.971469470498368626e-01 8.056125131874234541e-03
2.431603916357244266e+00 9.972264888657559334e-01 7.853001346601174923e-03
2.441576570567542515e+00 9.973040221940587813e-01 7.654412959647442435e-03
2.451549990256200129e+00 9.973795919516529329e-01 7.460272792213901681e-03
2.461524156008485509e+00 9.974532421907142954e-01 7.270495073427197565e-03
2.471499048845923863e+00 9.975250161126670845e-01 7.084995420577189576e-03
2.481474650217858180e+00 9.975949560819679096e-01 6.903690819638881593e-03
2.491450941993147872e+00 9.976631036396964580e-01 6.726499606076537414e-03
2.501427906452002414e+00 9.977294995169557756e-01 6.553341445927411170e-03
2.511405526277946887e+00 9.977941836480841431e-01 6.384137317162257193e-03
2.521383784549921181e+00 9.978571951836826548e-01 6.218809491319550638e-03
2.531362664734505330e+00 9.979185725034600551e-01 6.057281515410136742e-03
2.541342150678275402e+00 9.979783532288982739e-01 5.899478194088826274e-03
2.551322226600282850e+00 9.980365742357407699e-01 5.745325572089291649e-03
2.561302877084659535e+00 9.980932716663062365e-01 5.594750916918443846e-03
2.571284087073343994e+00 9.981484809416314441e-01 5.447682701806350579e-03
2.581265841858928489e+00 9.982022367734438850e-01 5.304050588907613904e-03
2.591248127077625529e+00 9.982545731759681074e-01 5.163785412750038738e-03
2.601230928702350731e+00 9.983055234775678466e-01 5.026819163926319646e-03
2.611214233035922039e+00 9.983551203322259537e-01 4.893084973024403907e-03
2.621198026704372630e+00 9.984033957308650065e-01 4.762517094792136779e-03
2.631182296650376173e+00 9.984503810125109347e-01 4.635050892531726412e-03
2.641167030126782667e+00 9.984961068753011038e-01 4.510622822719556266e-03
2.651152214690264852e+00 9.985406033873402976e-01 4.389170419846838249e-03
2.661137838195070771e+00 9.985838999974060437e-01 4.270632281476588465e-03
2.671123888786883782e+00 9.986260255455052803e-01 4.154948053512418776e-03
2.681110354896786951e+00 9.986670082732851395e-01 4.042058415674642559e-03
2.691097225235330459e+00 9.987068758342991792e-01 3.931905067179209540e-03
2.701084488786702043e+00 9.987456553041318408e-01 3.824430712615026207e-03
2.711072134802997358e+00 9.987833731903821288e-01 3.719579048015254300e-03
2.721060152798588483e+00 9.988200554425091804e-01 3.617294747118217618e-03
2.731048532544592788e+00 9.988557274615416093e-01 3.517523447813615013e-03
2.741037264063435064e+00 9.988904141096518474e-01 3.420211738769789959e-03
2.751026337623507345e+00 9.989241397195979255e-01 3.325307146237879014e-03
2.761015743733920669e+00 9.989569281040338034e-01 3.232758121028730947e-03
2.771005473139350972e+00 9.989888025646909142e-01 3.142514025658571086e-03
2.780995516814973811e+00 9.990197859014312565e-01 3.054525121659463095e-03
2.790985865961491896e+00 9.990499004211751410e-01 2.968742557050712758e-03
2.800976512000248775e+00 9.990791679467037056e-01 2.885118353967446383e-03
2.810967446568432226e+00 9.991076098253391935e-01 2.803605396442689253e-03
2.820958661514360255e+00 9.991352469375032186e-01 2.724157418339371878e-03
2.830950148892856788e+00 9.991620997051554598e-01 2.646728991428784657e-03
2.840941900960707756e+00 9.991881881001138943e-01 2.571275513612107742e-03
2.850933910172200214e+00 9.992135316522573474e-01 2.497753197281741416e-03
2.860926169174744516e+00 9.992381494576132450e-01 2.426119057819274127e-03
2.870918670804575079e+00 9.992620601863301255e-01 2.356330902227018586e-03
2.880911408082531100e+00 9.992852820905380185e-01 2.288347317890166051e-03
2.890904374209915861e+00 9.993078330120962471e-01 2.222127661466701248e-03
2.900897562564431098e+00 9.993297303902313189e-01 2.157632047902337518e-03
2.910890966696189519e+00 9.993509912690652364e-01 2.094821339567830201e-03
2.920884580323800606e+00 9.993716323050361172e-01 2.033657135516132083e-03
2.930878397330529683e+00 9.993916697742116773e-01 1.974101760856964913e-03
2.940872411760531158e+00 9.994111195794971314e-01 1.916118256246474635e-03
2.950866617815152804e+00 9.994299972577386226e-01 1.859670367489747516e-03
2.960861009849309333e+00 9.994483179867231781e-01 1.804722535254061049e-03
2.970855582367927017e+00 9.994660965920764140e-01 1.751239884890843247e-03
2.980850330022455807e+00 9.994833475540588763e-01 1.699188216364409809e-03
2.990845247607449409e+00 9.995000850142622406e-01 1.648533994285645990e-03
3.000840330057211514e+00 9.995163227822062568e-01 1.599244338048889328e-03
3.010835572442508212e+00 9.995320743418379950e-01 1.551287012070362440e-03
3.020830969967343460e+00 9.995473528579333911e-01 1.504630416126594194e-03
3.030826517965799383e+00 9.995621711824030919e-01 1.459243575791348887e-03
3.040822211898939198e+00 9.995765418605029318e-01 1.415096132969672401e-03
3.050818047351770534e+00 9.995904771369505948e-01 1.372158336527738460e-03
3.060814020030271365e+00 9.996039889619482421e-01 1.330401033017262688e-03
3.070810125758472786e+00 9.996170889971138784e-01 1.289795657493322421e-03
3.080806360475604411e+00 9.996297886213205697e-01 1.250314224424492861e-03
3.090802720233294387e+00 9.996420989364456222e-01 1.211929318694285416e-03
3.100799201192828036e+00 9.996540307730301667e-01 1.174614086692931953e-03
3.110795799622463775e+00 9.996655946958499239e-01 1.138342227498631565e-03
3.120792511894800558e+00 9.996768010093984858e-01 1.103087984147430641e-03
3.130789334484203934e+00 9.996876597632834427e-01 1.068826134990969942e-03
3.140786263964283176e+00 9.996981807575368029e-01 1.035531985141384826e-03
3.150783297005422146e+00 9.997083735478402566e-01 1.003181358002699008e-03
3.160780430372360783e+00 9.997182474506660643e-01 9.717505868881020931e-04
3.170777660921829000e+00 9.997278115483344552e-01 9.412165067225457954e-04
3.180774985600229421e+00 9.997370746939887587e-01 9.115564458301418996e-04
3.190772401441371642e+00 9.997460455164886017e-01 8.827482178058822021e-04
3.200769905564251783e+00 9.997547324252223921e-01 8.547701134712432829e-04
3.210767495170882668e+00 9.997631436148397555e-01 8.276008929132719176e-04
3.220765167544168861e+00 9.997712870699044796e-01 8.012197776067838013e-04
3.230762920045829656e+00 9.997791705694696329e-01 7.756064426193361215e-04
3.240760750114365596e+00 9.997868016915748557e-01 7.507410088986653067e-04
3.250758655263071617e+00 9.997941878176666020e-01 7.266040356423066494e-04
3.260756633078091937e+00 9.998013361369433305e-01 7.031765127491367874e-04
3.270754681216519355e+00 9.998082536506245344e-01 6.804398533526010611e-04
3.280752797404536736e+00 9.998149471761467177e-01 6.583758864354069540e-04
3.290750979435599355e+00 9.998214233512848770e-01 6.369668495254836912e-04
3.300749225168658540e+00 9.998276886382018169e-01 6.161953814730206438e-04
3.310747532526426617e+00 9.998337493274256360e-01 5.960445153084123699e-04
3.320745899493678710e+00 9.998396115417563790e-01 5.764976711809483099e-04
3.330744324115594956e+00 9.998452812401018575e-01 5.575386493780952425e-04
3.340742804496141805e+00 9.998507642212448587e-01 5.391516234252267817e-04
3.350741338796487501e+00 9.998560661275409656e-01 5.213211332656621146e-04
3.360739925233457548e+00 9.998611924485492075e-01 5.040320785208779117e-04
3.370738562078023470e+00 9.998661485245955438e-01 4.872697118307626010e-04
3.380737247653828437e+00 9.998709395502699548e-01 4.710196322737808419e-04
3.390735980335747524e+00 9.998755705778582525e-01 4.552677788669176606e-04
3.400734758548481285e+00 9.998800465207092758e-01 4.400004241452692153e-04
3.410733580765182182e+00 9.998843721565383591e-01 4.252041678211441241e-04
3.420732445506115660e+00 9.998885521306677404e-01 4.108659305225361444e-04
3.430731351337351853e+00 9.998925909592047967e-01 3.969729476108224860e-04
3.440730296869488392e+00 9.998964930321586619e-01 3.835127630775369461e-04
3.450729280756405615e+00 9.999002626164964491e-01 3.704732235200588683e-04
3.460728301694051101e+00 9.999039038591392980e-01 3.578424721960516623e-04
3.470727358419253061e+00 9.999074207899000255e-01 3.456089431564744849e-04
3.480726449708564818e+00 9.999108173243614894e-01 3.337613554569821722e-04
3.490725574377135487e+00 9.999140972666985538e-01 3.222887074475164768e-04
3.500724731277611301e+00 9.999172643124423221e-01 3.111802711398816909e-04
3.510723919299061357e+00 9.999203220511894141e-01 3.004255866530852119e-04
3.520723137365932232e+00 9.999232739692550664e-01 2.900144567362116280e-04
3.530722384437028349e+00 9.999261234522727193e-01 2.799369413685852946e-04
3.540721659504517227e+00 9.999288737877395361e-01 2.701833524369641189e-04
3.550720961592961356e+00 9.999315281675092981e-01 2.607442484894927992e-04
3.560720289758373625e+00 9.999340896902328968e-01 2.516104295661299390e-04
3.570719643087297612e+00 9.999365613637478667e-01 2.427729321052491177e-04
3.580719020695910526e+00 9.999389461074170704e-01 2.342230239260997186e-04
3.590718421729151011e+00 9.999412467544179783e-01 2.259521992867981582e-04
3.600717845359867386e+00 9.999434660539825437e-01 2.179521740175056357e-04
3.610717290787989864e+00 9.999456066735887827e-01 2.102148807284335598e-04
3.620716757239724082e+00 9.999476712011051704e-01 2.027324640923022499e-04
3.630716243966764178e+00 9.999496621468876301e-01 1.954972762008644685e-04
3.640715750245529403e+00 9.999515819458312249e-01 1.885018719950891082e-04
3.650715275376418933e+00 9.999534329593757764e-01 1.817390047685866377e-04
3.660714818683087568e+00 9.999552174774674063e-01 1.752016217438418682e-04
3.670714379511739622e+00 9.999569377204758913e-01 1.688828597208057495e-04
3.680713957230443256e+00 9.999585958410691644e-01 1.627760407973828074e-04
3.690713551228462563e+00 9.999601939260448491e-01 1.568746681613366863e-04
3.700713160915607869e+00 9.999617339981208275e-01 1.511724219531217575e-04
3.710712785721602902e+00 9.999632180176841745e-01 1.456631551991350963e-04
3.720712425095471509e+00 9.999646478844997910e-01 1.403408898148693579e-04
3.730712078504938578e+00 9.999660254393799574e-01 1.351998126774332874e-04
3.740711745435849167e+00 9.999673524658142520e-01 1.302342717668941859e-04
3.750711425391603182e+00 9.999686306915620548e-01 1.254387723758831549e-04
3.760711117892606925e+00 9.999698617902063047e-01 1.208079733868919333e-04
3.770710822475736634e+00 9.999710473826718404e-01 1.163366836166777164e-04
3.780710538693821565e+00 9.999721890387059942e-01 1.120198582271811209e-04
3.790710266115138172e+00 9.999732882783249899e-01 1.078525952023504428e-04
3.800710004322920721e+00 9.999743465732245928e-01 1.038301318902550517e-04
3.810709752914883897e+00 9.999753653481564530e-01 9.994784160985989777e-05
3.820709511502761835e+00 9.999763459822715861e-01 9.620123032182301105e-05
3.830709279711856485e+00 9.999772898104301033e-01 9.258593336266846691e-05
3.840709057180603292e+00 9.999781981244789675e-01 8.909771224167766846e-05
3.850708843560145755e+00 9.999790721744981070e-01 8.573245149983347690e-05
3.860708638513924207e+00 9.999799131700150001e-01 8.248615563014289698e-05
3.870708441717277015e+00 9.999807222811892826e-01 7.935494605865663922e-05
3.880708252857052010e+00 9.999815006399672690e-01 7.633505818549601971e-05
3.890708071631229448e+00 9.999822493412068303e-01 7.342283848519115335e-05
3.900707897748558306e+00 9.999829694437741834e-01 7.061474166562738955e-05
3.910707730928200121e+00 9.999836619716122588e-01 6.790732788489151853e-05
3.920707570899385708e+00 9.999843279147813124e-01 6.529726002530310996e-05
3.930707417401081205e+00 9.999849682304730036e-01 6.278130102391179179e-05
3.940707270181664335e+00 9.999855838439977163e-01 6.035631125873624283e-05
3.950707128998611317e+00 9.999861756497460119e-01 5.801924599001667411e-05
3.960706993618190452e+00 9.999867445121251031e-01 5.576715285574893559e-05
3.970706863815169019e+00 9.999872912664701241e-01 5.359716942076491516e-05
3.980706739372525504e+00 9.999878167199316437e-01 5.150652077862127447e-05
3.990706620081172495e+00 9.999883216523389740e-01 4.949251720555604547e-05
4.000706505739688446e+00 9.999888068170404987e-01 4.755255186577080886e-05
4.010706396154055220e+00 9.999892729417212411e-01 4.568409856729454958e-05
4.020706291137407185e+00 9.999897207291984502e-01 4.388470956768434229e-05
4.030706190509785181e+00 9.999901508581952037e-01 4.215201342881720023e-05
4.040706094097901158e+00 9.999905639840930283e-01 4.048371292002733235e-05
4.050706001734906359e+00 9.999909607396634259e-01 3.887758296884307423e-05
4.060705913260169275e+00 9.999913417357798595e-01 3.733146865857842902e-05
4.070705828519061598e+00 9.999917075621090889e-01 3.584328327203496788e-05
4.080705747362748603e+00 9.999920587877837441e-01 3.441100638057126228e-05
4.090705669647985765e+00 9.999923959620558023e-01 3.303268197779861301e-05
4.100705595236924239e+00 9.999927196149317465e-01 3.170641665716396183e-05
4.110705523996923461e+00 9.999930302577894059e-01 3.043037783268316861e-05
4.120705455800363737e+00 9.999933283839778086e-01 2.920279200209065598e-05
4.130705390524472165e+00 9.999936144693991613e-01 2.802194305167443532e-05
4.140705328051150325e+00 9.999938889730745073e-01 2.688617060206889602e-05
4.150705268266808190e+00 9.999941523376931762e-01 2.579386839428145971e-05
4.160705211062201592e+00 9.999944049901459131e-01 2.474348271523316912e-05
4.170705156332280339e+00 9.999946473420425752e-01 2.373351086209755329e-05
4.180705103976034565e+00 9.999948797902148412e-01 2.276249964472669174e-05
4.190705053896351728e+00 9.999951027172039320e-01 2.182904392545817761e-05
4.200705005999874508e+00 9.999953164917340098e-01 2.093178519560179895e-05
4.210704960196866686e+00 9.999955214691714778e-01 2.006941018791006011e-05
4.220704916401079920e+00 9.999957179919706229e-01 1.924064952434224507e-05
4.230704874529627624e+00 9.999959063901059375e-01 1.844427639843748817e-05
4.240704834502863285e+00 9.999960869814912279e-01 1.767910529161833796e-05
4.250704796244259676e+00 9.999962600723865114e-01 1.694399072275253108e-05
4.260704759680296050e+00 9.999964259577920345e-01 1.623782603030701850e-05
4.270704724740347125e+00 9.999965849218305225e-01 1.555954218643499482e-05
4.280704691356576497e+00 9.999967372381177722e-01 1.490810664234331748e-05
4.290704659463831838e+00 9.999968831701218086e-01 1.428252220429472228e-05
4.300704628999546308e+00 9.999970229715108294e-01 1.368182593960628436e-05
4.310704599903643519e+00 9.999971568864908233e-01 1.310508811201279716e-05
4.320704572118441611e+00 9.999972851501317539e-01 1.255141114577112767e-05
4.330704545588565324e+00 9.999974079886846390e-01 1.201992861788906594e-05
4.340704520260859844e+00 9.999975256198878615e-01 1.150980427786981438e-05
4.350704496084306427e+00 9.999976382532641539e-01 1.102023109437096601e-05
4.360704473009940685e+00 9.999977460904082571e-01 1.055043032818461987e-05
4.370704450990776202e+00 9.999978493252650313e-01 1.009965063095320842e-05
4.380704429981729042e+00 9.999979481443993512e-01 9.667167169043563939e-06
4.390704409939544917e+00 9.999980427272566752e-01 9.252280772009826050e-06
4.400704390822729906e+00 9.999981332464156214e-01 8.854317105083906004e-06
4.410704372591482070e+00 9.999982198678322165e-01 8.472625865140384814e-06
4.420704355207627501e+00 9.999983027510763733e-01 8.106579999590972767e-06
4.430704338634556372e+00 9.999983820495607079e-01 7.755574947671895950e-06
4.440704322837163431e+00 9.999984579107614735e-01 7.419027903595894168e-06
4.450704307781788494e+00 9.999985304764326122e-01 7.096377101048828260e-06
4.460704293436162260e+00 9.999985998828128109e-01 6.787081118519238929e-06
4.470704279769351253e+00 9.999986662608253418e-01 6.490618204957571301e-06
4.480704266751704523e+00 9.999987297362716854e-01 6.206485625270125209e-06
4.490704254354805691e+00 9.999987904300183805e-01 5.934199025161163301e-06
4.500704242551421430e+00 9.999988484581776582e-01 5.673291814844967580e-06
4.510704231315457058e+00 9.999989039322821904e-01 5.423314571157981644e-06
4.520704220621912128e+00 9.999989569594539551e-01 5.183834457609492913e-06
4.530704210446834246e+00 9.999990076425671059e-01 4.954434661917631239e-06
4.540704200767280874e+00 9.999990560804054018e-01 4.734713850585714614e-06
4.550704191561275813e+00 9.999991023678145297e-01 4.524285640082234653e-06
4.560704182807773677e+00 9.999991465958489867e-01 4.322778084195966206e-06
4.570704174486620808e+00 9.999991888519138561e-01 4.129833177145849127e-06
4.580704166578519754e+00 9.999992292199018085e-01 3.945106372033401436e-06
4.590704159064994627e+00 9.999992677803255514e-01 3.768266114233488965e-06
4.600704151928359131e+00 9.999993046104451722e-01 3.598993389327276829e-06
4.610704145151683697e+00 9.999993397843914833e-01 3.436981285189134052e-06
4.620704138718764398e+00 9.999993733732850387e-01 3.281934567847148571e-06
4.630704132614094526e+00 9.999994054453505976e-01 3.133569270744721604e-06
4.640704126822834397e+00 9.999994360660280357e-01 2.991612297038456043e-06
4.650704121330786478e+00 9.999994652980788157e-01 2.855801034575228950e-06
4.660704116124367857e+00 9.999994932016894600e-01 2.725882983198928463e-06
4.670704111190584484e+00 9.999995198345702496e-01 2.601615394044858381e-06
4.680704106517008078e+00 9.999995452520513695e-01 2.482764920487248488e-06
4.690704102091751260e+00 9.999995695071751678e-01 2.369107280412656290e-06
4.700704097903447121e+00 9.999995926507850852e-01 2.260426929499318884e-06
4.710704093941225246e+00 9.999996147316115858e-01 2.156516745189687617e-06
4.720704090194693059e+00 9.999996357963545357e-01 2.057177721050467858e-06
4.730704086653915397e+00 9.999996558897633614e-01 1.962218671221482705e-06
4.740704083309394079e+00 9.999996750547133217e-01 1.871455944661582979e-06
4.750704080152051922e+00 9.999996933322796711e-01 1.784713148906634085e-06
4.760704077173213200e+00 9.999997107618091574e-01 1.701820883061325611e-06
4.770704074364587655e+00 9.999997273809880793e-01 1.622616479753160620e-06
4.780704071718252735e+00 9.999997432259088992e-01 1.546943755783502270e-06
4.790704069226640271e+00 9.999997583311336369e-01 1.474652771216973981e-06
4.800704066882520493e+00 9.999997727297550432e-01 1.405599596656823179e-06
4.810704064678986036e+00 9.999997864534558856e-01 1.339646088460081568e-06
4.820704062609441287e+00 9.999997995325653477e-01 1.276659671652469396e-06
4.830704060667586397e+00 9.999998119961138743e-01 1.216513130309003235e-06
4.840704058847404845e+00 9.999998238718856847e-01 1.159084405172183499e-06
4.850704057143153669e+00 9.999998351864693991e-01 1.104256398285447747e-06
4.860704055549348368e+00 9.999998459653067773e-01 1.051916784425282689e-06
4.870704054060754906e+00 9.999998562327392371e-01 1.001957829120994970e-06
4.880704052672376392e+00 9.999998660120531513e-01 9.542762130566452421e-07
4.890704051379443307e+00 9.999998753255230355e-01 9.087728626550499749e-07
4.900704050177405513e+00 9.999998841944532924e-01 8.653527866490572578e-07
4.910704049061918930e+00 9.999998926392181797e-01 8.239249184505000131e-07
4.920704048028841093e+00 9.999999006793002243e-01 7.844019641323265445e-07
4.930704047074218721e+00 9.999999083333271921e-01 7.467002558444060413e-07
4.940704046194280608e+00 9.999999156191078375e-01 7.107396104884011413e-07
4.950704045385430518e+00 9.999999225536657654e-01 6.764431934818975607e-07
4.960704044644237420e+00 9.999999291532726264e-01 6.437373874466771768e-07
4.970704043967431041e+00 9.999999354334794255e-01 6.125516656606209742e-07
4.980704043351892096e+00 9.999999414091467198e-01 5.828184701172297129e-07
4.990704042794646078e+00 9.999999470944739288e-01 5.544730940411549634e-07
5.000704042292858809e+00 9.999999525030272007e-01 5.274535687124437007e-07
5.010704041843827561e+00 9.999999576477661689e-01 5.017005544564130070e-07
5.020704041444976617e+00 9.999999625410698201e-01 4.771572356601927732e-07
5.030704041093851053e+00 9.999999671947611413e-01 4.537692196810015115e-07
5.040704040788111406e+00 9.999999716201309896e-01 4.314844395151576617e-07
5.050704040525529237e+00 9.999999758279606299e-01 4.102530601006722946e-07
5.060704040303980022e+00 9.999999798285439390e-01 3.900273881300261818e-07
5.070704040121442269e+00 9.999999836317080559e-01 3.707617852534003709e-07
5.080704039975987740e+00 9.999999872468336992e-01 3.524125845562096577e-07
5.090704039865782349e+00 9.999999906828745955e-01 3.349380101982821423e-07
5.100704039789077271e+00 9.999999939483755762e-01 3.182981001054360949e-07
5.110704039744208949e+00 9.999999970514907854e-01 3.024546316075316044e-07
5.120704039729591983e+00 1.000000000000000666e+00 2.873710499203155961e-07
