0.000000000000000000e+00 0.000000000000000000e+00 8.374937066352560189e-01
4.187468533176279484e-05 8.374935717568436980e-03 8.374931671281420353e-01
1.674986604023299096e-04 1.674985255301951470e-02 8.374893908070307758e-01
3.768715206152610563e-04 2.512470195852072041e-02 8.374791420335128134e-01
6.699922141493030048e-04 3.349940304105698818e-02 8.374591876361310305e-01
1.046858718653150130e-03 4.187384259412914311e-02 8.374262983391081994e-01
1.507467718330918801e-03 5.024787514442712044e-02 8.373772503284766522e-01
2.051814281574941209e-03 5.862132301484845875e-02 8.373088269548472073e-01
2.679891539316146213e-03 6.699397640522304631e-02 8.372178205716680477e-01
3.391690364275841418e-03 7.536559349209168146e-02 8.371010345074260117e-01
4.187199051316097161e-03 8.373590054886825840e-02 8.369552851698239815e-01
5.066402999099136120e-03 9.210459208769389283e-02 8.367774042795378397e-01
6.029284393279070974e-03 1.004713310242647956e-01 8.365642412307116027e-01
7.075821891462024359e-03 1.088357488668852818e-01 8.363126655748918115e-01
8.205990310182981542e-03 1.171974459309618050e-01 8.360195696246343067e-01
9.419760314159709644e-03 1.255559915801139070e-01 8.356818711725382265e-01
1.071709810809560320e-02 1.339109244950332511e-01 8.352965163209772337e-01
1.209796513131438343e-02 1.422617529711716899e-01 8.348604824173067041e-01
1.356231775552013165e-02 1.506079552462854521e-01 8.343707810888305598e-01
1.511010698598609821e-02 1.589489798588018254e-01 8.338244613713158282e-01
1.674127816648507752e-02 1.672842460379112550e-01 8.332186129243465134e-01
1.845577068828282985e-02 1.756131441262171744e-01 8.325503693263186511e-01
2.025351770352398426e-02 1.839350360357022984e-01 8.318169114413903609e-01
2.213444584334705798e-02 1.922492557376903055e-01 8.310154708502268672e-01
2.409847494107157304e-02 2.005551097873982669e-01 8.301433333359137245e-01
2.614551776080580731e-02 2.088518778835862788e-01 8.291978424159620609e-01
2.827547973182829508e-02 2.171388134637183831e-01 8.281764029108986680e-01
3.048825868909984388e-02 2.254151443349509676e-01 8.270764845395213172e-01
3.278374462026552305e-02 2.336800733411642517e-01 8.258956255305131000e-01
3.516181941950768247e-02 2.419327790661476019e-01 8.246314362397502151e-01
3.762235664861165313e-02 2.501724165729404814e-01 8.232816027623077737e-01
4.016522130560522263e-02 2.583981181792201487e-01 8.218438905278699913e-01
4.279026960133133772e-02 2.666089942685123115e-01 8.203161478679952268e-01
4.549734874431068249e-02 2.748041341368849810e-01 8.186963095434598436e-01
4.828629673424670449e-02 2.829826068746661427e-01 8.169824002197306756e-01
5.115694216452060933e-02 2.911434622826066243e-01 8.151725378784779874e-01
5.410910403401734264e-02 2.992857318217875817e-01 8.132649371529550031e-01
5.714259156861596634e-02 3.074084295964501501e-01 8.112579125750295495e-01
6.025720405266909996e-02 3.155105533688028485e-01 8.091498817216675743e-01
6.345273067078588403e-02 3.235910856047405915e-01 8.069393682487332464e-01
6.672895036022181980e-02 3.316489945492880342e-01 8.046250048000881394e-01
7.008563167416630157e-02 3.396832353304608532e-01 8.022055357801497477e-01
7.352253265620489753e-02 3.476927510901217100e-01 7.996798199782984007e-01
7.703940072621887070e-02 3.556764741402920205e-01 7.970468330338107421e-01
8.063597257796822904e-02 3.636333271432698466e-01 7.943056697303425562e-01
8.431197408858767672e-02 3.715622243137960412e-01 7.914555461093847333e-01
8.806712024020683927e-02 3.794620726414076883e-01 7.884958013925740250e-01
9.190111505388674773e-02 3.873317731310182421e-01 7.854258997032514955e-01
9.581365153604480545e-02 3.951702220596720605e-01 7.822454315782292333e-01
9.980441163751922751e-02 4.029763122473319359e-01 7.789541152613409514e-01
1.038730662254023357e-01 4.107489343394785108e-01 7.755517977710212341e-01
1.080192750677493874e-01 4.184869780992261368e-01 7.720384557348711763e-01
1.122426868312462606e-01 4.261893337065925103e-01 7.684141959849264403e-01
1.165429390918956004e-01 4.338548930625016897e-01 7.646792559081423413e-01
1.209196583587563711e-01 4.414825510950480258e-01 7.608340035474459029e-01
1.253724601107468473e-01 4.490712070655073496e-01 7.568789374495745736e-01
1.299009488464959450e-01 4.566197658715481777e-01 7.528146862568176889e-01
1.345047181472018294e-01 4.641271393450712712e-01 7.486420080406988031e-01
1.391833507524314339e-01 4.715922475420910587e-01 7.443617893765783755e-01
1.439364186487680497e-01 4.790140200220669442e-01 7.399750441591118610e-01
1.487634831711888150e-01 4.863913971140969572e-01 7.354829121594630426e-01
1.536640951170276104e-01 4.937233311673995262e-01 7.308866573261411093e-01
1.586377948723537434e-01 5.010087877835334158e-01 7.261876658322982125e-01
1.636841125505707761e-01 5.082467470278380084e-01 7.213874438732850169e-01
1.688025681430157521e-01 5.154362046176200751e-01 7.164876152192101166e-01
1.739926716813137986e-01 5.225761730846644193e-01 7.114899185281809979e-01
1.792539234112195401e-01 5.296656829097072805e-01 7.063962044268117246e-01
1.845858139776536400e-01 5.367037836265822204e-01 7.012084323654651508e-01
1.899878246206197219e-01 5.436895448938257047e-01 6.959286672565424547e-01
1.954594273816659400e-01 5.506220575316194132e-01 6.905590759049443639e-01
2.010000853205340110e-01 5.575004345220381241e-01 6.851019232405958226e-01
2.066092527416192315e-01 5.643238119706777134e-01 6.795595683636469486e-01
2.122863754298461025e-01 5.710913500278450572e-01 6.739344604136328076e-01
2.180308908955464475e-01 5.778022337676083087e-01 6.682291342744927087e-01
2.238422286279107554e-01 5.844556740231289238e-01 6.624462061279088321e-01
2.297198103565681326e-01 5.910509081768224871e-01 6.565883688679220453e-01
2.356630503208364258e-01 5.975872009040269495e-01 6.506583873902207493e-01
2.416713555461716123e-01 6.040638448689952256e-01 6.446590937698717383e-01
2.477441261273342632e-01 6.104801613721656528e-01 6.385933823415665955e-01
2.538807555177813313e-01 6.168355009478065920e-01 6.324642046966985065e-01
2.600806308247829990e-01 6.231292439112766646e-01 6.262745646117552356e-01
2.663431331097576571e-01 6.293608008552864508e-01 6.200275129226185955e-01
2.726676376933124257e-01 6.355296130946930244e-01 6.137261423593971532e-01
2.790535144644727406e-01 6.416351530595069130e-01 6.073735823563896075e-01
2.855001281935827251e-01 6.476769246359345145e-01 6.009729938516797931e-01
2.920068388483554322e-01 6.536544634554246613e-01 5.945275640907047299e-01
2.985730019125543144e-01 6.595673371318294675e-01 5.880405014479173076e-01
3.051979687067878366e-01 6.654151454469303673e-01 5.815150302803817617e-01
3.118810867109025886e-01 6.711975204847157039e-01 5.749543858268036933e-01
3.186216998874650819e-01 6.769141267149312302e-01 5.683618091651039261e-01
3.254191490058283009e-01 6.825646610265513337e-01 5.617405422412026228e-01
3.322727719662852963e-01 6.881488527119458132e-01 5.550938229811909208e-01
3.391819041238219867e-01 6.936664634026336040e-01 5.484248804985336623e-01
3.461458786109894992e-01 6.991172869576298687e-01 5.417369304073744729e-01
3.531640266594273658e-01 7.045011493055014506e-01 5.350331702524074862e-01
3.602356779195809988e-01 7.098179082413438312e-01 5.283167750651395211e-01
3.673601607781689649e-01 7.150674531799920963e-01 5.215908930557022760e-01
3.745368026729692379e-01 7.202497048668630164e-01 5.148586414486848728e-01
3.817649304045083736e-01 7.253646150479078347e-01 5.081231024707512089e-01
3.890438704442517603e-01 7.304121661002306309e-01 5.013873194970853708e-01
3.963729492389106990e-01 7.353923706249910763e-01 4.946542933629796690e-01
4.037514935104964953e-01 7.403052710042727913e-01 4.879269788461426116e-01
4.111788305517702913e-01 7.451509389236486980e-01 4.812082813245689428e-01
4.186542885167546246e-01 7.499294748622205020e-01 4.745010536140778501e-01
4.261771967059901911e-01 7.546410075519458527e-01 4.678080929888982498e-01
4.337468858462398824e-01 7.592856934080984832e-01 4.611321383879605773e-01
4.413626883643610999e-01 7.638637159327277271e-01 4.544758678088496873e-01
4.490239386550852196e-01 7.683752850930020140e-01 4.478418958906842384e-01
4.567299733424630692e-01 7.728206366763279433e-01 4.412327716865173111e-01
4.644801315347532045e-01 7.772000316241413076e-01 4.346509766252054652e-01
4.722737550725493727e-01 7.815137553462616626e-01 4.280989226620694477e-01
4.801101887699622539e-01 7.857621170176921632e-01 4.215789506170715684e-01
4.879887806486890578e-01 7.899454488597316137e-01 4.150933286986664417e-01
4.959088821648236500e-01 7.940641054072432592e-01 4.086442512109416114e-01
5.038698484282777557e-01 7.981184627638999718e-01 4.022338374411576489e-01
5.118710384147018289e-01 8.021089178471927372e-01 3.958641307243211949e-01
5.199118151698122192e-01 8.060358876249545945e-01 3.895370976809822694e-01
5.279915460060482513e-01 8.098998083451108831e-01 3.832546276240400007e-01
5.361096026914999868e-01 8.137011347603241296e-01 3.770185321299666659e-01
5.442653616310637599e-01 8.174403393491523895e-01 3.708305447695205981e-01
5.524582040397980620e-01 8.211179115352906788e-01 3.646923209927153131e-01
5.606875161084688974e-01 8.247343569064105040e-01 3.586054381625413678e-01
5.689526891612877169e-01 8.282901964340567691e-01 3.525713957317012093e-01
5.772531198058591384e-01 8.317859656960019388e-01 3.465916155564153223e-01
5.855882100753704300e-01 8.352222141023987190e-01 3.406674423411876207e-01
5.939573675630664962e-01 8.385995041270090100e-01 3.348001442082794710e-01
6.023600055490679894e-01 8.419184105447242716e-01 3.289909133855346557e-01
6.107955431196007146e-01 8.451795196765299334e-01 3.232408670061193146e-01
6.192634052787167054e-01 8.483834286429989824e-01 3.175510480136913838e-01
6.277630230525965693e-01 8.515307446273379099e-01 3.119224261664917952e-01
6.362938335865347961e-01 8.546220841489404751e-01 3.063558991338519721e-01
6.448552802347163881e-01 8.576580723483421265e-01 3.008522936786409141e-01
6.534468126429036072e-01 8.606393422844013097e-01 2.954123669192241786e-01
6.620678868241592907e-01 8.635665342444720505e-01 2.900368076645783444e-01
6.707179652277388548e-01 8.664402950682665860e-01 2.847262378162962460e-01
6.793965168012932043e-01 8.692612774860473124e-01 2.794812138313270689e-01
6.881030170465267659e-01 8.720301394717243637e-01 2.743022282394202982e-01
6.968369480684636352e-01 8.747475436113767433e-01 2.691897112093845634e-01
7.055977986184779338e-01 8.774141564876559718e-01 2.641440321584251349e-01
7.143850641312489147e-01 8.800306480804753750e-01 2.591655013989915268e-01
7.231982467558066840e-01 8.825976911843325112e-01 2.542543718177418532e-01
7.320368553808347389e-01 8.851159608425607228e-01 2.494108405814178808e-01
7.409004056544012951e-01 8.875861337987523969e-01 2.446350508646174815e-01
7.497884199982909337e-01 8.900088879655495555e-01 2.399270935946518080e-01
7.587004276171124273e-01 8.923849019109489911e-01 2.352870092088796550e-01
7.676359645023568268e-01 8.947148543622251982e-01 2.307147894201209415e-01
7.765945734315836679e-01 8.969994237275294990e-01 2.262103789859635505e-01
7.855758039629114897e-01 8.992392876351859021e-01 2.217736774779917042e-01
7.945792124249895227e-01 9.014351224906624882e-01 2.174045410471787121e-01
8.036043619026276286e-01 9.035876030511631463e-01 2.131027841819022051e-01
8.126508222182596830e-01 9.056974020177482876e-01 2.088681814552530991e-01
8.217181699094152636e-01 9.077651896448620805e-01 2.047004692585215058e-01
8.308059882023731690e-01 9.097916333671135503e-01 2.005993475179524699e-01
8.399138669821679670e-01 9.117773974431298001e-01 1.965644813920700562e-01
8.490414027591201007e-01 9.137231426162751857e-01 1.925955029470708679e-01
8.581881986320561984e-01 9.156295257920047392e-01 1.886920128079858650e-01
8.673538642483848982e-01 9.174971997315997108e-01 1.848535817835023631e-01
8.765380157611912804e-01 9.193268127620107810e-01 1.810797524625256116e-01
8.857402757835086682e-01 9.211190085015192874e-01 1.773700407807420332e-01
8.949602733399251164e-01 9.228744256009066005e-01 1.737239375556214327e-01
9.041976438156774654e-01 9.245936974998101299e-01 1.701409099884661213e-01
9.134520289033840612e-01 9.262774521979302289e-01 1.666204031322777168e-01
9.227230765475614715e-01 9.279263120407398313e-01 1.631618413243694776e-01
9.320104408870703017e-01 9.295408935193403277e-01 1.597646295828021312e-01
9.413137821956282236e-01 9.311218070840974192e-01 1.564281549658637638e-01
9.506327668205266646e-01 9.326696569716844687e-01 1.531517878939513133e-01
9.599670671196837146e-01 9.341850410451543185e-01 1.499348834333402714e-01
9.693163613971610415e-01 9.356685506466566604e-01 1.467767825414514893e-01
9.786803338372697114e-01 9.371207704624142654e-01 1.436768132733400316e-01
9.880586744373854868e-01 9.385422783995697182e-01 1.406342919492395982e-01
9.974510789395900634e-01 9.399336454745121916e-01 1.376485242830983169e-01
1.006857248761251711e+00 9.412954357122947924e-01 1.347188064721372147e-01
1.016276890924653786e+00 9.426282060567534593e-01 1.318444262475521322e-01
1.025709717985776148e+00 9.439325062909387221e-01 1.290246638865624740e-01
1.035155447962331055e+00 9.452088789674762959e-01 1.262587931860870982e-01
1.044613804261150580e+00 9.464578593484737068e-01 1.235460823983986073e-01
1.054084515605019590e+00 9.476799753545953608e-01 1.208857951291721078e-01
1.063567315959042858e+00 9.488757475229320226e-01 1.182771911984046020e-01
1.073061944456634942e+00 9.500456889732956656e-01 1.157195274647348504e-01
1.082568145325211617e+00 9.511903053825773169e-01 1.132120586137430052e-01
1.092085667811665273e+00 9.523100949668099613e-01 1.107540379108533229e-01
1.101614266107697082e+00 9.534055484705868944e-01 1.083447179195028420e-01
1.111153699275079676e+00 9.544771491634902461e-01 1.059833511852737165e-01
1.120703731170916262e+00 9.555253728431940541e-01 1.036691908867179296e-01
1.130264130372964360e+00 9.565506878449122619e-01 1.014014914536293249e-01
1.139834670105083214e+00 9.575535550568696763e-01 9.917950915354122043e-02
1.149415128162865507e+00 9.585344279414823587e-01 9.700250264724664950e-02
1.159005286839507320e+00 9.594937525619420260e-01 9.486973351415436961e-02
1.168604932851970979e+00 9.604319676139062567e-01 9.278046674830613127e-02
1.178213857267487397e+00 9.613495044620058438e-01 9.073397122589049735e-02
1.187831855430448336e+00 9.622467871808880746e-01 8.872952014509499774e-02
1.197458726889728764e+00 9.631242326005240439e-01 8.676639143914284535e-02
1.207094275326484167e+00 9.639822503555156574e-01 8.484386816336189630e-02
1.216738308482458786e+00 9.648212429381469724e-01 8.296123885713310719e-02
1.226390638088841856e+00 9.656416057549328524e-01 8.111779788156305016e-02
1.236051079795707386e+00 9.664437271864269041e-01 7.931284573372053559e-02
1.245719453102065666e+00 9.672279886500573243e-01 7.754568933827105104e-02
1.255395581286557594e+00 9.679947646657702798e-01 7.581564231733466108e-02
1.265079291338820022e+00 9.687444229242659910e-01 7.412202523938388188e-02
1.274770413891543219e+00 9.694773243576224608e-01 7.246416584798708038e-02
1.284468783153248417e+00 9.701938232121091188e-01 7.084139927119111058e-02
1.294174236841800774e+00 9.708942671230006427e-01 6.925306821232399268e-02
1.303886616118682173e+00 9.715789971912096590e-01 6.769852312298434149e-02
1.313605765524037405e+00 9.722483480615624618e-01 6.617712235896963668e-02
1.323331532912510378e+00 9.729026480025528834e-01 6.468823231987988476e-02
1.333063769389886133e+00 9.735422189874124443e-01 6.323122757311695763e-02
1.342802329250547544e+00 9.741673767763464609e-01 6.180549096298350309e-02
1.352547069915760902e+00 9.747784309997887808e-01 6.041041370556780865e-02
1.362297851872798393e+00 9.753756852425374824e-01 5.904539547008391676e-02
1.372054538614905228e+00 9.759594371286388625e-01 5.770984444731819957e-02
1.381816996582119650e+00 9.765299784068939282e-01 5.640317740581574091e-02
1.391585095102949587e+00 9.770875950368681506e-01 5.512481973642168603e-02
1.401358706336912396e+00 9.776325672752910201e-01 5.387420548577442209e-02
1.411137705217939908e+00 9.781651697627375963e-01 5.265077737932923052e-02
1.420921969398650342e+00 9.786856716104900267e-01 5.145398683447269250e-02
1.430711379195490851e+00 9.791943364874834410e-01 5.028329396426997611e-02
1.440505817534748267e+00 9.796914227072442971e-01 4.913816757236896815e-02
1.450305169899429814e+00 9.801771833147358004e-01 4.801808513956723479e-02
1.460109324277010456e+00 9.806518661730294628e-01 4.692253280253006614e-02
1.469918171108046678e+00 9.811157140497263063e-01 4.585100532513018690e-02
1.479731603235652893e+00 9.815689647030564347e-01 4.480300606286244380e-02
1.489549515855835837e+00 9.820118509675904717e-01 4.377804692076964904e-02
1.499371806468685175e+00 9.824446008394990271e-01 4.277564830529902856e-02
1.509198374830413858e+00 9.828674375613021263e-01 4.179533907049214070e-02
1.519029122906242701e+00 9.832805797060542030e-01 4.083665645889513612e-02
1.528863954824124072e+00 9.836842412609129171e-01 3.989914603756024303e-02
1.538702776829298235e+00 9.840786317100450598e-01 3.898236162949404032e-02
1.548545497239674829e+00 9.844639561168259112e-01 3.808586524089292019e-02
1.558392026402033226e+00 9.848404152052908644e-01 3.720922698449144472e-02
1.568242276649032929e+00 9.852082054408022316e-01 3.635202499933494480e-02
1.578096162257026647e+00 9.855675191098978161e-01 3.551384536727378305e-02
1.587953599404667626e+00 9.859185443992888320e-01 3.469428202646317877e-02
1.597814506132303247e+00 9.862614654739787490e-01 3.389293668213920474e-02
1.607678802302144438e+00 9.865964625544776379e-01 3.310941871492895094e-02
1.617546409559202925e+00 9.869237119930885926e-01 3.234334508694036020e-02
1.627417251292986977e+00 9.872433863492442452e-01 3.159434024586530582e-02
1.637291252599944791e+00 9.875556544638758316e-01 3.086203602731788648e-02
1.647168340246647489e+00 9.878606815327974910e-01 3.014607155561865870e-02
1.657048442633701324e+00 9.881586291790918075e-01 2.944609314322481353e-02
1.666931489760376861e+00 9.884496555244829397e-01 2.876175418899575703e-02
1.676817413189949146e+00 9.887339152596880121e-01 2.809271507547353094e-02
1.686706146015734431e+00 9.890115597137371095e-01 2.743864306534782305e-02
1.696597622827815677e+00 9.892827369222538803e-01 2.679921219726596679e-02
1.706491779680445964e+00 9.895475916946923078e-01 2.617410318113935416e-02
1.716388554060117810e+00 9.898062656805239889e-01 2.556300329308905037e-02
1.726287884854290855e+00 9.900588974343744741e-01 2.496560627016511727e-02
1.736189712320763912e+00 9.903056224801051188e-01 2.438161220496620069e-02
1.746093978057683627e+00 9.905465733738422207e-01 2.381072744027828633e-02
1.756000624974177970e+00 9.907818797659521115e-01 2.325266446384423660e-02
1.765909597261604347e+00 9.910116684619658667e-01 2.270714180336872931e-02
1.775820840365400555e+00 9.912360634824551875e-01 2.217388392185645068e-02
1.785734300957531495e+00 9.914551861218636741e-01 2.165262111337509440e-02
1.795649926909516747e+00 9.916691550062987082e-01 2.114308939932848033e-02
1.805567667266032350e+00 9.918780861502881629e-01 2.064503042531931967e-02
1.815487472219074361e+00 9.920820930125098247e-01 2.015819135867557080e-02
1.825409293082674633e+00 9.922812865504990754e-01 1.968232478670896984e-02
1.835333082268158833e+00 9.924757752743433858e-01 1.921718861576926160e-02
1.845258793259936247e+00 9.926656652993715024e-01 1.876254597115283376e-02
1.855186380591811401e+00 9.928510603978463189e-01 1.831816509791981545e-02
1.865115799823807929e+00 9.930320620496703166e-01 1.788381926266938843e-02
1.875047007519494269e+00 9.932087694921142296e-01 1.745928665631883009e-02
1.884979961223801626e+00 9.933812797685784846e-01 1.704435029792789741e-02
1.894914619441325998e+00 9.935496877763979606e-01 1.663879793960639647e-02
1.904850941615101600e+00 9.937140863137020608e-01 1.624242197253924352e-02
1.914788888105839915e+00 9.938745661253399755e-01 1.585501933415989911e-02
1.924728420171622156e+00 9.940312159478841281e-01 1.547639141649993950e-02
1.934669499948038274e+00 9.941841225537229043e-01 1.510634397573944708e-02
1.944612090428761375e+00 9.943333707942549893e-01 1.474468704298006333e-02
1.954556155446550259e+00 9.944790436421975244e-01 1.439123483625986272e-02
1.964501659654670496e+00 9.946212222330208519e-01 1.404580567382661578e-02
1.974448568508725410e+00 9.947599859055222815e-01 1.370822188868366272e-02
1.984396848248888956e+00 9.948954122415516466e-01 1.337830974442029072e-02
1.994346465882531394e+00 9.950275771049017504e-01 1.305589935233640586e-02
2.004297389167229326e+00 9.951565546793764705e-01 1.274082458986928665e-02
2.014249586594152763e+00 9.952824175060499545e-01 1.243292302032828270e-02
2.024203027371821673e+00 9.954052365197291197e-01 1.213203581394158535e-02
2.034157681410221574e+00 9.955250810846336673e-01 1.183800767021749717e-02
2.044113519305272852e+00 9.956420190293064909e-01 1.155068674162109364e-02
2.054070512323645126e+00 9.957561166807665787e-01 1.126992455856568043e-02
2.064028632387911344e+00 9.958674388979192882e-01 1.099557595571710490e-02
2.073987852062027848e+00 9.959760491042357611e-01 1.072749899960769027e-02
2.083948144537143499e+00 9.960820093197150227e-01 1.046555491755535132e-02
2.093909483617719225e+00 9.961853801921419782e-01 1.020960802788237372e-02
2.103871843707960654e+00 9.962862210276538510e-01 9.959525671427261334e-03
2.113835199798551834e+00 9.963845898206283858e-01 9.715178144342122984e-03
2.123799527453682945e+00 9.964805432829060283e-01 9.476438632167162590e-03
2.133764802798370219e+00 9.965741368723597393e-01 9.243183145172991985e-03
2.143731002506054306e+00 9.966654248208240974e-01 9.015290454960755290e-03
2.153698103786479301e+00 9.967544601613970157e-01 8.792642032309304356e-03
2.163666084373836895e+00 9.968412947551256176e-01 8.575121986258026421e-03
2.173634922515178314e+00 9.969259793170894834e-01 8.362617004413340493e-03
2.183604596959082489e+00 9.970085634418929255e-01 8.155016294466285731e-03
2.193575086944575592e+00 9.970890956285785034e-01 7.952211526908163630e-03
2.203546372190298364e+00 9.971676233049734384e-01 7.754096778930696238e-03
2.213518432883913256e+00 9.972441928514809151e-01 7.560568479496767094e-03
2.223491249671746495e+00 9.973188496243281520e-01 7.371525355567418690e-03
2.233464803648660180e+00 9.973916379782822306e-01 7.186868379470434144e-03
2.243439076348150429e+00 9.974626012888452298e-01 7.006500717395529841e-03
2.253414049732661795e+00 9.975317819739399905e-01 6.830327679000899530e-03
2.263389706184118833e+00 9.975992215150975007e-01 6.658256668115604925e-03
2.273366028494666402e+00 9.976649604781564484e-01 6.490197134522097955e-03
2.283342999857612909e+00 9.977290385334862677e-01 6.326060526802960299e-03
2.293320603858576057e+00 9.977914944757435567e-01 6.165760246235788000e-03
2.303298824466822659e+00 9.978523662431731944e-01 6.009211601720004098e-03
2.313277646026797640e+00 9.979116909364629251e-01 5.856331765719272921e-03
2.323257053249842663e+00 9.979695048371632904e-01 5.707039731203076942e-03
2.333237031206094159e+00 9.980258434256812361e-01 5.561256269570965909e-03
2.343217565316559892e+00 9.980807413988582733e-01 5.418903889542907304e-03
2.353198641345370934e+00 9.981342326871418535e-01 5.279906796999146376e-03
2.363180245392199730e+00 9.981863504713602842e-01 5.144190855752947544e-03
2.373162363884848247e+00 9.982371271991097306e-01 5.011683549239598530e-03
2.383144983571995112e+00 9.982865946007624114e-01 4.882313943105050756e-03
2.393128091516101286e+00 9.983347837051056439e-01 4.756012648677609457e-03
2.403111675086471610e+00 9.983817248546195122e-01 4.632711787306108622e-03
2.413095721952466910e+00 9.984274477204021503e-01 4.512344955548065750e-03
2.423080220076862634e+00 9.984719813167514113e-01 4.394847191191365160e-03
2.433065157709352722e+00 9.985153540154108054e-01 4.280154940093096674e-03
2.443050523380194239e+00 9.985575935594874775e-01 4.168206023819258019e-03
2.453036305893988356e+00 9.985987270770509960e-01 4.058939608069115149e-03
2.463022494323598099e+00 9.986387810944197252e-01 3.952296171868127476e-03
2.473009078004194006e+00 9.986777815491435506e-01 3.848217477513454689e-03
2.482996046527432110e+00 9.987157538026892878e-01 3.746646541256170703e-03
2.492983389735754507e+00 9.987527226528363222e-01 3.647527604704456448e-03
2.502971097716812476e+00 9.987887123457906968e-01 3.550806106932162445e-03
2.512959160798011737e+00 9.988237465880226429e-01 3.456428657277286088e-03
2.522947569541171831e+00 9.988578485578365473e-01 3.364343008815053396e-03
2.532936314737301853e+00 9.988910409166779081e-01 3.274498032490451120e-03
2.542925387401487214e+00 9.989233458201859372e-01 3.186843691895222940e-03
2.552914778767886084e+00 9.989547849289960313e-01 3.101331018674504791e-03
2.562904480284831532e+00 9.989853794193002123e-01 3.017912088548452623e-03
2.572894483610039806e+00 9.990151499931705370e-01 2.936539997934395439e-03
2.582884780605919417e+00 9.990441168886514678e-01 2.857168841155227276e-03
2.592875363334980587e+00 9.990722998896273133e-01 2.779753688219943966e-03
2.602866224055341071e+00 9.990997183354705102e-01 2.704250563162419532e-03
2.612857355216330113e+00 9.991263911304757439e-01 2.630616422924721403e-03
2.622848749454182560e+00 9.991523367530856792e-01 2.558809136771453534e-03
2.632840399587826230e+00 9.991775732649134101e-01 2.488787466221830790e-03
2.642832298614757658e+00 9.992021183195666234e-01 2.420511045486390886e-03
2.652824439707005766e+00 9.992259891712791386e-01 2.353940362395461842e-03
2.662816816207179915e+00 9.992492026833533769e-01 2.289036739806714522e-03
2.672809421624602333e+00 9.992717753364198652e-01 2.225762317479348419e-03
2.682802249631521807e+00 9.992937232365172173e-01 2.164080034402677405e-03
2.692795294059408207e+00 9.993150621229983654e-01 2.103953611567095563e-03
2.702788548895322940e+00 9.993358073762658167e-01 2.045347535165636076e-03
2.712782008278368906e+00 9.993559740253415979e-01 1.988227040214549102e-03
2.722775666496212832e+00 9.993755767552754410e-01 1.932558094581555063e-03
2.732769517981682661e+00 9.993946299143948719e-01 1.878307383410654854e-03
2.742763557309435551e+00 9.994131475214016458e-01 1.825442293932602687e-03
2.752757779192696930e+00 9.994311432723186339e-01 1.773930900650375845e-03
2.762752178480066600e+00 9.994486305472896071e-01 1.723741950889203303e-03
2.772746750152394579e+00 9.994656224172367986e-01 1.674844850700942618e-03
2.782741489319721762e+00 9.994821316503792463e-01 1.627209651112819381e-03
2.792736391218283654e+00 9.994981707186151310e-01 1.580807034710775315e-03
2.802731451207579383e+00 9.995137518037714441e-01 1.535608302547892927e-03
2.812726664767501994e+00 9.995288868037247587e-01 1.491585361368592301e-03
2.822722027495527808e+00 9.995435873383954339e-01 1.448710711139521590e-03
2.832717535103967954e+00 9.995578647556189189e-01 1.406957432878283695e-03
2.842713183417274969e+00 9.995717301368962637e-01 1.366299176771366714e-03
2.852708968369408016e+00 9.995851943030279463e-01 1.326710150572863681e-03
2.862704886001254501e+00 9.995982678196323468e-01 1.288165108275788479e-03
2.872700932458104095e+00 9.996109610025529779e-01 1.250639339048009073e-03
2.882697103987178266e+00 9.996232839231555811e-01 1.214108656425038875e-03
2.892693396935211769e+00 9.996352464135190852e-01 1.178549387752133226e-03
2.902689807746084316e+00 9.996468580715217600e-01 1.143938363868354444e-03
2.912686332958505098e+00 9.996581282658257850e-01 1.110252909025472674e-03
2.922682969203743486e+00 9.996690661407615641e-01 1.077470831034776661e-03
2.932679713203410810e+00 9.996796806211153408e-01 1.045570411635069570e-03
2.942676561767287868e+00 9.996899804168211112e-01 1.014530397075326645e-03
2.952673511791199967e+00 9.996999740275592794e-01 9.843299889056836196e-04
2.962670560254936802e+00 9.997096697472647175e-01 9.549488349706221086e-04
2.972667704220216756e+00 9.997190756685455648e-01 9.263670205984050237e-04
2.982664940828696487e+00 9.997281996870144294e-01 8.985650599810023021e-04
2.992662267300020495e+00 9.997370495055351025e-01 8.715238877389304591e-04
3.002659680929916419e+00 9.997456326383851177e-01 8.452248506656083720e-04
3.012657179088328974e+00 9.997539564153372638e-01 8.196496996460070220e-04
3.022654759217593856e+00 9.997620279856603842e-01 7.947805817445435187e-04
3.032652418830653840e+00 9.997698543220426837e-01 7.706000324573381152e-04
3.042650155509311283e+00 9.997774422244376513e-01 7.470909681241166313e-04
3.052647966902521048e+00 9.997847983238354885e-01 7.242366784952017095e-04
3.062645850724717622e+00 9.997919290859605956e-01 7.020208194491935364e-04
3.072643804754182195e+00 9.997988408148967832e-01 6.804274058570934256e-04
3.082641826831443055e+00 9.998055396566425390e-01 6.594408045887714372e-04
3.092639914857712835e+00 9.998120316025962406e-01 6.390457276578266578e-04
3.102638066793359073e+00 9.998183224929743096e-01 6.192272255010280871e-04
3.112636280656409848e+00 9.998244180201619757e-01 5.999706803886617696e-04
3.122634554521091399e+00 9.998303237319993153e-01 5.812617999622438168e-04
3.132632886516399484e+00 9.998360450350033402e-01 5.630866108961878795e-04
3.142631274824701393e+00 9.998415871975269154e-01 5.454314526801417196e-04
3.152629717680369925e+00 9.998469553528565035e-01 5.282829715188287452e-04
3.162628213368448460e+00 9.998521545022491797e-01 5.116281143463490954e-04
3.172626760223344444e+00 9.998571895179104718e-01 4.954541229520084819e-04
3.182625356627555302e+00 9.998620651459140252e-01 4.797485282148538570e-04
3.192624001010419654e+00 9.998667860090639792e-01 4.644991444442019327e-04
3.202622691846900516e+00 9.998713566097017225e-01 4.496940638235491961e-04
3.212621427656392470e+00 9.998757813324569144e-01 4.353216509553521369e-04
3.222620207001559489e+00 9.998800644469451049e-01 4.213705375042623574e-04
3.232619028487197621e+00 9.998842101104117308e-01 4.078296169364938224e-04
3.242617890759124766e+00 9.998882223703244865e-01 3.946880393530884145e-04
3.252616792503094434e+00 9.998921051669138471e-01 3.819352064149324232e-04
3.262615732443737482e+00 9.998958623356640762e-01 3.695607663574583470e-04
3.272614709343525163e+00 9.998994976097540510e-01 3.575546090930465065e-04
3.282613722001760159e+00 9.999030146224502369e-01 3.459068613992163249e-04
3.292612769253586702e+00 9.999064169094514787e-01 3.346078821907711755e-04
3.302611849969028679e+00 9.999097079111868291e-01 3.236482578741300378e-04
3.312610963052047275e+00 9.999128909750680805e-01 3.130187977821468530e-04
3.322610107439621707e+00 9.999159693576961105e-01 3.027105296877826020e-04
3.332609282100852166e+00 9.999189462270233753e-01 2.927146953950569841e-04
3.342608486036083626e+00 9.999218246644724362e-01 2.830227464057649559e-04
3.352607718276052307e+00 9.999246076670115224e-01 2.736263396605001508e-04
3.362606977881049009e+00 9.999272981491880152e-01 2.645173333525808654e-04
3.372606263940107318e+00 9.999298989451204100e-01 2.556877828135251498e-04
3.382605575570207801e+00 9.999324128104493115e-01 2.471299364687709220e-04
3.392604911915502619e+00 9.999348424242483491e-01 2.388362318623831631e-04
3.402604272146559694e+00 9.999371903908959025e-01 2.307992917495349148e-04
3.412603655459625074e+00 9.999394592419079686e-01 2.230119202555908703e-04
3.422603061075903064e+00 9.999416514377329479e-01 2.154670991006621406e-04
3.432602488240855010e+00 9.999437693695089058e-01 2.081579838885394811e-04
3.442601936223513182e+00 9.999458153607839739e-01 2.010779004589476938e-04
3.452601404315815525e+00 9.999477916692011137e-01 1.942203413020986646e-04
3.462600891831952854e+00 9.999497004881465756e-01 1.875789620345529984e-04
3.472600398107736019e+00 9.999515439483640522e-01 1.811475779354307055e-04
3.482599922499975964e+00 9.999533241195340816e-01 1.749201605420405844e-04
3.492599464385882424e+00 9.999550430118199218e-01 1.688908343040258124e-04
3.502599023162475067e+00 9.999567025773801188e-01 1.630538732951488138e-04
3.512598598246011061e+00 9.999583047118486556e-01 1.574036979818633033e-04
3.522598189071427743e+00 9.999598512557829055e-01 1.519348720478446064e-04
3.532597795091798165e+00 9.999613439960800543e-01 1.466420992736711213e-04
3.542597415777802183e+00 9.999627846673627696e-01 1.415202204708704151e-04
3.552597050617210428e+00 9.999641749533344504e-01 1.365642104695628009e-04
3.562596699114380705e+00 9.999655164881046110e-01 1.317691751589536171e-04
3.572596360789769943e+00 9.999668108574847336e-01 1.271303485799425367e-04
3.582596035179456795e+00 9.999680596002555877e-01 1.226430900691341693e-04
3.592595721834677569e+00 9.999692642094061279e-01 1.183028814535497106e-04
3.602595420321375030e+00 9.999704261333444144e-01 1.141053242953534352e-04
3.612595130219757422e+00 9.999715467770815547e-01 1.100461371859209447e-04
3.622594851123871695e+00 9.999726275033885559e-01 1.061211530885890154e-04
3.632594582641185621e+00 9.999736696339271980e-01 1.023263167294384080e-04
3.642594324392182337e+00 9.999746744503544837e-01 9.865768203547180162e-05
3.652594076009966884e+00 9.999756431954022196e-01 9.511140961955967098e-05
3.662593837139880737e+00 9.999765770739316162e-01 9.168376431153625768e-05
3.672593607439128771e+00 9.999774772539629097e-01 8.837111273483707501e-05
3.682593386576416883e+00 9.999783448676818898e-01 8.516992092807740581e-05
3.692593174231596720e+00 9.999791810124217806e-01 8.207675201097983260e-05
3.702592970095324176e+00 9.999799867516230290e-01 7.908826389406558850e-05
3.712592773868722773e+00 9.999807631157696663e-01 7.620120703153190325e-05
3.722592585263060805e+00 9.999815111033037995e-01 7.341242221674391564e-05
3.732592403999434261e+00 9.999822316815182299e-01 7.071883841977576798e-05
3.742592229808459514e+00 9.999829257874273125e-01 6.811747066644136656e-05
3.752592062429976227e+00 9.999835943286174977e-01 6.560541795826071304e-05
3.762591901612755141e+00 9.999842381840763350e-01 6.317986123281269894e-05
3.772591747114217853e+00 9.999848582050023804e-01 6.083806136393020230e-05
3.782591598700162372e+00 9.999854552155941212e-01 5.857735720119785182e-05
3.792591456144496664e+00 9.999860300138206926e-01 5.639516364821707284e-05
3.802591319228980637e+00 9.999865833721723885e-01 5.428896977910725085e-05
3.812591187742974341e+00 9.999871160383935198e-01 5.225633699271573109e-05
3.822591061483194608e+00 9.999876287361966209e-01 5.029489720401306613e-05
3.832590940253478795e+00 9.999881221659582264e-01 4.840235107215362941e-05
3.842590823864553418e+00 9.999885970053982165e-01 4.657646626468502684e-05
3.852590712133811657e+00 9.999890539102409548e-01 4.481507575739328227e-05
3.862590604885097534e+00 9.999894935148601061e-01 4.311607616927383543e-05
3.872590501948493635e+00 9.999899164329071333e-01 4.147742613212164394e-05
3.882590403160118608e+00 9.999903232579230306e-01 3.989714469423682460e-05
3.892590308361928209e+00 9.999907145639348460e-01 3.837330975774512259e-05
3.902590217401523454e+00 9.999910909060366615e-01 3.690405654903574929e-05
3.912590130131964106e+00 9.999914528209551401e-01 3.548757612182182672e-05
3.922590046411587039e+00 9.999918008276004189e-01 3.412211389233181394e-05
3.932589966103832602e+00 9.999921354276026797e-01 3.280596820614307561e-05
3.942589889077071863e+00 9.999924571058342870e-01 3.153748893617174155e-05
3.952589815204443635e+00 9.999927663309183812e-01 3.031507611133596708e-05
3.962589744363694155e+00 9.999930635557234826e-01 2.913717857541250610e-05
3.972589676437020767e+00 9.999933492178452177e-01 2.800229267560961911e-05
3.982589611310922706e+00 9.999936237400747219e-01 2.690896098038222500e-05
3.992589548876054995e+00 9.999938875308547193e-01 2.585577102601827515e-05
4.002589489027087666e+00 9.999941409847231677e-01 2.484135409152834727e-05
4.012589431662567208e+00 9.999943844827443584e-01 2.386438400137356995e-05
4.022589376684786444e+00 9.999946183929288024e-01 2.292357595557014329e-05
4.032589323999654418e+00 9.999948430706409042e-01 2.201768538671187894e-05
4.042589273516571602e+00 9.999950588589961997e-01 2.114550684345549596e-05
4.052589225148310881e+00 9.999952660892464928e-01 2.030587290001661138e-05
4.062589178810899426e+00 9.999954650811551105e-01 1.949765309122782972e-05
4.072589134423505008e+00 9.999956561433610558e-01 1.871975287271368375e-05
4.082589091908330303e+00 9.999958395737335026e-01 1.797111260574069184e-05
4.092589051190501870e+00 9.999960156597154093e-01 1.725070656630434165e-05
4.102589012197970675e+00 9.999961846786581399e-01 1.655754197801840083e-05
4.112588974861412616e+00 9.999963468981460935e-01 1.589065806837562872e-05
4.122588939114131712e+00 9.999965025763120074e-01 1.524912514795272835e-05
4.132588904891966841e+00 9.999966519621434902e-01 1.463204371213611058e-05
4.142588872133202926e+00 9.999967952957803385e-01 1.403854356494899241e-05
4.152588840778483004e+00 9.999969328088034182e-01 1.346778296456417018e-05
4.162588810770723846e+00 9.999970647245148836e-01 1.291894779009087565e-05
4.172588782055036027e+00 9.999971912582104050e-01 1.239125072922812434e-05
4.182588754578642209e+00 9.999973126174432903e-01 1.188393048638106201e-05
4.192588728290805200e+00 9.999974290022807244e-01 1.139625101084101267e-05
4.202588703142751569e+00 9.999975406055524596e-01 1.092750074463407715e-05
4.212588679087599708e+00 9.999976476130921776e-01 1.047699188964747318e-05
4.222588656080293212e+00 9.999977502039713029e-01 1.004405969364706150e-05
4.232588634077534273e+00 9.999978485507260428e-01 9.628061754803902188e-06
4.242588613037717060e+00 9.999979428195774345e-01 9.228377344352096774e-06
4.252588592920868216e+00 9.999980331706450620e-01 8.844406747004594720e-06
4.262588573688586457e+00 9.999981197581536696e-01 8.475570618758198398e-06
4.272588555303983071e+00 9.999982027306336674e-01 8.121309361723481372e-06
4.282588537731627731e+00 9.999982822311157538e-01 7.781082515619937613e-06
4.292588520937492547e+00 9.999983583973193202e-01 7.454368165581291368e-06
4.302588504888903209e+00 9.999984313618348608e-01 7.140662365920508655e-06
4.312588489554483928e+00 9.999985012523008310e-01 6.839478579508754905e-06
4.322588474904113021e+00 9.999985681915751767e-01 6.550347132427202834e-06
4.332588460908873174e+00 9.999986322979013131e-01 6.272814683555332912e-06
4.342588447541007923e+00 9.999986936850684405e-01 6.006443708764096081e-06
4.352588434773876358e+00 9.999987524625678637e-01 5.750811999387056015e-06
4.362588422581912262e+00 9.999988087357430944e-01 5.505512174647410537e-06
4.372588410940582371e+00 9.999988626059360675e-01 5.270151207723552157e-06
4.382588399826347292e+00 9.999989141706283613e-01 5.044349965140630353e-06
4.392588389216623312e+00 9.999989635235776442e-01 4.827742759180368208e-06
4.402588379089747761e+00 9.999990107549503460e-01 4.619976913006179343e-06
4.412588369424940815e+00 9.999990559514492228e-01 4.420712338205428732e-06
4.422588360202272639e+00 9.999990991964375908e-01 4.229621124455489525e-06
4.432588351402632298e+00 9.999991405700585645e-01 4.046387141025018564e-06
4.442588343007694007e+00 9.999991801493515187e-01 3.870705649826674201e-06
4.452588334999886044e+00 9.999992180083637772e-01 3.702282929742273520e-06
4.462588327362364993e+00 9.999992542182589705e-01 3.540835911946131968e-06
4.472588320078982882e+00 9.999992888474217301e-01 3.386091825957100178e-06
4.482588313134264091e+00 9.999993219615592732e-01 3.237787856154523521e-06
4.492588306513375151e+00 9.999993536237987701e-01 3.095670808498072577e-06
4.502588300202103433e+00 9.999993838947823788e-01 2.959496787196077211e-06
4.512588294186828719e+00 9.999994128327585052e-01 2.829030881071670463e-06
4.522588288454502781e+00 9.999994404936700665e-01 2.704046859380678323e-06
4.532588282992625395e+00 9.999994669312397555e-01 2.584326876839813743e-06
4.542588277789222140e+00 9.999994921970526418e-01 2.469661187628315241e-06
4.552588272832825744e+00 9.999995163406355525e-01 2.359847868130716924e-06
4.562588268112452994e+00 9.999995394095342327e-01 2.254692548192962847e-06
4.572588263617586968e+00 9.999995614493872864e-01 2.154008150668551844e-06
4.582588259338157499e+00 9.999995825039978969e-01 2.057614639035859834e-06
4.592588255264523411e+00 9.999996026154033268e-01 1.965338772872178484e-06
4.602588251387456530e+00 9.999996218239410872e-01 1.877013870974389757e-06
4.612588247698122146e+00 9.999996401683139968e-01 1.792479581920517432e-06
4.622588244188066575e+00 9.999996576856519104e-01 1.711581661870681387e-06
4.632588240849197625e+00 9.999996744115720038e-01 1.634171759410220494e-06
4.642588237673773932e+00 9.999996903802363946e-01 1.560107207241946377e-06
4.652588234654388089e+00 9.999997056244082083e-01 1.489250820538637338e-06
4.662588231783952430e+00 9.999997201755053133e-01 1.421470701770983137e-06
4.672588229055688380e+00 9.999997340636521681e-01 1.356640051830245155e-06
4.682588226463112235e+00 9.999997473177300034e-01 1.294636987268896201e-06
4.692588224000021846e+00 9.999997599654251168e-01 1.235344363486463033e-06
4.702588221660487733e+00 9.999997720332752804e-01 1.178649603691689300e-06
4.712588219438839765e+00 9.999997835467147045e-01 1.124444533475993402e-06
4.722588217329655613e+00 9.999997945301171143e-01 1.072625220836986199e-06
4.732588215327753645e+00 9.999998050068374944e-01 1.023091821494564406e-06
4.742588213428178712e+00 9.999998149992522789e-01 9.757484293457815646e-07
4.752588211626195935e+00 9.999998245287978760e-01 9.305029319083366048e-07
4.762588209917280047e+00 9.999998336160078605e-01 8.872668706061009419e-07
4.772588208297107393e+00 9.999998422805490561e-01 8.459553057536330611e-07
4.782588206761545280e+00 9.999998505412559524e-01 8.064866861000996139e-07
4.792588205306646643e+00 9.999998584161639004e-01 7.687827227964390936e-07
4.802588203928640276e+00 9.999998659225410869e-01 7.327682676529629585e-07
4.812588202623924616e+00 9.999998730769195099e-01 6.983711955578954646e-07
4.822588201389058860e+00 9.999998798951246215e-01 6.655222909305991947e-07
4.832588200220757635e+00 9.999998863923036385e-01 6.341551380864275369e-07
4.842588199115883896e+00 9.999998925829532981e-01 6.042060153932801293e-07
4.852588198071441816e+00 9.999998984809461700e-01 5.756137931030172046e-07
4.862588197084571462e+00 9.999999040995559696e-01 5.483198347439146889e-07
4.872588196152543460e+00 9.999999094514822051e-01 5.222679019633072643e-07
4.882588195272752785e+00 9.999999145488736030e-01 4.974040627124816692e-07
4.892588194442711647e+00 9.999999194033506456e-01 4.736766026687379638e-07
4.902588193660046834e+00 9.999999240260275535e-01 4.510359397923390571e-07
4.912588192922494379e+00 9.999999284275329359e-01 4.294345419188153462e-07
4.922588192227894233e+00 9.999999326180301074e-01 4.088268472897838277e-07
4.932588191574184044e+00 9.999999366072360729e-01 3.891691879280781704e-07
4.942588190959398275e+00 9.999999404044405127e-01 3.704197157655713297e-07
4.952588190381661981e+00 9.999999440185234345e-01 3.525383314346014743e-07
4.962588189839186370e+00 9.999999474579721603e-01 3.354866156363898274e-07
4.972588189330266140e+00 9.999999507308980906e-01 3.192277630022640318e-07
4.982588188853275035e+00 9.999999538450522474e-01 3.037265183658720194e-07
4.992588188406662297e+00 9.999999568078407064e-01 2.889491153668929257e-07
5.002588187988950885e+00 9.999999596263390300e-01 2.748632173090212143e-07
5.012588187598731260e+00 9.999999623073063670e-01 2.614378601972184496e-07
5.022588187234660495e+00 9.999999648571987754e-01 2.486433978813967787e-07
5.032588186895458726e+00 9.999999672821823227e-01 2.364514492358173524e-07
5.042588186579907372e+00 9.999999695881451878e-01 2.248348473055573308e-07
5.052588186286843808e+00 9.999999717807099842e-01 2.137675903534219632e-07
5.062588186015161362e+00 9.999999738652448622e-01 2.032247947426526161e-07
5.072588185763805768e+00 9.999999758468743893e-01 1.931826495927093336e-07
5.082588185531772496e+00 9.999999777304904303e-01 1.836183731472880445e-07
5.092588185318104976e+00 9.999999795207618059e-01 1.745101707955683902e-07
5.102588185121891939e+00 9.999999812221442852e-01 1.658371946894788570e-07
5.112588184942265634e+00 9.999999828388896894e-01 1.575795049015120281e-07
5.122588184778400944e+00 9.999999843750547734e-01 1.497180320693262334e-07
5.132588184629510941e+00 9.999999858345099968e-01 1.422345414750291847e-07
5.142588184494847781e+00 9.999999872209471841e-01 1.351115985086573635e-07
5.152588184373698255e+00 9.999999885378879627e-01 1.283325354669406458e-07
5.162588184265384683e+00 9.999999897886908684e-01 1.218814196399775590e-07
5.172588184169262249e+00 9.999999909765585615e-01 1.157430226399411141e-07
5.182588184084716332e+00 9.999999921045449325e-01 1.099027909273919762e-07
5.192588184011163399e+00 9.999999931755616522e-01 1.043468174921920380e-07
5.202588183948047451e+00 9.999999941923842783e-01 9.906181464739136208e-08
5.212588183894839133e+00 9.999999951576586943e-01 9.403508789580333674e-08
5.222588183851036625e+00 9.999999960739064386e-01 8.925451083028826740e-08
5.232588183816162086e+00 9.999999969435307001e-01 8.470850103003550785e-08
5.242588183789759881e+00 9.999999977688213137e-01 8.038599691636898778e-08
5.252588183771398356e+00 9.999999985519602008e-01 7.627643553280085366e-08
5.262588183760666283e+00 9.999999992950260319e-01 7.236973121522497968e-08
5.272588183757171976e+00 9.999999999999987788e-01 6.865625511927532965e-08
