0.000000000000000000e+00 0.000000000000000000e+00 5.216096670751740882e-01
2.608048335375870823e-05 5.216096504426908156e-03 5.216096005454299300e-01
1.043219234356121763e-04 1.043219068033102159e-02 5.216091348438193220e-01
2.347242703492294510e-04 1.564827654026011358e-02 5.216078708322162694e-01
4.172873943678630368e-04 2.086434410570035813e-02 5.216054094427984289e-01
6.520110460278992406e-04 2.608037940797612586e-02 5.216013517179617365e-01
9.388948162334584402e-04 3.129636448956575612e-02 5.215952988535943469e-01
1.277938096376372325e-03 3.651227740586682896e-02 5.215868522457068890e-01
1.669140038476201989e-03 4.172809222744448127e-02 5.215756135404109317e-01
2.112499515345292803e-03 4.694377904279625757e-02 5.215611846872395541e-01
2.608015080784199628e-03 5.215930396166680583e-02 5.215431679957970301e-01
3.155684929813148097e-03 5.737462911894563450e-02 5.215211661957254163e-01
3.755506858945524551e-03 6.258971267918111980e-02 5.214947824999721648e-01
4.407478226509727037e-03 6.780450884174357706e-02 5.214636206713404443e-01
5.111595913026026339e-03 7.301896784667015472e-02 5.214272850923007407e-01
5.867856281645421682e-03 7.823303598122406666e-02 5.213853808380404242e-01
6.676255138657795178e-03 8.344665558720040788e-02 5.213375137527247460e-01
7.536787694076991714e-03 8.865976506901053489e-02 5.212832905289394025e-01
8.449448522310762377e-03 9.387229890257656195e-02 5.212223187902825794e-01
9.414231522923845186e-03 9.908418764506748966e-02 5.211542071770708384e-01
1.043112988150272577e-02 1.042953579455077051e-01 5.210785654351207663e-01
1.150013603063099708e-02 1.095057325562886069e-01 5.209950045075639746e-01
1.262124161098445232e-02 1.147152303456132477e-01 5.209031366296512644e-01
1.379443743255542865e-02 1.199237663109038454e-01 5.208025754264971052e-01
1.501971343601615945e-02 1.251312515932012093e-01 5.206929360137139140e-01
1.629705865423119321e-02 1.303375934925846968e-01 5.205738351008799558e-01
1.762646117392924205e-02 1.355426954846408460e-01 5.204448910977836906e-01
1.900790809754505928e-02 1.407464572380079937e-01 5.203057242233828372e-01
2.044138550524228146e-02 1.459487746330238589e-01 5.201559566174119853e-01
2.192687841712833569e-02 1.511495397815021124e-01 5.199952124545712540e-01
2.346437075567289060e-02 1.563486410476634669e-01 5.198231180612228330e-01
2.505384530834148943e-02 1.615459630702459626e-01 5.196393020345204672e-01
2.669528369045627222e-02 1.667413867858183463e-01 5.194433953638918355e-01
2.838866630829594770e-02 1.719347894533197196e-01 5.192350315547911155e-01
3.013397232244739363e-02 1.771260446798476884e-01 5.190138467546356882e-01
3.193117961142146605e-02 1.823150224477165238e-01 5.187794798808362806e-01
3.378026473554581605e-02 1.875015891428055137e-01 5.185315727508277295e-01
3.568120290114774190e-02 1.926856075842173499e-01 5.182697702140022233e-01
3.763396792504023619e-02 1.978669370552650075e-01 5.179937202854453249e-01
3.963853219932463035e-02 2.030454333358043817e-01 5.177030742813704123e-01
4.169486665652335361e-02 2.082209487359294176e-01 5.173974869561434042e-01
4.380294073505652114e-02 2.133933321310450548e-01 5.170766166407879671e-01
4.596272234507620125e-02 2.185624289983320034e-01 5.167401253828559637e-01
4.817417783467235759e-02 2.237280814546165897e-01 5.163876790875460143e-01
5.043727195646454525e-02 2.288901282956576910e-01 5.160189476599490455e-01
5.275196783459361327e-02 2.340484050368610014e-01 5.156336051482975913e-01
5.511822693212773544e-02 2.392027439554304524e-01 5.152313298880915049e-01
5.753600901889716068e-02 2.443529741339646733e-01 5.148118046469698506e-01
6.000527213977219221e-02 2.494989215055053444e-01 5.143747167701967493e-01
6.252597258339892550e-02 2.546404089000429138e-01 5.139197583266256197e-01
6.509806485140737231e-02 2.597772560924838658e-01 5.134466262550031468e-01
6.772150162810652851e-02 2.649092798520820136e-01 5.129550225104725358e-01
7.039623375068113087e-02 2.700362939933351747e-01 5.124446542111331659e-01
7.312221017990468142e-02 2.751581094283473972e-01 5.119152337845113143e-01
7.589937797138340825e-02 2.802745342206545143e-01 5.113664791137934040e-01
7.872768224734581766e-02 2.853853736405104757e-01 5.107981136836742264e-01
8.160706616899235377e-02 2.904904302216294032e-01 5.102098667256665943e-01
8.453747090941979292e-02 2.955895038193775970e-01 5.096014733627217685e-01
8.751883562713469455e-02 3.006823916704075561e-01 5.089726747530040063e-01
9.055109744017041107e-02 3.057688884537246854e-01 5.083232182326655746e-01
9.363419140082193670e-02 3.108487863531766426e-01 5.076528574574634689e-01
9.676805047101257051e-02 3.159218751213517251e-01 5.069613525430618495e-01
9.995260549830670138e-02 3.209879421448735837e-01 5.062484702038598794e-01
1.031877851925823708e-01 3.260467725110758330e-01 5.055139838901872018e-01
1.064735161033774358e-01 3.310981490760401269e-01 5.047576739237072951e-01
1.098097225979228625e-01 3.361418525339782692e-01 5.039793276308685011e-01
1.131963268398764183e-01 3.411776614879385994e-01 5.031787394742439634e-01
1.166332487687700564e-01 3.462053525218146688e-01 5.023557111816013832e-01
1.201204060801837198e-01 3.512247002736323953e-01 5.015100518725430501e-01
1.236577142066583590e-01 3.562354775100908810e-01 5.006415781825592770e-01
1.272450862993604603e-01 3.612374552023301932e-01 4.997501143843374738e-01
1.308824332105103516e-01 3.662304026028978532e-01 4.988354925061717626e-01
1.345696634765859157e-01 3.712140873238844452e-01 4.978975524473185366e-01
1.383066833023135211e-01 3.761882754161964826e-01 4.969361420901450832e-01
1.420933965454571068e-01 3.811527314499345009e-01 4.959511174089212826e-01
1.459297047024165628e-01 3.861072185958414060e-01 4.949423425751051653e-01
1.498155068946456780e-01 3.910514987077857163e-01 4.939096900589764472e-01
1.537506998558999527e-01 3.959853324062420632e-01 4.928530407274743230e-01
1.577351779203241544e-01 4.009084791627307576e-01 4.917722839380991862e-01
1.617688330113886963e-01 4.058206973851758992e-01 4.906673176287401072e-01
1.658515546316843003e-01 4.107217445041409509e-01 4.895380484032942903e-01
1.699832298535829123e-01 4.156113770598989787e-01 4.883843916129474438e-01
1.741637433107735278e-01 4.204893507902932037e-01 4.872062714329881139e-01
1.783929771906803685e-01 4.253554207193432357e-01 4.860036209350332981e-01
1.826708112277705132e-01 4.302093412465497480e-01 4.847763821545462148e-01
1.869971226977580614e-01 4.350508662368505197e-01 4.835245061535322075e-01
1.913717864127107149e-01 4.398797491111789415e-01 4.822479530783028712e-01
1.957946747170649093e-01 4.446957429375748561e-01 4.809466922122039856e-01
2.002656574845545767e-01 4.494986005227971648e-01 4.796207020232069462e-01
2.047846021160582008e-01 4.542880745043863522e-01 4.782699702062696012e-01
2.093513735383687180e-01 4.590639174431239700e-01 4.768944937203771772e-01
2.139658342038896210e-01 4.638258819158356805e-01 4.754942788201799164e-01
2.186278440912606535e-01 4.685737206084832351e-01 4.740693410821495424e-01
2.233372607069156190e-01 4.733071864094904324e-01 4.726197054251828900e-01
2.280939390875744432e-01 4.780260325032469337e-01 4.711454061255868631e-01
2.328977318036708488e-01 4.827300124637336487e-01 4.696464868263852677e-01
2.377484889637166698e-01 4.874188803482126797e-01 4.681230005408945627e-01
2.426460582196031945e-01 4.920923907909239281e-01 4.665750096505214550e-01
2.475902847728392031e-01 4.967502990967309073e-01 4.650025858967425929e-01
2.525810113817250624e-01 5.013923613346568109e-01 4.634058103672329954e-01
2.576180783694612675e-01 5.060183344312527698e-01 4.617847734761161838e-01
2.627013236331896540e-01 5.106279762637391251e-01 4.601395749383170863e-01
2.678305826539646994e-01 5.152210457528602072e-01 4.584703237380037821e-01
2.730056885076515005e-01 5.197973029553947244e-01 4.567771380911133661e-01
2.782264718767470391e-01 5.243565091562611968e-01 4.550601454019623238e-01
2.834927610631203798e-01 5.288984269601603172e-01 4.533194822139498537e-01
2.888043820016662488e-01 5.334228203826946180e-01 4.515552941543697352e-01
2.941611582748674958e-01 5.379294549409071591e-01 4.497677358733525588e-01
2.995629111282594459e-01 5.424180977431801720e-01 4.479569709769683494e-01
3.050094594867898690e-01 5.468885175784357067e-01 4.461231719545253327e-01
3.105006199720674043e-01 5.513404850045805494e-01 4.442665201001091413e-01
3.160362069204901148e-01 5.557737724361379028e-01 4.423872054284123112e-01
3.216160324022462325e-01 5.601881542310089834e-01 4.404854265849114658e-01
3.272399062411779913e-01 5.645834067763085828e-01 4.385613907504566922e-01
3.329076360354988329e-01 5.689593085732185251e-01 4.366153135403437191e-01
3.386190271793539930e-01 5.733156403208047314e-01 4.346474188979467246e-01
3.443738828852139777e-01 5.776521849987441559e-01 4.326579389829954270e-01
3.501720042070895489e-01 5.819687279489074161e-01 4.306471140545876097e-01
3.560131900645565617e-01 5.862650569557461555e-01 4.286151923490336135e-01
3.618972372675786087e-01 5.905409623254331830e-01 4.265624299526354357e-01
3.678239405421144803e-01 5.947962369637055380e-01 4.244890906695101274e-01
3.737930925564975082e-01 5.990306764523616323e-01 4.223954458845715632e-01
3.798044839485728574e-01 6.032440791243642852e-01 4.202817744217915985e-01
3.858579033535786129e-01 6.074362461375035771e-01 4.181483623978657915e-01
3.919531374327563933e-01 6.116069815465735582e-01 4.159955030714159174e-01
3.980899709026756161e-01 6.157560923740196257e-01 4.138234966878641674e-01
4.042681865652570372e-01 6.198833886790131587e-01 4.116326503201214182e-01
4.104875653384784107e-01 6.239886836249132207e-01 4.094232777052341232e-01
4.167478862877470602e-01 6.280717935450748080e-01 4.071956990771409268e-01
4.230489266579215979e-01 6.321325380069656719e-01 4.049502409956922677e-01
4.293904619059665806e-01 6.361707398745558573e-01 4.026872361720919002e-01
4.357722657342221195e-01 6.401862253689440951e-01 4.004070232909218152e-01
4.421941101242709005e-01 6.441788241271878546e-01 3.981099468289158172e-01
4.486557653713842408e-01 6.481483692593060786e-01 3.957963568706500124e-01
4.551570001195289761e-01 6.520946974034237398e-01 3.934666089213220141e-01
4.616975813969164122e-01 6.560176487790305710e-01 3.911210637167917281e-01
4.682772746520743601e-01 6.599170672383268821e-01 3.887600870310612411e-01
4.748958437904228780e-01 6.637928003156327028e-01 3.863840494813708393e-01
4.815530512113343486e-01 6.676446992748362730e-01 3.839933263310920664e-01
4.882486578456580739e-01 6.714726191548612277e-01 3.815882972905992876e-01
4.949824231936898467e-01 6.752764188131332723e-01 3.791693463163020583e-01
5.017541053635656834e-01 6.790559609670288044e-01 3.767368614080230937e-01
5.085634611100602331e-01 6.828111122332897187e-01 3.742912344049051376e-01
5.154102458737688242e-01 6.865417431653906277e-01 3.718328607800325813e-01
5.222942138206534413e-01 6.902477282888468402e-01 3.693621394339524078e-01
5.292151178819305413e-01 6.939289461344525511e-01 3.668794724872791457e-01
5.361727097942817766e-01 6.975852792694415827e-01 3.643852650725689646e-01
5.431667401403651452e-01 7.012166143265635698e-01 3.618799251256457072e-01
5.501969583896073601e-01 7.048228420310720388e-01 3.593638631765627700e-01
5.572631129392544569e-01 7.084038572256203814e-01 3.568374921403815181e-01
5.643649511556620979e-01 7.119595588930657248e-01 3.543012271079470921e-01
5.715022194158027036e-01 7.154898501771815855e-01 3.517554851368395186e-01
5.786746631489694259e-01 7.189946384012810832e-01 3.492006850426773723e-01
5.858820268786559815e-01 7.224738350847560442e-01 3.466372471909475728e-01
5.931240542645916936e-01 7.259273559575377677e-01 3.440655932895338442e-01
6.004004881449100939e-01 7.293551209724871143e-01 3.414861461821128708e-01
6.077110705784320999e-01 7.327570543157236882e-01 3.388993296425847346e-01
6.150555428870414509e-01 7.361330844149049923e-01 3.363055681707011191e-01
6.224336456981328647e-01 7.394831439454689903e-01 3.337052867890513697e-01
6.298451189871128175e-01 7.428071698348532870e-01 3.310989108415631765e-01
6.372897021199322998e-01 7.461051032647081360e-01 3.284868657936712011e-01
6.447671338956315612e-01 7.493768896711199279e-01 3.258695770343028042e-01
6.522771525888773070e-01 7.526224787428639207e-01 3.232474696798264824e-01
6.598194959924731373e-01 7.558418244177073086e-01 3.206209683801040100e-01
6.673939014598223585e-01 7.590348848767836110e-01 3.179904971267840108e-01
6.750001059473259568e-01 7.622016225370618070e-01 3.153564790639689641e-01
6.826378460566953077e-01 7.653420040419347536e-01 3.127193363013843763e-01
6.903068580771617446e-01 7.684560002499518649e-01 3.100794897301734077e-01
6.980068780275640039e-01 7.715435862217239205e-01 3.074373588414362479e-01
7.057376416982960032e-01 7.746047412050269809e-01 3.047933615476278169e-01
7.134988846930963025e-01 7.776394486181354981e-01 3.021479140069237013e-01
7.212903424706629263e-01 7.806476960314139291e-01 2.995014304506579128e-01
7.291117503860747862e-01 7.836294751471986064e-01 2.968543230139323863e-01
7.369628437320039360e-01 7.865847817780022844e-01 2.942070015694918661e-01
7.448433577797014538e-01 7.895136158230736667e-01 2.915598735649536088e-01
7.527530278197407387e-01 7.924159812433466676e-01 2.889133438634758355e-01
7.606915892025027937e-01 7.952918860348138219e-01 2.862678145879435365e-01
7.686587773783871702e-01 7.981413422003593716e-01 2.836236849687455708e-01
7.766543279377334796e-01 8.009643657200883338e-01 2.809813511952111154e-01
7.846779766504394793e-01 8.037609765201887413e-01 2.783412062707691370e-01
7.927294595052600812e-01 8.065311984403640277e-01 2.757036398718886727e-01
8.008085127487739596e-01 8.092750591998740806e-01 2.730690382108532099e-01
8.089148729240035474e-01 8.119925903622235985e-01 2.704377839024167951e-01
8.170482769086753194e-01 8.146838272985361673e-01 2.678102558343849471e-01
8.252084619531079301e-01 8.173488091496543539e-01 2.651868290421579566e-01
8.333951657177144368e-01 8.199875787870049004e-01 2.625678745872697673e-01
8.416081263101073962e-01 8.226001827722695392e-01 2.599537594399500273e-01
8.498470823217951775e-01 8.251866713159017319e-01 2.573448463657326823e-01
8.581117728644575005e-01 8.277470982345294104e-01 2.547414938161298714e-01
8.664019376057897626e-01 8.302815209072853531e-01 2.521440558233841722e-01
8.747173168049051650e-01 8.327900002311052763e-01 2.495528818993088260e-01
8.830576513472856437e-01 8.352726005750346072e-01 2.469683169382208832e-01
8.914226827792698371e-01 8.377293897335855721e-01 2.443907011239671301e-01
8.998121533420713192e-01 8.401604388791842348e-01 2.418203698410391622e-01
9.082258060053158832e-01 8.425658225137498958e-01 2.392576535897695256e-01
9.166633845000913272e-01 8.449456184194462649e-01 2.367028779055967702e-01
9.251246333514998588e-01 8.472999076086457082e-01 2.341563632823833729e-01
9.336092979107074585e-01 8.496287742731470916e-01 2.316184250997667948e-01
9.421171243864808753e-01 8.519323057326867454e-01 2.290893735545200260e-01
9.506478598762067023e-01 8.542105923827832958e-01 2.265695135958947504e-01
9.592012523963862058e-01 8.564637276419559964e-01 2.240591448649164874e-01
9.677770509125984688e-01 8.586918078983547531e-01 2.215585616375981559e-01
9.763750053689279618e-01 8.608949324558424765e-01 2.190680527720349768e-01
9.849948667168496597e-01 8.630732034795675078e-01 2.165879016593410811e-01
9.936363869435680396e-01 8.652267259410643119e-01 2.141183861783847731e-01
1.002299319099804187e+00 8.673556075629201834e-01 2.116597786542772086e-01
1.010983417327028677e+00 8.694599587630457149e-01 2.092123458205662756e-01
1.019688436884133909e+00 8.715398925985854417e-01 2.067763487850851067e-01
1.028414134173544880e+00 8.735955247095047449e-01 2.043520429994026000e-01
1.037160266766764760e+00 8.756269732618894297e-01 2.019396782318206018e-01
1.045926593429350238e+00 8.776343588909926163e-01 1.995394985438610214e-01
1.054712874145318890e+00 8.796178046440636944e-01 1.971517422701836442e-01
1.063518870140981454e+00 8.815774359229933133e-01 1.947766420018742506e-01
1.072344343908201214e+00 8.835133804268078261e-01 1.924144245730403657e-01
1.081189059227077642e+00 8.854257680940460506e-01 1.900653110506511090e-01
1.090052781188052489e+00 8.873147310450506531e-01 1.877295167275558063e-01
1.098935276213439449e+00 8.891804035242045767e-01 1.854072511186150296e-01
1.107836312078375185e+00 8.910229218421448216e-01 1.830987179598763948e-01
1.116755657931193468e+00 8.928424243179825526e-01 1.808041152107269789e-01
1.125693084313221126e+00 8.946390512215592894e-01 1.785236350589526344e-01
1.134648363177996222e+00 8.964129447157683783e-01 1.762574639286343114e-01
1.143621267909911365e+00 8.981642487989685009e-01 1.740057824908107231e-01
1.152611573342280371e+00 8.998931092475181970e-01 1.717687656768361326e-01
1.161619055774831821e+00 9.015996735584566046e-01 1.695465826943615695e-01
1.170643492990630197e+00 9.032840908923570611e-01 1.673393970458677826e-01
1.179684664272425465e+00 9.049465120163784349e-01 1.651473665496777099e-01
1.188742350418436011e+00 9.065870892475385023e-01 1.629706433633763829e-01
1.197816333757564022e+00 9.082059763962336829e-01 1.608093740095662139e-01
1.206906398164048433e+00 9.098033287100272259e-01 1.586636994038854998e-01
1.216012329071556541e+00 9.113793028177290534e-01 1.565337548852184513e-01
1.225133913486717852e+00 9.129340566737879081e-01 1.544196702480250816e-01
1.234270940002104355e+00 9.144677495030175685e-01 1.523215697767199006e-01
1.243423198808658814e+00 9.159805417456762244e-01 1.502395722820284718e-01
1.252590481707576586e+00 9.174725950029195554e-01 1.481737911392518869e-01
1.261772582121643227e+00 9.189440719826456050e-01 1.461243343283691876e-01
1.270969295106032737e+00 9.203951364457492179e-01 1.440913044759089545e-01
1.280180417358570688e+00 9.218259531528042450e-01 1.420747988985216481e-01
1.289405747229466437e+00 9.232366878111892827e-01 1.400749096481853362e-01
1.298645084730518429e+00 9.246275070226736004e-01 1.380917235589777525e-01
1.307898231543798140e+00 9.259985782314783531e-01 1.361253222953493491e-01
1.317164991029817100e+00 9.273500696728274040e-01 1.341757824018319500e-01
1.326445168235181438e+00 9.286821503220028529e-01 1.322431753541193633e-01
1.335738569899740158e+00 9.299949898439171525e-01 1.303275676114568349e-01
1.345045004463231164e+00 9.312887585432161330e-01 1.284290206702775605e-01
1.354364282071432113e+00 9.325636273149235933e-01 1.265475911190252212e-01
1.363696214581818777e+00 9.338197675956406707e-01 1.246833306941029784e-01
1.373040615568739797e+00 9.350573513153093153e-01 1.228362863368902130e-01
1.382397300328111145e+00 9.362765508495517475e-01 1.210065002517694971e-01
1.391766085881636750e+00 9.374775389725942265e-01 1.191940099651075113e-01
1.401146790980562162e+00 9.386604888107858979e-01 1.173988483851348130e-01
1.410539236108965699e+00 9.398255737967200485e-01 1.156210438626704001e-01
1.419943243486593731e+00 9.409729676239670937e-01 1.138606202526384337e-01
1.429358637071246996e+00 9.421028442024265148e-01 1.121175969763254926e-01
1.438785242560723043e+00 9.432153776143042956e-01 1.103919890843281654e-01
1.448222887394322367e+00 9.443107420707237409e-01 1.086838073201417121e-01
1.457671400753922430e+00 9.453891118689747852e-01 1.069930581843420853e-01
1.467130613564628927e+00 9.464506613504078958e-01 1.053197439993144857e-01
1.476600358495008480e+00 9.474955648589782342e-01 1.036638629744831286e-01
1.486080469956909900e+00 9.485239967004437389e-01 1.020254092719978939e-01
1.495570784104880868e+00 9.495361311022227913e-01 1.004043730728347711e-01
1.505071138835186950e+00 9.505321421739145737e-01 9.880074064326836714e-02
1.514581373784438689e+00 9.515122038684856731e-01 9.721449440167553857e-02
1.524101330327833681e+00 9.524764899441262589e-01 9.564561298563088731e-02
1.533630851577021392e+00 9.534251739267790571e-01 9.409407131925549839e-02
1.543169782377595833e+00 9.543584290733418962e-01 9.255984068078171312e-02
1.552717969306223633e+00 9.552764283355478225e-01 9.104288877029784177e-02
1.562275260667415511e+00 9.561793443245228952e-01 8.954317977763770475e-02
1.571841506489944917e+00 9.570673492760234380e-01 8.806067445038087693e-02
1.581416558522923621e+00 9.579406150163540801e-01 8.659533016193093902e-02
1.591000270231540226e+00 9.587993129289662519e-01 8.514710097963956725e-02
1.600592496792466513e+00 9.596436139217388028e-01 8.371593773294566665e-02
1.610193095088941595e+00 9.604736883949389625e-01 8.230178808149964109e-02
1.619801923705538105e+00 9.612897062098655354e-01 8.090459658324369863e-02
1.629418842922619071e+00 9.620918366581714398e-01 7.952430476242025592e-02
1.639043714710490152e+00 9.628802484318664812e-01 7.816085117748129696e-02
1.648676402723256773e+00 9.636551095939986933e-01 7.681417148887245694e-02
1.658316772292390162e+00 9.644165875500122498e-01 7.548419852666635177e-02
1.667964690420011165e+00 9.651648490197813901e-01 7.417086235802078376e-02
1.677620025771897616e+00 9.659000600103176959e-01 7.287409035443791205e-02
1.687282648670222152e+00 9.666223857891489413e-01 7.159380725880166996e-02
1.696952431086026447e+00 9.673319908583670745e-01 7.032993525217098862e-02
1.706629246631440555e+00 9.680290389293427777e-01 6.908239402030766363e-02
1.716312970551651551e+00 9.687136928981040507e-01 6.785110081991797826e-02
1.726003479716630373e+00 9.693861148213754886e-01 6.663597054458809954e-02
1.735700652612620853e+00 9.700464658932754780e-01 6.543691579039401240e-02
1.745404369333400485e+00 9.706949064226676471e-01 6.425384692116709040e-02
1.755114511571317371e+00 9.713315958111634618e-01 6.308667213339744229e-02
1.764830962608110232e+00 9.719566925317714157e-01 6.193529752075741662e-02
1.774553607305517922e+00 9.725703541081900383e-01 6.079962713822847226e-02
1.784282332095686430e+00 9.731727370947400590e-01 5.967956306581507359e-02
1.794017024971376273e+00 9.737639970569309522e-01 5.857500547182985240e-02
1.803757575475980923e+00 9.743442885526590880e-01 5.748585267573472907e-02
1.813503874693358275e+00 9.749137651140312721e-01 5.641200121052338673e-02
1.823255815237485145e+00 9.754725792298100107e-01 5.535334588463071415e-02
1.833013291241938569e+00 9.760208823284755031e-01 5.430977984335554759e-02
1.842776198349210581e+00 9.765588247618993689e-01 5.328119462978333359e-02
1.852544433699862880e+00 9.770865557896249998e-01 5.226748024519589642e-02
1.862317895921528077e+00 9.776042235637492084e-01 5.126852520895582715e-02
1.872096485117761722e+00 9.781119751144002894e-01 5.028421661785347635e-02
1.881880102856752446e+00 9.786099563358070519e-01 4.931444020490494129e-02
1.891668652159895769e+00 9.790983119729521622e-01 4.835908039758977928e-02
1.901462037490237345e+00 9.795771856088062446e-01 4.741802037551762217e-02
1.911260164740791412e+00 9.800467196521345237e-01 4.649114212751316588e-02
1.921062941222740461e+00 9.805070553258722343e-01 4.557832650810943187e-02
1.930870275653520540e+00 9.809583326560616934e-01 4.467945329343947503e-02
1.940682078144799760e+00 9.814006904613451487e-01 4.379440123651712202e-02
1.950498260190353994e+00 9.818342663430073003e-01 4.292304812189760149e-02
1.960318734653845540e+00 9.822591966755616077e-01 4.206527081970928839e-02
1.970143415756510974e+00 9.826756165978733915e-01 4.122094533904806929e-02
1.979972219064762173e+00 9.830836600048137308e-01 4.038994688072616163e-02
1.989805061477707193e+00 9.834834595394379431e-01 3.957214988936753886e-02
1.999641861214594529e+00 9.838751465856809819e-01 3.876742810484240520e-02
2.009482537802187885e+00 9.842588512615647600e-01 3.797565461303345491e-02
2.019327012062075877e+00 9.846347024129089576e-01 3.719670189592691467e-02
2.029175206097919126e+00 9.850028276075398770e-01 3.643044188102174952e-02
2.039027043282644502e+00 9.853633531299895720e-01 3.567674599005058594e-02
2.048882448245588073e+00 9.857164039766790342e-01 3.493548518700627381e-02
2.058741346859590315e+00 9.860621038515778869e-01 3.420653002546826527e-02
2.068603666228053584e+00 9.864005751623342588e-01 3.348975069522321796e-02
2.078469334671960489e+00 9.867319390168665105e-01 3.278501706817463918e-02
2.088338281716861200e+00 9.870563152204113733e-01 3.209219874353649166e-02
2.098210438079834983e+00 9.873738222730198411e-01 3.141116509230614667e-02
2.108085735656426873e+00 9.876845773674943763e-01 3.074178530101216722e-02
2.117964107507566140e+00 9.879886963877599904e-01 3.008392841473283424e-02
2.127845487846471872e+00 9.882862939076615394e-01 2.943746337938149549e-02
2.137729812025548348e+00 9.885774831901807946e-01 2.880225908325515990e-02
2.147617016523272859e+00 9.888623761870647400e-01 2.817818439784302090e-02
2.157507038931084420e+00 9.891410835388584344e-01 2.756510821789185176e-02
2.167399817940272921e+00 9.894137145753347795e-01 2.696289950072552205e-02
2.177295293328875836e+00 9.896803773163138640e-01 2.637142730481614045e-02
2.187193405948582914e+00 9.899411784728642250e-01 2.579056082760462082e-02
2.197094097711658645e+00 9.901962234488782544e-01 2.522016944256877044e-02
2.206997311577877152e+00 9.904456163430150895e-01 2.466012273553723141e-02
2.216902991541483292e+00 9.906894599510022159e-01 2.411029054024792576e-02
2.226811082618175064e+00 9.909278557682895672e-01 2.357054297314992858e-02
2.236721530832116223e+00 9.911609039930471265e-01 2.304075046744797489e-02
2.246634283202979088e+00 9.913887035294997041e-01 2.252078380638907959e-02
2.256549287733024212e+00 9.916113519915907837e-01 2.201051415579107634e-02
2.266466493394216020e+00 9.918289457069674464e-01 2.150981309581306844e-02
2.276385850115382414e+00 9.920415797212795983e-01 2.101855265196821143e-02
2.286307308769416569e+00 9.922493478027856195e-01 2.053660532537937566e-02
2.296230821160527569e+00 9.924523424472561084e-01 2.006384412227865330e-02
2.306156340011540795e+00 9.926506548831698362e-01 1.960014258275186508e-02
2.316083818951253814e+00 9.928443750771925869e-01 1.914537480872955874e-02
2.326013212501844674e+00 9.930335917399324419e-01 1.869941549122623725e-02
2.335944476066342368e+00 9.932183923319637397e-01 1.826213993682986383e-02
2.345877565916158147e+00 9.933988630701121592e-01 1.783342409344394752e-02
2.355812439178679440e+00 9.935750889339933778e-01 1.741314457528481130e-02
2.365749053824931725e+00 9.937471536727983112e-01 1.700117868713687391e-02
2.375687368657309673e+00 9.939151398123167169e-01 1.659740444786914765e-02
2.385627343297378911e+00 9.940791286621928347e-01 1.620170061321629315e-02
2.395568938173752382e+00 9.942392003234045150e-01 1.581394669782796095e-02
2.405512114510040877e+00 9.943954336959600626e-01 1.543402299659034013e-02
2.415456834312883494e+00 9.945479064868039121e-01 1.506181060522414697e-02
2.425403060360056706e+00 9.946966952179249200e-01 1.469719144016348386e-02
2.435350756188667365e+00 9.948418752346600558e-01 1.434004825772034614e-02
2.445299886083427410e+00 9.949835207141858318e-01 1.399026467253971021e-02
2.455250415065015623e+00 9.951217046741913652e-01 1.364772517535047143e-02
2.465202308878527315e+00 9.952564989817247465e-01 1.331231515001767181e-02
2.475155533982012379e+00 9.953879743622067178e-01 1.298392088990176288e-02
2.485110057535104833e+00 9.955162004086048899e-01 1.266242961353083139e-02
2.495065847387745173e+00 9.956412455907606152e-01 1.234772947959199285e-02
2.505022872068995987e+00 9.957631772648627422e-01 1.203970960124835232e-02
2.514981100775953493e+00 9.958820616830614814e-01 1.173826005978815396e-02
2.524940503362755884e+00 9.959979640032149417e-01 1.144327191761299913e-02
2.534901050329689376e+00 9.961109482987622332e-01 1.115463723057215362e-02
2.544862712812394179e+00 9.962210775687174724e-01 1.087224905965024011e-02
2.554825462571170380e+00 9.963284137477763647e-01 1.059600148201576136e-02
2.564789271980386420e+00 9.964330177165309221e-01 1.032578960143810953e-02
2.574754114017988371e+00 9.965349493117851010e-01 1.006150955808091281e-02
2.584719962255115799e+00 9.966342673369646965e-01 9.803058537679740919e-03
2.594686790845817992e+00 9.967310295726168334e-01 9.550334780112358993e-03
2.604654574516880317e+00 9.968252927869916125e-01 9.303237587369903375e-03
2.614623288557753611e+00 9.969171127467004734e-01 9.061667330937495102e-03
2.624592908810590597e+00 9.970065442274458345e-01 8.825525458592978559e-03
2.634563411660392429e+00 9.970936410248155690e-01 8.594714500632606377e-03
2.644534774025259605e+00 9.971784559651367674e-01 8.369138075532630422e-03
2.654506973346755672e+00 9.972610409163839007e-01 8.148700895055907903e-03
2.664479987580377962e+00 9.973414467991345012e-01 7.933308768812733988e-03
2.674453795186138017e+00 9.974197235975686970e-01 7.722868608285256287e-03
2.684428375119253474e+00 9.974959203705053845e-01 7.517288430324902890e-03
2.694403706820949207e+00 9.975700852624714843e-01 7.316477360132403115e-03
2.704379770209369926e+00 9.976422655147981766e-01 7.120345633730035609e-03
2.714356545670604692e+00 9.977125074767394519e-01 6.928804599935854680e-03
2.724334014049820230e+00 9.977808566166078696e-01 6.741766721849715149e-03
2.734312156642508818e+00 9.978473575329226408e-01 6.559145577860991429e-03
2.744290955185845426e+00 9.979120539655659261e-01 6.380855862187956827e-03
2.754270391850156763e+00 9.979749888069416874e-01 6.206813384958845443e-03
2.764250449230503115e+00 9.980362041131333184e-01 6.036935071844676259e-03
2.774231110338369888e+00 9.980957411150556124e-01 5.871138963253955470e-03
2.784212358593472825e+00 9.981536402295959620e-01 5.709344213099418197e-03
2.794194177815672475e+00 9.982099410707417908e-01 5.551471087147001084e-03
2.804176552217001017e+00 9.982646824606891123e-01 5.397440960957256353e-03
2.814159466393800102e+00 9.983179024409283286e-01 5.247176317429439601e-03
2.824142905318968388e+00 9.983696382833038285e-01 5.100600743958507918e-03
2.834126854334320988e+00 9.984199265010433866e-01 4.957638929215273625e-03
2.844111299143058158e+00 9.984688028597528131e-01 4.818216659559951091e-03
2.854096225802343678e+00 9.985163023883737443e-01 4.682260815099323695e-03
2.864081620715992926e+00 9.985624593901000212e-01 4.549699365397743243e-03
2.874067470627269749e+00 9.986073074532492155e-01 4.420461364852148155e-03
2.884053762611791694e+00 9.986508794620864160e-01 4.294476947741257197e-03
2.894040484070544039e+00 9.986932076075971665e-01 4.171677322959061775e-03
2.904027622722999968e+00 9.987343233982060031e-01 4.051994768442690291e-03
2.914015166600348650e+00 9.987742576704377040e-01 3.935362625304688645e-03
2.924003104038829015e+00 9.988130405995183647e-01 3.821715291679675906e-03
2.933991423673170118e+00 9.988507017099140795e-01 3.710988216295308621e-03
2.943980114430134964e+00 9.988872698858033417e-01 3.603117891777397018e-03
2.953969165522170925e+00 9.989227733814813881e-01 3.498041847698959983e-03
2.963958566441161402e+00 9.989572398316942659e-01 3.395698643382921537e-03
2.973948306952282294e+00 9.989906962618989583e-01 3.296027860468080453e-03
2.983938377087960614e+00 9.990231690984485713e-01 3.198970095247887901e-03
2.993928767141933012e+00 9.990546841786996923e-01 3.104466950791488246e-03
3.003919467663407339e+00 9.990852667610400362e-01 3.012461028856374453e-03
3.013910469451321017e+00 9.991149415348337115e-01 2.922895921601918919e-03
3.023901763548701105e+00 9.991437326302832211e-01 2.835716203112929965e-03
3.033893341237122510e+00 9.991716636282055308e-01 2.750867420742281449e-03
3.043885194031261232e+00 9.991987575697207635e-01 2.668296086281549302e-03
3.053877313673546201e+00 9.992250369658517428e-01 2.587949666968475219e-03
3.063869692128905697e+00 9.992505238070329421e-01 2.509776576339958851e-03
3.073862321579608370e+00 9.992752395725269521e-01 2.433726164939156288e-03
3.083855194420198842e+00 9.992992052397475788e-01 2.359748710885141605e-03
3.093848303252525245e+00 9.993224412934879064e-01 2.287795410313456842e-03
3.103841640880858233e+00 9.993449677350523253e-01 2.217818367695743517e-03
3.113835200307101925e+00 9.993668040912906392e-01 2.149770586046520840e-03
3.123828974726094110e+00 9.993879694235344724e-01 2.083605957025035701e-03
3.133822957520994823e+00 9.994084823364335346e-01 2.019279250939969017e-03
3.143817142258764186e+00 9.994283609866919660e-01 1.956746106664650296e-03
3.153811522685725066e+00 9.994476230917030968e-01 1.895963021470278105e-03
3.163806092723213670e+00 9.994662859380823994e-01 1.836887340784514261e-03
3.173800846463313174e+00 9.994843663900973008e-01 1.779477247882659072e-03
3.183795778164673074e+00 9.995018808979941882e-01 1.723691753518477501e-03
3.193790882248409346e+00 9.995188455062209432e-01 1.669490685501592376e-03
3.203786153294086780e+00 9.995352758615452249e-01 1.616834678228213978e-03
3.213781586035783455e+00 9.995511872210678384e-01 1.565685162171819413e-03
3.223777175358232938e+00 9.995665944601307418e-01 1.516004353340249687e-03
3.233772916293045974e+00 9.995815120801195830e-01 1.467755242705533897e-03
3.243768804015009888e+00 9.995959542161604316e-01 1.420901585612599233e-03
3.253764833838462600e+00 9.996099346447104850e-01 1.375407891172873275e-03
3.263761001213745683e+00 9.996234667910427474e-01 1.331239411648628282e-03
3.273757301723727586e+00 9.996365637366243506e-01 1.288362131833762584e-03
3.283753731080402805e+00 9.996492382263886256e-01 1.246742758436565623e-03
3.293750285121562538e+00 9.996615026759014810e-01 1.206348709469850589e-03
3.303746959807536410e+00 9.996733691784213116e-01 1.167148103653692631e-03
3.313743751218003908e+00 9.996848495118531019e-01 1.129109749835851932e-03
3.323740655548875544e+00 9.996959551455969484e-01 1.092203136434810205e-03
3.333737669109241075e+00 9.997066972472911095e-01 1.056398420910196730e-03
3.343734788318386109e+00 9.997170866894499186e-01 1.021666419265227638e-03
3.353732009702872219e+00 9.997271340559968911e-01 9.879785955856318445e-04
3.363729329893685005e+00 9.997368496486933598e-01 9.553070516193868994e-04
3.373726745623442547e+00 9.997462434934631936e-01 9.236245164014382720e-04
3.383724253723669584e+00 9.997553253466139322e-01 8.929043359274306492e-04
3.393721851122130762e+00 9.997641047009550030e-01 8.631204628803289996e-04
3.403719534840226935e+00 9.997725907918136867e-01 8.342474464136659992e-04
3.413717301990449204e+00 9.997807926029487202e-01 8.062604219950060460e-04
3.423715149773892907e+00 9.997887188723629803e-01 7.791351013130744935e-04
3.433713075477828003e+00 9.997963780980155812e-01 7.528477622518601120e-04
3.443711076473328081e+00 9.998037785434338298e-01 7.273752389348599016e-04
3.453709150212951773e+00 9.998109282432264822e-01 7.026949118424972518e-04
3.463707294228482780e+00 9.998178350084977462e-01 6.787846980056089176e-04
3.473705506128720089e+00 9.998245064321644726e-01 6.556230412777636855e-04
3.483703783597322357e+00 9.998309498941757578e-01 6.331889026890418111e-04
3.493702124390705155e+00 9.998371725666372889e-01 6.114617508837759396e-04
3.503700526335986165e+00 9.998431814188395439e-01 5.904215526446260701e-04
3.513698987328982781e+00 9.998489832221924001e-01 5.700487635052342702e-04
3.523697505332256785e+00 9.998545845550661504e-01 5.503243184535827701e-04
3.533696078373209204e+00 9.998599918075397053e-01 5.312296227280564366e-04
3.543694704542219576e+00 9.998652111860576452e-01 5.127465427080913707e-04
3.553693381990832290e+00 9.998702487179965681e-01 4.948573969011751429e-04
3.563692108929989111e+00 9.998751102561415083e-01 4.775449470278475203e-04
3.573690883628305226e+00 9.998798014830739822e-01 4.607923892062412534e-04
3.583689704410388366e+00 9.998843279154723263e-01 4.445833452375880517e-04
3.593688569655201004e+00 9.998886949083254372e-01 4.289018539940111195e-04
3.603687477794464300e+00 9.998929076590608034e-01 4.137323629098172578e-04
3.613686427311103344e+00 9.998969712115879371e-01 3.990597195774001093e-04
3.623685416737730591e+00 9.999008904602584291e-01 3.848691634487646997e-04
3.633684444655170598e+00 9.999046701537436244e-01 3.711463176435855749e-04
3.643683509691022060e+00 9.999083148988304748e-01 3.578771808646147236e-04
3.653682610518258045e+00 9.999118291641377887e-01 3.450481194211621212e-04
3.663681745853861749e+00 9.999152172837526553e-01 3.326458593612813112e-04
3.673680914457499114e+00 9.999184834607889316e-01 3.206574787132029924e-04
3.683680115130227861e+00 9.999216317708685686e-01 3.090703998364741447e-04
3.693679346713237610e+00 9.999246661655276647e-01 2.978723818831769060e-04
3.703678608086627300e+00 9.999275904755464683e-01 2.870515133695190142e-04
3.713677898168214142e+00 9.999304084142068838e-01 2.765962048580099426e-04
3.723677215912372773e+00 9.999331235804764795e-01 2.664951817503603154e-04
3.733676560308909931e+00 9.999357394621214423e-01 2.567374771911674317e-04
3.743675930381965777e+00 9.999382594387490331e-01 2.473124250823790929e-04
3.753675325188948975e+00 9.999406867847806524e-01 2.382096532084578325e-04
3.763674743819498403e+00 9.999430246723566285e-01 2.294190764721016750e-04
3.773674185394474634e+00 9.999452761741740581e-01 2.209308902403119294e-04
3.783673649064979383e+00 9.999474442662589224e-01 2.127355638005370205e-04
3.793673134011403381e+00 9.999495318306728109e-01 2.048238339265611341e-04
3.803672639442498227e+00 9.999515416581559180e-01 1.971866985537487193e-04
3.813672164594477554e+00 9.999534764507077567e-01 1.898154105632003782e-04
3.823671708730141727e+00 9.999553388241059215e-01 1.827014716743223055e-04
3.833671271138028303e+00 9.999571313103642334e-01 1.758366264452606979e-04
3.843670851131586019e+00 9.999588563601318203e-01 1.692128563806030879e-04
3.853670448048372776e+00 9.999605163450333567e-01 1.628223741457019899e-04
3.863670061249277143e+00 9.999621135599523480e-01 1.566576178869315489e-04
3.873669690117762521e+00 9.999636502252577941e-01 1.507112456571448956e-04
3.883669334059132616e+00 9.999651284889758962e-01 1.449761299455595235e-04
3.893668992499817794e+00 9.999665504289076967e-01 1.394453523112590279e-04
3.903668664886684514e+00 9.999679180546930946e-01 1.341121981194629529e-04
3.913668350686362984e+00 9.999692333098231245e-01 1.289701513796816376e-04
3.923668049384596124e+00 9.999704980736010551e-01 1.240128896848397206e-04
3.933667760485606291e+00 9.999717141630531936e-01 1.192342792504212120e-04
3.943667483511483329e+00 9.999728833347908408e-01 1.146283700526594959e-04
3.953667218001587713e+00 9.999740072868240626e-01 1.101893910647678876e-04
3.963666963511975450e+00 9.999750876603280547e-01 1.059117455901808727e-04
3.973666719614836307e+00 9.999761260413637665e-01 1.017900066917516581e-04
3.983666485897952914e+00 9.999771239625526720e-01 9.781891271582928424e-05
3.993666261964173181e+00 9.999780829047080211e-01 9.399336291011770777e-05
4.003666047430900932e+00 9.999790042984220140e-01 9.030841313419961055e-05
4.013665841929601186e+00 9.999798895256110098e-01 8.675927166159027779e-05
4.023665645105321431e+00 9.999807399210189907e-01 8.334129507217010813e-05
4.033665456616226663e+00 9.999815567736806132e-01 8.004998423382976450e-05
4.043665276133149078e+00 9.999823413283440710e-01 7.688098037214827229e-05
4.053665103339152864e+00 9.999830947868556530e-01 7.383006122691239122e-05
4.063664937929112320e+00 9.999838183095058897e-01 7.089313729427458241e-05
4.073664779609302400e+00 9.999845130163388385e-01 6.806624815333769030e-05
4.083664628097001703e+00 9.999851799884245107e-01 6.534555887594585284e-05
4.093664483120110553e+00 9.999858202690966591e-01 6.272735651845439103e-05
4.103664344416778853e+00 9.999864348651551493e-01 6.020804669424538414e-05
4.113664211735047260e+00 9.999870247480348029e-01 5.778415022575087351e-05
4.123664084832497245e+00 9.999875908549410441e-01 5.545229987474216128e-05
4.133663963475916248e+00 9.999881340899532400e-01 5.320923714964082485e-05
4.143663847440972603e+00 9.999886553250966204e-01 5.105180918860569163e-05
4.153663736511897575e+00 9.999891554013831119e-01 4.897696571714932145e-05
4.163663630481182487e+00 9.999896351298225294e-01 4.698175607903789554e-05
4.173663529149282958e+00 9.999900952924042352e-01 4.506332633922969936e-05
4.183663432324332909e+00 9.999905366430498210e-01 4.321891645760949990e-05
4.193663339821868341e+00 9.999909599085384793e-01 4.144585753227910031e-05
4.203663251464562656e+00 9.999913657894049512e-01 3.974156911116808800e-05
4.213663167081965533e+00 9.999917549608107192e-01 3.810355657073337334e-05
4.223663086510256015e+00 9.999921280733895523e-01 3.652940856052142856e-05
4.233663009592000037e+00 9.999924857540675172e-01 3.501679451237299127e-05
4.243662936175917721e+00 9.999928286068587857e-01 3.356346221305680691e-05
4.253662866116656893e+00 9.999931572136374625e-01 3.216723543912616769e-05
4.263662799274578141e+00 9.999934721348856526e-01 3.082601165279996719e-05
4.273662735515541655e+00 9.999937739104191037e-01 2.953775975767841658e-05
4.283662674710706497e+00 9.999940630600907543e-01 2.830051791311264140e-05
4.293662616736331650e+00 9.999943400844724106e-01 2.711239140605691233e-05
4.303662561473590387e+00 9.999946054655157734e-01 2.597155057924227520e-05
4.313662508808382867e+00 9.999948596671928147e-01 2.487622881452086562e-05
4.323662458631163830e+00 9.999951031361163922e-01 2.382472057024112043e-05
4.333662410836767620e+00 9.999953363021413244e-01 2.281537947152544491e-05
4.343662365324247432e+00 9.999955595789467022e-01 2.184661645233359730e-05
4.353662321996713658e+00 9.999957733645999935e-01 2.091689794820716157e-05
4.363662280761182899e+00 9.999959780421031619e-01 2.002474413860286608e-05
4.373662241528427863e+00 9.999961739799215765e-01 1.916872723773523516e-05
4.383662204212835256e+00 9.999963615324959365e-01 1.834746983286208465e-05
4.393662168732268114e+00 9.999965410407379851e-01 1.755964326895961995e-05
4.403662135007932577e+00 9.999967128325101262e-01 1.680396607874739344e-05
4.413662102964250877e+00 9.999968772230894976e-01 1.607920245703715092e-05
4.423662072528736999e+00 9.999970345156176110e-01 1.538416077839349153e-05
4.433662043631877658e+00 9.999971850015343389e-01 1.471769215710836003e-05
4.443662016207015952e+00 9.999973289609986882e-01 1.407868904850571558e-05
4.453661990190243003e+00 9.999974666632951426e-01 1.346608389060704260e-05
4.463661965520290487e+00 9.999975983672271251e-01 1.287884778520298240e-05
4.473661942138425829e+00 9.999977243214969169e-01 1.231598921739094177e-05
4.483661919988354505e+00 9.999978447650733626e-01 1.177655281265328471e-05
4.493661899016125894e+00 9.999979599275473641e-01 1.125961813056550468e-05
4.503661879170039128e+00 9.999980700294749392e-01 1.076429849423862130e-05
4.513661860400555170e+00 9.999981752827097337e-01 1.028973985461494494e-05
4.523661842660211541e+00 9.999982758907232094e-01 9.835119688751271981e-06
4.533661825903539722e+00 9.999983720489148409e-01 9.399645931238517313e-06
4.543661810086985220e+00 9.999984639449113200e-01 8.982555937921703050e-06
4.553661795168832960e+00 9.999985517588559913e-01 8.583115481099172917e-06
4.563661781109133564e+00 9.999986356636877405e-01 8.200617775394782247e-06
4.573661767869631412e+00 9.999987158254109998e-01 7.834382533511672237e-06
4.583661755413698025e+00 9.999987924033558739e-01 7.483755051091072910e-06
4.593661743706264566e+00 9.999988655504297164e-01 7.148105319914313338e-06
4.603661732713761445e+00 9.999989354133597130e-01 6.826827168700912872e-06
4.613661722404056142e+00 9.999990021329269174e-01 6.519337430770243513e-06
4.623661712746394592e+00 9.999990658441925140e-01 6.225075137848777659e-06
4.633661703711346114e+00 9.999991266767156439e-01 5.943500739319354467e-06
4.643661695270749235e+00 9.999991847547639034e-01 5.674095346223237517e-06
4.653661687397658397e+00 9.999992401975161815e-01 5.416359999339944589e-06
4.663661680066296888e+00 9.999992931192586143e-01 5.169814960683924989e-06
4.673661673252006210e+00 9.999993436295731009e-01 4.933999027771138445e-06
4.683661666931201673e+00 9.999993918335193799e-01 4.708468870022425884e-06
4.693661661081326208e+00 9.999994378318105559e-01 4.492798386684266532e-06
4.703661655680808629e+00 9.999994817209822973e-01 4.286578085661073410e-06
4.713661650709024542e+00 9.999995235935560389e-01 4.089414482666594589e-06
4.723661646146254611e+00 9.999995635381957459e-01 3.900929520115244481e-06
4.733661641973646361e+00 9.999996016398597920e-01 3.720760005187294329e-06
4.743661638173180428e+00 9.999996379799465096e-01 3.548557066514780996e-06
4.753661634727634144e+00 9.999996726364349664e-01 3.383985628947777013e-06
4.763661631620546899e+00 9.999997056840205234e-01 3.226723905873269113e-06
4.773661628836190829e+00 9.999997371942447311e-01 3.076462908571318450e-06
4.783661626359537067e+00 9.999997672356215617e-01 2.932905972105441595e-06
4.793661624176227321e+00 9.999997958737578685e-01 2.795768297256227959e-06
4.803661622272545451e+00 9.999998231714700703e-01 2.664776508019111394e-06
4.813661620635389937e+00 9.999998491888961727e-01 2.539668224198935369e-06
4.823661619252248123e+00 9.999998739836035710e-01 2.420191648645481369e-06
4.833661618111170455e+00 9.999998976106928561e-01 2.306105168685488878e-06
4.843661617200746505e+00 9.999999201228980672e-01 2.197176971317852405e-06
4.853661616510080989e+00 9.999999415706822825e-01 2.093184671749664932e-06
4.863661616028773338e+00 9.999999620023305447e-01 1.993914954861565402e-06
4.873661615746894604e+00 9.999999814640385676e-01 1.899163229201446121e-06
4.883661615654968813e+00 9.999999999999984457e-01 1.808733293115994708e-06
