0.000000000000000000e+00 0.000000000000000000e+00 5.732239923829354211e-01
2.866119961914676933e-05 5.732239660254536025e-03 5.732238869534848069e-01
1.146447826622680932e-04 1.146447563052440700e-02 5.732231489639877386e-01
2.579506700597417501e-04 1.719669842272572580e-02 5.732211459393409259e-01
4.585786562398927891e-04 2.292889222482592110e-02 5.732172455807821310e-01
7.165283458999427164e-04 2.866103490309607552e-02 5.732108158649521501e-01
1.031799090804563432e-03 3.439309800539225304e-02 5.732012251506396483e-01
1.404389926622709147e-03 4.012504676554268929e-02 5.731878422931958594e-01
1.834299509814169135e-03 4.585684010891736412e-02 5.731700367665993889e-01
2.321526054578046047e-03 5.158843065925636934e-02 5.731471787931413653e-01
2.866067269876129177e-03 5.731976474683309064e-02 5.731186394806957463e-01
3.467920296544888675e-03 6.305078241802779260e-02 5.730837909675275954e-01
4.127081644510571107e-03 6.878141744638681387e-02 5.730420065745867042e-01
4.843547130122624611e-03 7.451159734524182010e-02 5.729926609652215008e-01
5.617311813621427875e-03 8.024124338196299278e-02 5.729351303122423023e-01
6.448369936757022448e-03 8.597027059391930404e-02 5.728687924722500879e-01
7.336714860576285836e-03 9.169858780621800709e-02 5.727930271671395346e-01
8.282339003396692323e-03 9.742609765129456312e-02 5.727072161726741717e-01
9.285233778985520561e-03 1.031526965904232818e-01 5.726107435140209700e-01
1.034538953496405393e-02 1.088782749372175507e-01 5.725029956681221277e-01
1.146279549145702049e-02 1.146027168831874749e-01 5.723833617727698275e-01
1.263743968000816467e-02 1.203259005254210950e-01 5.722512338422411915e-01
1.386930888278352890e-02 1.260476978964542027e-01 5.721060069893374456e-01
1.515838857208463668e-02 1.317679749963918123e-01 5.719470796536617607e-01
1.650466285019440427e-02 1.374865918273429355e-01 5.717738538359583567e-01
1.790811438957921886e-02 1.432034024302282216e-01 5.715857353383256845e-01
1.936872437347119183e-02 1.489182549240183062e-01 5.713821340101025159e-01
2.088647243685519753e-02 1.546309915474584629e-01 5.711624639992176622e-01
2.246133660788579220e-02 1.603414487033332503e-01 5.709261440087802786e-01
2.409329324975971812e-02 1.660494570053221430e-01 5.706725975586780519e-01
2.578231700307010224e-02 1.717548413274953556e-01 5.704012532519375789e-01
2.752838072866902255e-02 1.774574208564958511e-01 5.701115450455922495e-01
2.933145545106550026e-02 1.831570091464515826e-01 5.698029125257898508e-01
3.119151030238643749e-02 1.888534141766587127e-01 5.694748011868616677e-01
3.310851246692841920e-02 1.945464384120743351e-01 5.691266627140652012e-01
3.508242712632860666e-02 2.002358788666535605e-01 5.687579552696996332e-01
3.711321740538339742e-02 2.059215271695634120e-01 5.683681437822845073e-01
3.920084431854368306e-02 2.116031696343025070e-01 5.679567002384815488e-01
4.134526671711599710e-02 2.172805873307522839e-01 5.675231039774283337e-01
4.354644123719889071e-02 2.229535561601821980e-01 5.670668419871440769e-01
4.580432224838419664e-02 2.286218469332278735e-01 5.665874092026581543e-01
4.811886180325306017e-02 2.342852254508576981e-01 5.660843088055018679e-01
5.049000958769657432e-02 2.399434525883396285e-01 5.655570525241973012e-01
5.291771287209116187e-02 2.455962843822162289e-01 5.650051609353661242e-01
5.540191646335872883e-02 2.512434721202924104e-01 5.644281637650758743e-01
5.794256265794179434e-02 2.568847624346362046e-01 5.638256001900325831e-01
6.053959119572365627e-02 2.625198973975887973e-01 5.631970191382217328e-01
6.319293921492369348e-02 2.681486146207768817e-01 5.625419795885934215e-01
6.590254120799776683e-02 2.737706473571151489e-01 5.618600508693821771e-01
6.866832897857347295e-02 2.793857246057835364e-01 5.611508129546458612e-01
7.149023159945003258e-02 2.849935712201590587e-01 5.604138567586045561e-01
7.436817537169213010e-02 2.905939080186785151e-01 5.596487844273548840e-01
7.730208378484694498e-02 2.961864518986030981e-01 5.588552096275337666e-01
8.029187747831319222e-02 3.017709159526530405e-01 5.580327578315015247e-01
8.333747420389066296e-02 3.073470095884743847e-01 5.571810665986128841e-01
8.643878878953853429e-02 3.129144386508975750e-01 5.562997858521439021e-01
8.959573310436989846e-02 3.184729055469414649e-01 5.553885781514411590e-01
9.280821602490997579e-02 3.240221093735132785e-01 5.544471189588611182e-01
9.607614340264448993e-02 3.295617460477500149e-01 5.534750969010681088e-01
9.939941803288447619e-02 3.350915084399430088e-01 5.524722140242614987e-01
1.027779396249729887e-01 3.406110865089824191e-01 5.514381860429056204e-01
1.062116047738585478e-01 3.461201674402549777e-01 5.503727425815388985e-01
1.097003069330595437e-01 3.516184357859232223e-01 5.492756274092445157e-01
1.132439363890430373e-01 3.571055736075113285e-01 5.481465986663682788e-01
1.168423802370406189e-01 3.625812606207173827e-01 5.469854290830779009e-01
1.204955223583231844e-01 3.680451743423689415e-01 5.457919061893623525e-01
1.242032433989555956e-01 3.734969902394341124e-01 5.445658325160799285e-01
1.279654207500513785e-01 3.789363818799967309e-01 5.433070257866712272e-01
1.317819285295465659e-01 3.843630210861003760e-01 5.420153190991628955e-01
1.356526375655109362e-01 3.897765780883625797e-01 5.406905610980986543e-01
1.395774153810138418e-01 3.951767216822562601e-01 5.393326161360461057e-01
1.435561261805606836e-01 4.005631193859527928e-01 5.379413644243374870e-01
1.475886308381152423e-01 4.059354375996172548e-01 5.365167021727178520e-01
1.516747868867216742e-01 4.112933417660434854e-01 5.350585417175873770e-01
1.558144485097391896e-01 4.166364965325131120e-01 5.335668116385369197e-01
1.600074665337008206e-01 4.219645659137602478e-01 5.320414568628938357e-01
1.642536884228069649e-01 4.272772134559206791e-01 5.304824387580091560e-01
1.685529582750627531e-01 4.325741024013415315e-01 5.288897352110335515e-01
1.729051168200673727e-01 4.378548958541251257e-01 5.272633406959491564e-01
1.773100014184618434e-01 4.431192569462784614e-01 5.256032663276380967e-01
1.817674460630409328e-01 4.483668490043378752e-01 5.239095399027915434e-01
1.862772813815329886e-01 4.535973357163361475e-01 5.221822059274784378e-01
1.908393346410506564e-01 4.588103812989779429e-01 5.204213256312142377e-01
1.954534297542138976e-01 4.640056506648877477e-01 5.186269769673909069e-01
2.001193872869451995e-01 4.691828095897935813e-01 5.167992545999466891e-01
2.048370244679356689e-01 4.743415248795081474e-01 5.149382698761792998e-01
2.096061551997795425e-01 4.794814645365684247e-01 5.130441507856235983e-01
2.144265900717725604e-01 4.846022979263940322e-01 5.111170419049385627e-01
2.192981363743691237e-01 4.897036959428246461e-01 5.091571043287688170e-01
2.242205981152910754e-01 4.947853311728956371e-01 5.071645155865699417e-01
2.291937760372797783e-01 4.998468780607117079e-01 5.051394695454054506e-01
2.342174676374819686e-01 5.048880130702787516e-01 5.030821762987494061e-01
2.392914671884580069e-01 5.099084148471539901e-01 5.009928620413484079e-01
2.444155657608002019e-01 5.149077643787748348e-01 4.988717689302196723e-01
2.495895512473472466e-01 5.198857451533295260e-01 4.967191549318843435e-01
2.548132083889794730e-01 5.248420433170313260e-01 4.945352936559570534e-01
2.600863188019783556e-01 5.297763478296608763e-01 4.923204741752350011e-01
2.654086610069321117e-01 5.346883506182432688e-01 4.900750008324512019e-01
2.707800104591683299e-01 5.395777467287258267e-01 4.877991930338785309e-01
2.762001395806926718e-01 5.444442344755279217e-01 4.854933850299917308e-01
2.816688177936121362e-01 5.492875155888329308e-01 4.831579256834162006e-01
2.871858115550190993e-01 5.541072953594974315e-01 4.807931782244121433e-01
2.927508843933123162e-01 5.589032827814544024e-01 4.783995199941626364e-01
2.983637969459288497e-01 5.636751906914886368e-01 4.759773421761542278e-01
3.040243069984599478e-01 5.684227359062685725e-01 4.735270495159568105e-01
3.097321695251232243e-01 5.731456393565189655e-01 4.710490600297279618e-01
3.154871367305618346e-01 5.778436262182231609e-01 4.685438047017852492e-01
3.212889580929401689e-01 5.825164260407487138e-01 4.660117271716057163e-01
3.271373804083051451e-01 5.871637728717913340e-01 4.634532834106293020e-01
3.330321478361806808e-01 5.917854053790372326e-01 4.608689413892570474e-01
3.389730019463617627e-01 5.963810669684487253e-01 4.582591807344509882e-01
3.449596817668742488e-01 6.009505058990800563e-01 4.556244923783552836e-01
3.509919238330650448e-01 6.054934753943365111e-01 4.529653781983715155e-01
3.570694622377868499e-01 6.100097337495935523e-01 4.502823506491335226e-01
3.631920286826404998e-01 6.144990444360968196e-01 4.475759323868377382e-01
3.693593525302372726e-01 6.189611762010694962e-01 4.448466558863951592e-01
3.755711608574432980e-01 6.233959031639569881e-01 4.420950630518808988e-01
3.818271785095664894e-01 6.278030049087445219e-01 4.393217048207652131e-01
3.881271281554470876e-01 6.321822665722885981e-01 4.365271407624169986e-01
3.944707303434111245e-01 6.365334789286060113e-01 4.337119386713770841e-01
4.008577035580465076e-01 6.408564384690724758e-01 4.308766741559045821e-01
4.072877642777603668e-01 6.451509474784843379e-01 4.280219302223027822e-01
4.137606270330762004e-01 6.494168141069451838e-01 4.251482968555351794e-01
4.202760044656287386e-01 6.536538524375421488e-01 4.222563705966440040e-01
4.268336073878146175e-01 6.578618825497820621e-01 4.193467541174849544e-01
4.334331448430560063e-01 6.620407305787641139e-01 4.164200557932923319e-01
4.400743241666345007e-01 6.661902287700696146e-01 4.134768892735873891e-01
4.467568510470525389e-01 6.703102155303539700e-01 4.105178730519419283e-01
4.534804295878790970e-01 6.744005354736335445e-01 4.075436300351050756e-01
4.602447623700368640e-01 6.784610394632620833e-01 4.045547871119991035e-01
4.670495505144874882e-01 6.824915846495988037e-01 4.015519747230842929e-01
4.738944937452719830e-01 6.864920345033739268e-01 3.985358264305878806e-01
4.807792904528635503e-01 6.904622588447631992e-01 3.955069784900856478e-01
4.877036377577894100e-01 6.944021338681863886e-01 3.924660694239175962e-01
4.946672315744795601e-01 6.983115421628516284e-01 3.894137395969106130e-01
5.016697666752998330e-01 7.021903727290702557e-01 3.863506307948728624e-01
5.087109367547267835e-01 7.060385209903721204e-01 3.832773858063142081e-01
5.157904344936232732e-01 7.098558888014566692e-01 3.801946480078370882e-01
5.229079516235727310e-01 7.136423844520174420e-01 3.771030609536311085e-01
5.300631789912310099e-01 7.173979226664842779e-01 3.740032679694925699e-01
5.372558066226557072e-01 7.211224245997298610e-01 3.708959117517783288e-01
5.444855237875725340e-01 7.248158178287921194e-01 3.677816339716896699e-01
5.517520190635391009e-01 7.284780363406675452e-01 3.646610748852688877e-01
5.590549803999675937e-01 7.321090205162351650e-01 3.615348729494773927e-01
5.663940951819669278e-01 7.357087171103724454e-01 3.584036644447090580e-01
5.737690502939679638e-01 7.392770792283305248e-01 3.552680831040778697e-01
5.811795321830937056e-01 7.428140662984369369e-01 3.521287597498042321e-01
5.886252269222385092e-01 7.463196440411998811e-01 3.489863219370074598e-01
5.961058202728207744e-01 7.497937844348877556e-01 3.458413936051973336e-01
6.036209977471740373e-01 7.532364656776635581e-01 3.426945947377404433e-01
6.111704446705424898e-01 7.566476721463553101e-01 3.395465410295609998e-01
6.187538462426479535e-01 7.600273943519452180e-01 3.363978435633194763e-01
6.263708875987951119e-01 7.633756288918640553e-01 3.332491084942950654e-01
6.340212538704850243e-01 7.666923783991789199e-01 3.301009367441819498e-01
6.417046302455042817e-01 7.699776514887640699e-01 3.269539237039920665e-01
6.494207020274621600e-01 7.732314627005473229e-01 3.238086589462397247e-01
6.571691546947453499e-01 7.764538324399254954e-01 3.206657259465679477e-01
6.649496739588631744e-01 7.796447869154432553e-01 3.175257018149582056e-01
6.727619458221567594e-01 7.828043580738334173e-01 3.143891570366493249e-01
6.806056566348449577e-01 7.859325835325144949e-01 3.112566552228747119e-01
6.884804931513841542e-01 7.890295065096460947e-01 3.081287528715104251e-01
6.963861425861154197e-01 7.920951757518397418e-01 3.050059991377106483e-01
7.043222926681788065e-01 7.951296454596270546e-01 3.018889356145912362e-01
7.122886316956705821e-01 7.981329752107846343e-01 2.987780961240061872e-01
7.202848485890238628e-01 8.011052298816172534e-01 2.956740065174462972e-01
7.283106329435922177e-01 8.040464795663014863e-01 2.925771844870746485e-01
7.363656750814171481e-01 8.069567994943894762e-01 2.894881393868985464e-01
7.444496661021624551e-01 8.098362699465754266e-01 2.864073720640630816e-01
7.525622979331973994e-01 8.126849761688257345e-01 2.833353747002377854e-01
7.607032633788136655e-01 8.155030082849727968e-01 2.802726306630536901e-01
7.688722561685610302e-01 8.182904612078737427e-01 2.772196143675356161e-01
7.770689710046877474e-01 8.210474345492326798e-01 2.741767911474614072e-01
7.852931036086728822e-01 8.237740325281862619e-01 2.711446171365675117e-01
7.935443507668389351e-01 8.264703638787499473e-01 2.681235391595083728e-01
8.018224103750333231e-01 8.291365417562222007e-01 2.651139946324664320e-01
8.101269814823692794e-01 8.317726836426426740e-01 2.621164114732976724e-01
8.184577643340169573e-01 8.343789112513987360e-01 2.591312080210882440e-01
8.268144604130368558e-01 8.369553504310746073e-01 2.561587929649870032e-01
8.351967724812482397e-01 8.395021310686339167e-01 2.531995652821703580e-01
8.436044046191261137e-01 8.420193869920274965e-01 2.502539141847859305e-01
8.520370622647224224e-01 8.445072558723144551e-01 2.473222190757143335e-01
8.604944522516059235e-01 8.469658791253846797e-01 2.444048495129797216e-01
8.689762828458176269e-01 8.493954018133675898e-01 2.415021651826328719e-01
8.774822637818393556e-01 8.517959725458111864e-01 2.386145158799236055e-01
8.860121062975732098e-01 8.541677433807141062e-01 2.357422414985735348e-01
8.945655231683309339e-01 8.565108697254895098e-01 2.328856720279537107e-01
9.031422287398327420e-01 8.588255102379396266e-01 2.300451275579670773e-01
9.117419389602166024e-01 8.611118267273171201e-01 2.272209182914306236e-01
9.203643714110585350e-01 8.633699840555462135e-01 2.244133445637478963e-01
9.290092453374064752e-01 8.656001500386767411e-01 2.216226968696589916e-01
9.376762816768300368e-01 8.678024953486397353e-01 2.188492558968515023e-01
9.463652030874893928e-01 8.699771934153730513e-01 2.160932925662132353e-01
9.550757339752281583e-01 8.721244203293810893e-01 2.133550680785054887e-01
9.638076005196934970e-01 8.742443547447932284e-01 2.106348339672330372e-01
9.725605306994903332e-01 8.763371777829801479e-01 2.079328321574861194e-01
9.813342543163739995e-01 8.784030729367883206e-01 2.052492950305284669e-01
9.901285030184892033e-01 8.804422259754474123e-01 2.025844454939045303e-01
9.989430103226614177e-01 8.824548248502060988e-01 1.999384970568390263e-01
1.007777511635748358e+00 8.844410596007469261e-01 1.973116539107021561e-01
1.016631744275060090e+00 8.864011222624302855e-01 1.947041110143139242e-01
1.025505447487855326e+00 8.883352067744149094e-01 1.921160541838621560e-01
1.034398362469923782e+00 8.902435088886992975e-01 1.895476601872098377e-01
1.043310232383264369e+00 8.921262260801277044e-01 1.869990968423690669e-01
1.052240802372867101e+00 8.939835574574003241e-01 1.844705231199203488e-01
1.061189819582611493e+00 8.958157036751268620e-01 1.819620892491585207e-01
1.070157033170290317e+00 8.976228668469589111e-01 1.794739368277484814e-01
1.079142194321770276e+00 8.994052504598361031e-01 1.770061989346770337e-01
1.088145056264300914e+00 9.011630592893765668e-01 1.745590002462896473e-01
1.097165374278983085e+00 9.028964993164432240e-01 1.721324571552041438e-01
1.106202905712409645e+00 9.046057776449119014e-01 1.697266778918967989e-01
1.115257409987489012e+00 9.062911024206685706e-01 1.673417626487598842e-01
1.124328648613465820e+00 9.079526827518580312e-01 1.649778037064330016e-01
1.133416385195149756e+00 9.095907286304071304e-01 1.626348855622150313e-01
1.142520385441366582e+00 9.112054508548410592e-01 1.603130850603672886e-01
1.151640417172643760e+00 9.127970609544118208e-01 1.580124715241225108e-01
1.160776250328143577e+00 9.143657711145544154e-01 1.557331068892191250e-01
1.169927656971858188e+00 9.159117941036853949e-01 1.534750458387842131e-01
1.179094411298078793e+00 9.174353432013557796e-01 1.512383359393934812e-01
1.188276289636153615e+00 9.189366321277704364e-01 1.490230177781409482e-01
1.197473070454547539e+00 9.204158749746822465e-01 1.468291251005561515e-01
1.206684534364217853e+00 9.218732861376686127e-01 1.446566849492111340e-01
1.215910464121320089e+00 9.233090802497975202e-01 1.425057178028645288e-01
1.225150644629256824e+00 9.247234721166868177e-01 1.403762377159948893e-01
1.234404862940083669e+00 9.261166766529600469e-01 1.382682524585805151e-01
1.243672908255288423e+00 9.274889088201009324e-01 1.361817636559878031e-01
1.252954571925954275e+00 9.288403835657065288e-01 1.341167669288352571e-01
1.262249647452323043e+00 9.301713157641385843e-01 1.320732520327053683e-01
1.271557930482771770e+00 9.314819201585706754e-01 1.300512029975813277e-01
1.280879218812217335e+00 9.327724113044276733e-01 1.280505982668908582e-01
1.290213312379961508e+00 9.340430035142136544e-01 1.260714108360440344e-01
1.299560013266991554e+00 9.352939108037213733e-01 1.241136083903572190e-01
1.308919125692750596e+00 9.365253468396184111e-01 1.221771534422600863e-01
1.318290456011389500e+00 9.377375248884010084e-01 1.202620034676873118e-01
1.327673812707515388e+00 9.389306577667070330e-01 1.183681110415616827e-01
1.337069006391450543e+00 9.401049577929794232e-01 1.164954239722798546e-01
1.346475849794014357e+00 9.412606367404686702e-01 1.146438854351168601e-01
1.355894157760842100e+00 9.423979057915640167e-01 1.128134341044699646e-01
1.365323747246252939e+00 9.435169754934406017e-01 1.110040042848670638e-01
1.374764437306682296e+00 9.446180557150105628e-01 1.092155260406694195e-01
1.384216049093688339e+00 9.457013556051641068e-01 1.074479253244026711e-01
1.393678405846549229e+00 9.467670835522868922e-01 1.057011241036545646e-01
1.403151332884460478e+00 9.478154471450388474e-01 1.039750404864821232e-01
1.412634657598346388e+00 9.488466531343796584e-01 1.022695888452747892e-01
1.422128209442299340e+00 9.498609073968246053e-01 1.005846799390245072e-01
1.431631819924655824e+00 9.508584148989153162e-01 9.892022103395732568e-02
1.441145322598724299e+00 9.518393796628882297e-01 9.727611602248514844e-02
1.450668553053175547e+00 9.528040047335238905e-01 9.565226554043983198e-02
1.460201348902107066e+00 9.537524921461602023e-01 9.404856708255564246e-02
1.469743549774793712e+00 9.546850428958515433e-01 9.246491511616934666e-02
1.479294997305134807e+00 9.556018569076555336e-01 9.090120119311088931e-02
1.488855535120811036e+00 9.565031330080300265e-01 8.935731405976071740e-02
1.498425008832159344e+00 9.573890688973207830e-01 8.783313976525318478e-02
1.508003266020778943e+00 9.582598611233228425e-01 8.632856176780830115e-02
1.517590156227878406e+00 9.591157050558946073e-01 8.484346103917733695e-02
1.527185530942372749e+00 9.599567948626078762e-01 8.337771616719054368e-02
1.536789243588744025e+00 9.607833234854131765e-01 8.193120345639781643e-02
1.546401149514672113e+00 9.615954826183024107e-01 8.050379702679621996e-02
1.556021105978447672e+00 9.623934626859487196e-01 7.909536891064031239e-02
1.565648972136176154e+00 9.631774528233053578e-01 7.770578914733398956e-02
1.575284609028781979e+00 9.639476408561434839e-01 7.633492587640471061e-02
1.584927879568824416e+00 9.647042132825104366e-01 7.498264542856331039e-02
1.594578648527130271e+00 9.654473552550887350e-01 7.364881241485446428e-02
1.604236782519256277e+00 9.661772505644373732e-01 7.233328981390516055e-02
1.613902149991787605e+00 9.668940816230960911e-01 7.103593905728020075e-02
1.623574621208481616e+00 9.675980294505334145e-01 6.975662011295569176e-02
1.633254068236265510e+00 9.682892736589204796e-01 6.849519156692293609e-02
1.642940364931095187e+00 9.689679924397114341e-01 6.725151070293713951e-02
1.652633386923684888e+00 9.696343625510123188e-01 6.602543358042629873e-02
1.662333011605113153e+00 9.702885593057195557e-01 6.481681511057760248e-02
1.672039118112315093e+00 9.709307565604103907e-01 6.362550913061937319e-02
1.681751587313466079e+00 9.715611267049674149e-01 6.245136847631842930e-02
1.691470301793266628e+00 9.721798406529190695e-01 6.129424505271323376e-02
1.701195145838133138e+00 9.727870678324787024e-01 6.015398990310472788e-02
1.710926005421302687e+00 9.733829761782649692e-01 5.903045327632741590e-02
1.720662768187858571e+00 9.739677321236864804e-01 5.792348469232418140e-02
1.730405323439682785e+00 9.745415005939737085e-01 5.683293300604919107e-02
1.740153562120342334e+00 9.751044449998419461e-01 5.575864646972377575e-02
1.749907376799914260e+00 9.756567272317682171e-01 5.470047279347101804e-02
1.759666661659757825e+00 9.761985076548669316e-01 5.365825920435509516e-02
1.769431312477237617e+00 9.767299451043480740e-01 5.263185250385211955e-02
1.779201226610403808e+00 9.772511968815420502e-01 5.162109912377948334e-02
1.788976302982635991e+00 9.777624187504764253e-01 5.062584518071115702e-02
1.798756442067255268e+00 9.782637649349895659e-01 4.964593652890659375e-02
1.808541545872110357e+00 9.787553881163658653e-01 4.868121881178121002e-02
1.818331517924141716e+00 9.792374394314786734e-01 4.773153751194648270e-02
1.828126263253930794e+00 9.797100684714268315e-01 4.679673799984788302e-02
1.837925688380237288e+00 9.801734232806501579e-01 4.587666558102888176e-02
1.847729701294530180e+00 9.806276503565113378e-01 4.497116554204928091e-02
1.857538211445516341e+00 9.810728946493301184e-01 4.408008319508608525e-02
1.867351129723672676e+00 9.815092995628570405e-01 4.320326392124504422e-02
1.877168368445784274e+00 9.819370069551740521e-01 4.234055321261081389e-02
1.886989841339493879e+00 9.823561571400095671e-01 4.149179671306361256e-02
1.896815463527866896e+00 9.827668888884552034e-01 4.065684025788991046e-02
1.906645151513975067e+00 9.831693394310730971e-01 3.983552991221453454e-02
1.916478823165503220e+00 9.835636444603815809e-01 3.902771200828128451e-02
1.926316397699383121e+00 9.839499381337083461e-01 3.823323318160874729e-02
1.936157795666456627e+00 9.843283530763988765e-01 3.745194040604778868e-02
1.946002938936174376e+00 9.846990203853710488e-01 3.668368102776674300e-02
1.955851750681329548e+00 9.850620696330036896e-01 3.592830279818993999e-02
1.965704155362834271e+00 9.854176288713494269e-01 3.518565390591477104e-02
1.975560078714538204e+00 9.857658246366621801e-01 3.445558300763219145e-02
1.985419447728094422e+00 9.861067819542281843e-01 3.373793925807484079e-02
1.995282190637875264e+00 9.864406243434925559e-01 3.303257233901678303e-02
2.005148236905940795e+00 9.867674738234707421e-01 3.233933248734816024e-02
2.015017517207062792e+00 9.870874509184363044e-01 3.165807052224764440e-02
2.024889963413806893e+00 9.874006746638757104e-01 3.098863787147509291e-02
2.034765508581675153e+00 9.877072626127025856e-01 3.033088659680616833e-02
2.044644086934312543e+00 9.880073308417208766e-01 2.968466941863033212e-02
2.054525633848779620e+00 9.883009939583312642e-01 2.904983973973291819e-02
2.064410085840893139e+00 9.885883651074700573e-01 2.842625166828156510e-02
2.074297380550635950e+00 9.888695559787752387e-01 2.781376004003669258e-02
2.084187456727641941e+00 9.891446768139700030e-01 2.721222043980520838e-02
2.094080254216754255e+00 9.894138364144573483e-01 2.662148922215602440e-02
2.103975713943660342e+00 9.896771421491185050e-01 2.604142353141550292e-02
2.113873777900607820e+00 9.899346999623074295e-01 2.547188132096033647e-02
2.123774389132198515e+00 9.901866143820348132e-01 2.491272137182490645e-02
2.133677491721267749e+00 9.904329885283351675e-01 2.436380331063957294e-02
2.143583030774847131e+00 9.906739241218093239e-01 2.382498762691585836e-02
2.153490952410213044e+00 9.909095214923374639e-01 2.329613568969398502e-02
2.163401203741023959e+00 9.911398795879547974e-01 2.277710976356767114e-02
2.173313732863547010e+00 9.913650959838846699e-01 2.226777302410065662e-02
2.183228488842975601e+00 9.915852668917229940e-01 2.176798957264887771e-02
2.193145421699840281e+00 9.918004871687676749e-01 2.127762445060177310e-02
2.203064482396512425e+00 9.920108503274879252e-01 2.079654365305572475e-02
2.212985622823802956e+00 9.922164485451274718e-01 2.032461414193217214e-02
2.222908795787660985e+00 9.924173726734357714e-01 1.986170385855250478e-02
2.232833954995965708e+00 9.926137122485230169e-01 1.940768173568140770e-02
2.242761055045420893e+00 9.928055555008326039e-01 1.896241770904991825e-02
2.252690051408548833e+00 9.929929893652259532e-01 1.852578272836900505e-02
2.262620900420784231e+00 9.931760994911756901e-01 1.809764876784418497e-02
2.272553559267673329e+00 9.933549702530607428e-01 1.767788883620121168e-02
2.282487985972172950e+00 9.935296847605600279e-01 1.726637698623256431e-02
2.292424139382057469e+00 9.937003248691387292e-01 1.686298832387411392e-02
2.302361979157428795e+00 9.938669711906231719e-01 1.646759901682098848e-02
2.312301465758333396e+00 9.940297031038595188e-01 1.608008630269135847e-02
2.322242560432485892e+00 9.941885987654522916e-01 1.570032849674654618e-02
2.332185225203100565e+00 9.943437351205771657e-01 1.532820499917557366e-02
2.342129422856831678e+00 9.944951879138652640e-01 1.496359630195199727e-02
2.352075116931823029e+00 9.946430317003532862e-01 1.460638399527060087e-02
2.362022271705866761e+00 9.947873398564961445e-01 1.425645077357128032e-02
2.371970852184671852e+00 9.949281845912381073e-01 1.391368044115721091e-02
2.381920824090246303e+00 9.950656369571376780e-01 1.357795791741418095e-02
2.391872153849388116e+00 9.951997668615428783e-01 1.324916924163774615e-02
2.401824808582289528e+00 9.953306430778128266e-01 1.292720157747469928e-02
2.411778756091253584e+00 9.954583332565820619e-01 1.261194321698512477e-02
2.421733964849522192e+00 9.955829039370632794e-01 1.230328358433117886e-02
2.431690403990220517e+00 9.957044205583852614e-01 1.200111323909856809e-02
2.441648043295411519e+00 9.958229474709623386e-01 1.170532387925653922e-02
2.451606853185266388e+00 9.959385479478913838e-01 1.141580834376207387e-02
2.461566804707347789e+00 9.960512841963732322e-01 1.113246061481388063e-02
2.471527869526009447e+00 9.961612173691550831e-01 1.085517581976161786e-02
2.481490019911907208e+00 9.962684075759901114e-01 1.058385023267572646e-02
2.491453228731627334e+00 9.963729138951110675e-01 1.031838127558314805e-02
2.501417469437429375e+00 9.964747943847146461e-01 1.005866751937409785e-02
2.511382716057101838e+00 9.965741060944532936e-01 9.804608684385037604e-03
2.521348943183935543e+00 9.966709050769313460e-01 9.556105640662889561e-03
2.531316125966809327e+00 9.967652463992020540e-01 9.313060407915503200e-03
2.541284240100392999e+00 9.968571841542626100e-01 9.075376155153320329e-03
2.551253261815464413e+00 9.969467714725444019e-01 8.842957200027165218e-03
2.561223167869339790e+00 9.970340605333943840e-01 8.615709007867036057e-03
2.571193935536422170e+00 9.971191025765463456e-01 8.393538190426761900e-03
2.581165542598860885e+00 9.972019479135771913e-01 8.176352504339354579e-03
2.591137967337328263e+00 9.972826459393471232e-01 7.964060849287885047e-03
2.601111188521909146e+00 9.973612451434198389e-01 7.756573265896698002e-03
2.611085185403105413e+00 9.974377931214600812e-01 7.553800933347761329e-03
2.621059937702952869e+00 9.975123365866063185e-01 7.355656166726973720e-03
2.631035425606253586e+00 9.975849213808153371e-01 7.162052414105230490e-03
2.641011629751920609e+00 9.976555924861763014e-01 6.972904253359074427e-03
2.650988531224435452e+00 9.977243940361920638e-01 6.788127388735745553e-03
2.660966111545418400e+00 9.977913693270245021e-01 6.607638647167487014e-03
2.670944352665311605e+00 9.978565608287019995e-01 6.431355974339947844e-03
2.680923236955173650e+00 9.979200101962862890e-01 6.259198430519563247e-03
2.690902747198584688e+00 9.979817582809964449e-01 6.091086186144797389e-03
2.700882866583664388e+00 9.980418451412873537e-01 5.926940517186160551e-03
2.710863578695199116e+00 9.981003100538812234e-01 5.766683800279935081e-03
2.720844867506879705e+00 9.981571915247489102e-01 5.610239507640554096e-03
2.730826717373648016e+00 9.982125273000391763e-01 5.457532201756613334e-03
2.740809113024153643e+00 9.982663543769541015e-01 5.308487529875512145e-03
2.750792039553319412e+00 9.983187090145684284e-01 5.163032218281735260e-03
2.760775482415012139e+00 9.983696267445902883e-01 5.021094066373817284e-03
2.770759427414823950e+00 9.984191423820618638e-01 4.882601940545052734e-03
2.780743860702958425e+00 9.984672900359981007e-01 4.747485767873024787e-03
2.790728768767223311e+00 9.985141031199611383e-01 4.615676529623049390e-03
2.800714138426128486e+00 9.985596143625689036e-01 4.487106254570659078e-03
2.810699956822088730e+00 9.986038558179363145e-01 4.361708012148241345e-03
2.820686211414730415e+00 9.986468588760465392e-01 4.239415905420989769e-03
2.830672889974302553e+00 9.986886542730516458e-01 4.120165063897320012e-03
2.840659980575188648e+00 9.987292721015006425e-01 4.003891636178913242e-03
2.850647471589522475e+00 9.987687418204925782e-01 3.890532782455565983e-03
2.860635351680903771e+00 9.988070922657547035e-01 3.780026666850030623e-03
2.870623609798213849e+00 9.988443516596425820e-01 3.672312449618022993e-03
2.880612235169532021e+00 9.988805476210620427e-01 3.567330279208590343e-03
2.890601217296151049e+00 9.989157071753106409e-01 3.465021284190018726e-03
2.900590545946688525e+00 9.989498567638382953e-01 3.365327565046462733e-03
2.910580211151298613e+00 9.989830222539246574e-01 3.268192185850470055e-03
2.920570203195976600e+00 9.990152289482727710e-01 3.173559165816565181e-03
2.930560512616962043e+00 9.990465015945180216e-01 3.081373470741044333e-03
2.940551130195234730e+00 9.990768643946505989e-01 2.991581004333118167e-03
2.950542046951104780e+00 9.991063410143506962e-01 2.904128599442520973e-03
2.960533254138896453e+00 9.991349545922360020e-01 2.818964009188685595e-03
2.970524743241723442e+00 9.991627277490192638e-01 2.736035897996558566e-03
2.980516505966353868e+00 9.991896825965763673e-01 2.655293832544103078e-03
2.990508534238168536e+00 9.992158407469232673e-01 2.576688272626508763e-03
3.000500820196205787e+00 9.992412233211009909e-01 2.500170561942098232e-03
3.010493356188296943e+00 9.992658509579684933e-01 2.425692918804879094e-03
3.020486134766286579e+00 9.992897438229019214e-01 2.353208426788656361e-03
3.030479148681341606e+00 9.993129216164002848e-01 2.282671025307581990e-03
3.040472390879345177e+00 9.993354035825964266e-01 2.214035500137969282e-03
3.050465854496374973e+00 9.993572085176730679e-01 2.147257473886159986e-03
3.060459532854265419e+00 9.993783547781833754e-01 2.082293396407179469e-03
3.070453419456252941e+00 9.993988602892750484e-01 2.019100535178865001e-03
3.080447507982702060e+00 9.994187425528184843e-01 1.957636965636103208e-03
3.090441792286912737e+00 9.994380186554377987e-01 1.897861561469750069e-03
3.100436266391008999e+00 9.994567052764447013e-01 1.839733984894753724e-03
3.110430924481903059e+00 9.994748186956751157e-01 1.783214676891937880e-03
3.120425760907341139e+00 9.994923748012278786e-01 1.728264847427842281e-03
3.130420770172023470e+00 9.995093890971055162e-01 1.674846465656950733e-03
3.140415946933801550e+00 9.995258767107572107e-01 1.622922250110571309e-03
3.150411285999949129e+00 9.995418524005234007e-01 1.572455658876564149e-03
3.160406782323508246e+00 9.995573305629822380e-01 1.523410879774043328e-03
3.170402430999708976e+00 9.995723252401979009e-01 1.475752820527104475e-03
3.180398227262458910e+00 9.995868501268702078e-01 1.429447098941558645e-03
3.190394166480905458e+00 9.996009185773866434e-01 1.384460033088575183e-03
3.200390244156066988e+00 9.996145436127759076e-01 1.340758631499060563e-03
3.210386455917533688e+00 9.996277379275633201e-01 1.298310583372523468e-03
3.220382797520237705e+00 9.996405138965290815e-01 1.257084248804092239e-03
3.230379264841287235e+00 9.996528835813680569e-01 1.217048649033275346e-03
3.240375853876869439e+00 9.996648587372525263e-01 1.178173456717969674e-03
3.250372560739218208e+00 9.996764508192983456e-01 1.140428986237140320e-03
3.260369381653644094e+00 9.996876709889331858e-01 1.103786184025512757e-03
3.270366312955629962e+00 9.996985301201694041e-01 1.068216618943529980e-03
3.280363351087987489e+00 9.997090388057799926e-01 1.033692472685746348e-03
3.290360492598075393e+00 9.997192073633793807e-01 1.000186530230741389e-03
3.300357734135077603e+00 9.997290458414084258e-01 9.676721703355505022e-04
3.310355072447341396e+00 9.997385640250250338e-01 9.361233560775230125e-04
3.320352504379772807e+00 9.997477714419003014e-01 9.055146254464307076e-04
3.330350026871291558e+00 9.997566773679208429e-01 8.758210819895631853e-04
3.340347636952340604e+00 9.997652908327977483e-01 8.470183855124566478e-04
3.350345331742452082e+00 9.997736206255828373e-01 8.190827428378172478e-04
3.360343108447867877e+00 9.997816753000929868e-01 7.919908986251111838e-04
3.370340964359213931e+00 9.997894631802428655e-01 7.657201262532059224e-04
3.380338896849228281e+00 9.997969923652868518e-01 7.402482187683600808e-04
3.390336903370539279e+00 9.998042707349705793e-01 7.155534798997713547e-04
3.400334981453496663e+00 9.998113059545931103e-01 6.916147151448056880e-04
3.410333128704051475e+00 9.998181054799807344e-01 6.684112229259434870e-04
3.420331342801685715e+00 9.998246765623717280e-01 6.459227858213936876e-04
3.430329621497391290e+00 9.998310262532148496e-01 6.241296618712396330e-04
3.440327962611695600e+00 9.998371614088805703e-01 6.030125759608959395e-04
3.450326364032732851e+00 9.998430886952868191e-01 5.825527112835721501e-04
3.460324823714363784e+00 9.998488145924396830e-01 5.627317008833544092e-04
3.470323339674337593e+00 9.998543453988901764e-01 5.435316192804337749e-04
3.480321909992500906e+00 9.998596872361071863e-01 5.249349741799272774e-04
3.490320532809046750e+00 9.998648460527683746e-01 5.069246982656584700e-04
3.500319206322808796e+00 9.998698276289692544e-01 4.894841410801814910e-04
3.510317928789596031e+00 9.998746375803516662e-01 4.725970609922561694e-04
3.520316698520568277e+00 9.998792813621519837e-01 4.562476172529012549e-04
3.530315513880653011e+00 9.998837642731707165e-01 4.404203621410774489e-04
3.540314373286998606e+00 9.998880914596640634e-01 4.251002331999755306e-04
3.550313275207470198e+00 9.998922679191578622e-01 4.102725455648101706e-04
3.560312218159179753e+00 9.998962985041857099e-01 3.959229843829460823e-04
3.570311200707054766e+00 9.999001879259513670e-01 3.820375973271124704e-04
3.580310221462443376e+00 9.999039407579173311e-01 3.686027872023885533e-04
3.590309279081754124e+00 9.999075614393191369e-01 3.556053046475756612e-04
3.600308372265130785e+00 9.999110542786080469e-01 3.430322409315014255e-04
3.610307499755162741e+00 9.999144234568212442e-01 3.308710208447353859e-04
3.620306660335625981e+00 9.999176730308824146e-01 3.191093956871302343e-04
3.630305852830258306e+00 9.999208069368317187e-01 3.077354363515380259e-04
3.640305076101566950e+00 9.999238289929879286e-01 2.967375265039885073e-04
3.650304329049666840e+00 9.999267429030422871e-01 2.861043558605558907e-04
3.660303610611149505e+00 9.999295522590856411e-01 2.758249135610799010e-04
3.670302919757980842e+00 9.999322605445701839e-01 2.658884816398494086e-04
3.680302255496431307e+00 9.999348711372061382e-01 2.562846285932999851e-04
3.690301616866030532e+00 9.999373873117944900e-01 2.470032030447218033e-04
3.700301002938553907e+00 9.999398122429971059e-01 2.380343275059198225e-04
3.710300412817033600e+00 9.999421490080447894e-01 2.293683922357170812e-04
3.720299845634798430e+00 9.999444005893843856e-01 2.209960491951407416e-04
3.730299300554538622e+00 9.999465698772660449e-01 2.129082060990814202e-04
3.740298776767395861e+00 9.999486596722714227e-01 2.050960205641686840e-04
3.750298273492080003e+00 9.999506726877839258e-01 1.975508943525600592e-04
3.760297789974008431e+00 9.999526115524015601e-01 1.902644677112956301e-04
3.770297325484471163e+00 9.999544788122940453e-01 1.832286138068278084e-04
3.780296879319816838e+00 9.999562769335045287e-01 1.764354332542942714e-04
3.790296450800663575e+00 9.999580083041971212e-01 1.698772487410617107e-04
3.800296039271130688e+00 9.999596752368510311e-01 1.635465997440301912e-04
3.810295644098093071e+00 9.999612799704026278e-01 1.574362373401501391e-04
3.820295264670455548e+00 9.999628246723357705e-01 1.515391191095690100e-04
3.830294900398449442e+00 9.999643114407217315e-01 1.458484041307904001e-04
3.840294550712947785e+00 9.999657423062094930e-01 1.403574480671954323e-04
3.850294215064801406e+00 9.999671192339675274e-01 1.350597983442457554e-04
3.860293892924193226e+00 9.999684441255775047e-01 1.299491894166568374e-04
3.870293583780011204e+00 9.999697188208815923e-01 1.250195381248024259e-04
3.880293287139241265e+00 9.999709450997831262e-01 1.202649391395837938e-04
3.890293002526375776e+00 9.999721246840026501e-01 1.156796604949719362e-04
3.900292729482840670e+00 9.999732592387896579e-01 1.112581392074060574e-04
3.910292467566438557e+00 9.999743503745908146e-01 1.069949769812093517e-04
3.920292216350809600e+00 9.999753996486755447e-01 1.028849359991609088e-04
3.930291975424907491e+00 9.999764085667204316e-01 9.892293479734227523e-05
3.940291744392491413e+00 9.999773785843522056e-01 9.510404422335811910e-05
3.950291522871631766e+00 9.999783111086510967e-01 9.142348347701235382e-05
3.960291310494234107e+00 9.999792074996149971e-01 8.787661623250450161e-05
3.970291106905574630e+00 9.999800690715849871e-01 8.445894684119531601e-05
3.980290911763849859e+00 9.999808970946335585e-01 8.116611661397654719e-05
3.990290724739741446e+00 9.999816927959158663e-01 7.799390018226623564e-05
4.000290545515993834e+00 9.999824573609851219e-01 7.493820193663885813e-05
4.010290373787003482e+00 9.999831919350726794e-01 7.199505254208871270e-05
4.020290209258424063e+00 9.999838976243337063e-01 6.916060552891456221e-05
4.030290051646780114e+00 9.999845754970591027e-01 6.643113395820501724e-05
4.040289900679093549e+00 9.999852265848544475e-01 6.380302716089572372e-05
4.050289756092524840e+00 9.999858518837865251e-01 6.127278754936276578e-05
4.060289617634022186e+00 9.999864523554986562e-01 5.883702750051041309e-05
4.070289485059982226e+00 9.999870289282951630e-01 5.649246630930627316e-05
4.080289358135922306e+00 9.999875824981954153e-01 5.423592721171273498e-05
4.090289236636162506e+00 9.999881139299585664e-01 5.206433447596014780e-05
4.100289120343518334e+00 9.999886240580799779e-01 4.997471056110463139e-05
4.110289009049004072e+00 9.999891136877587794e-01 4.796417334181188910e-05
4.120288902551543231e+00 9.999895835958387824e-01 4.602993339830718897e-05
4.130288800657688775e+00 9.999900345317218608e-01 4.416929137043185442e-05
4.140288703181354890e+00 9.999904672182559073e-01 4.237963537474691083e-05
4.150288609943554974e+00 9.999908823525969215e-01 4.065843848362603883e-05
4.160288520772148502e+00 9.999912806070460070e-01 3.900325626528184156e-05
4.170288435501597668e+00 9.999916626298623878e-01 3.741172438367217789e-05
4.180288353972730242e+00 9.999920290460526662e-01 3.588155625723653193e-05
4.190288276032511305e+00 9.999923804581369868e-01 3.441054077541628585e-05
4.200288201533821208e+00 9.999927174468922209e-01 3.299654007191732326e-05
4.210288130335243295e+00 9.999930405720739435e-01 3.163748735367829645e-05
4.220288062300855181e+00 9.999933503731160966e-01 3.033138478451360658e-05
4.230287997300030689e+00 9.999936473698106676e-01 2.907630142240612948e-05
4.240287935207245340e+00 9.999939320629661621e-01 2.787037120943138040e-05
4.250287875901891610e+00 9.999942049350467599e-01 2.671179101330180473e-05
4.260287819268096854e+00 9.999944664507919301e-01 2.559881871952739263e-05
4.270287765194550111e+00 9.999947170578173949e-01 2.452977137319672043e-05
4.280287713574332464e+00 9.999949571871976639e-01 2.350302336939087995e-05
4.290287664304757165e+00 9.999951872540303599e-01 2.251700469125135270e-05
4.300287617287208874e+00 9.999954076579837814e-01 2.157019919473203044e-05
4.310287572426994451e+00 9.999956187838273669e-01 2.066114293907492797e-05
4.320287529633197288e+00 9.999958210019450622e-01 1.978842256205880064e-05
4.330287488818533426e+00 9.999960146688336993e-01 1.895067369907993797e-05
4.340287449899217442e+00 9.999962001275850554e-01 1.814657944513465781e-05
4.350287412794829223e+00 9.999963777083527017e-01 1.737486885878350779e-05
4.360287377428186950e+00 9.999965477288046412e-01 1.663431550718804698e-05
4.370287343725226314e+00 9.999967104945612917e-01 1.592373605132199716e-05
4.380287311614879719e+00 9.999968662996192581e-01 1.524198887046977082e-05
4.390287281028962596e+00 9.999970154267620037e-01 1.458797272513679834e-05
4.400287251902065044e+00 9.999971581479569771e-01 1.396062545750760411e-05
4.410287224171443476e+00 9.999972947247403043e-01 1.335892272859930840e-05
4.420287197776919363e+00 9.999974254085886027e-01 1.278187679127007619e-05
4.430287172660780648e+00 9.999975504412791372e-01 1.222853529825401484e-05
4.440287148767684933e+00 9.999976700552376530e-01 1.169798014440611972e-05
4.450287126044569774e+00 9.999977844738755506e-01 1.118932634235302026e-05
4.460287104440562977e+00 9.999978939119151811e-01 1.070172093075758952e-05
4.470287083906896441e+00 9.999979985757051493e-01 1.023434191441775389e-05
4.480287064396826224e+00 9.999980986635246261e-01 9.786397235432284369e-06
4.490287045865550830e+00 9.999981943658776684e-01 9.357123774678751012e-06
4.500287028270137490e+00 9.999982858657777696e-01 8.945786382861289267e-06
4.510287011569446669e+00 9.999983733390228613e-01 8.551676940398325290e-06
4.520286995724061008e+00 9.999984569544611013e-01 8.174113445432879338e-06
4.530286980696218713e+00 9.999985368742473346e-01 7.812439129260576880e-06
4.540286966449747830e+00 9.999986132540915618e-01 7.466021598482973065e-06
4.550286952950001407e+00 9.999986862434979695e-01 7.134252003206242453e-06
4.560286940163797098e+00 9.999987559859968567e-01 6.816544230617732251e-06
4.570286928059359433e+00 9.999988226193675667e-01 6.512334123285253277e-06
4.580286916606262970e+00 9.999988862758546482e-01 6.221078721536329223e-06
4.590286905775378123e+00 9.999989470823759108e-01 5.942255529286911011e-06
4.600286895538817866e+00 9.999990051607235975e-01 5.675361802701273021e-06
4.610286885869889772e+00 9.999990606277583405e-01 5.419913861076974723e-06
4.620286876743044502e+00 9.999991135955964561e-01 5.175446419360824566e-06
4.630286868133831391e+00 9.999991641717907997e-01 4.941511941713782855e-06
4.640286860018853154e+00 9.999992124595048493e-01 4.717680015554626782e-06
4.650286852375724145e+00 9.999992585576812365e-01 4.503536745524002477e-06
4.660286845183025939e+00 9.999993025612036179e-01 4.298684166822183092e-06
4.670286838420270037e+00 9.999993445610532161e-01 4.102739677385445257e-06
4.680286832067859670e+00 9.999993846444600321e-01 3.915335488377434073e-06
4.690286826107050722e+00 9.999994228950477293e-01 3.736118092483269235e-06
4.700286820519918862e+00 9.999994593929742992e-01 3.564747749505355773e-06
4.710286815289324913e+00 9.999994942150670640e-01 3.400897988770988262e-06
4.720286810398880206e+00 9.999995274349529062e-01 3.244255127872811091e-06
4.730286805832919050e+00 9.999995591231840564e-01 3.094517807274045742e-06
4.740286801576464981e+00 9.999995893473587749e-01 2.951396540321108463e-06
4.750286797615203227e+00 9.999996181722379252e-01 2.814613278216809314e-06
4.760286793935453176e+00 9.999996456598574390e-01 2.683900989517758980e-06
4.770286790524141729e+00 9.999996718696362308e-01 2.559003253729893611e-06
4.780286787368776658e+00 9.999996968584804469e-01 2.439673868586168594e-06
4.790286784457423508e+00 9.999997206808837191e-01 2.325676470600459973e-06
4.800286781778680734e+00 9.999997433890237541e-01 2.216784168501561514e-06
4.810286779321656603e+00 9.999997650328552590e-01 2.112779189160849988e-06
4.820286777075949658e+00 9.999997856601992030e-01 2.013452535636727959e-06
4.830286775031625623e+00 9.999998053168291934e-01 1.918603656968345286e-06
4.840286773179196977e+00 9.999998240465541866e-01 1.828040129360318599e-06
4.850286771509606965e+00 9.999998418912984244e-01 1.741577348409251774e-06
4.860286770014207391e+00 9.999998588911777064e-01 1.659038232031770833e-06
4.870286768684742640e+00 9.999998750845735529e-01 1.580252933762553670e-06
4.880286767513333679e+00 9.999998905082039258e-01 1.505058566099436842e-06
4.890286766492458526e+00 9.999999051971918407e-01 1.433298933581130191e-06
4.900286765614940698e+00 9.999999191851305369e-01 1.364824275291364416e-06
4.910286764873931453e+00 9.999999325041467602e-01 1.299491016491429277e-06
4.920286764262896462e+00 9.999999451849616028e-01 1.237161529091042578e-06
4.930286763775601599e+00 9.999999572569484574e-01 1.177703900675313670e-06
4.940286763406099624e+00 9.999999687481893051e-01 1.120991711813234050e-06
4.950286763148718627e+00 9.999999796855286727e-01 1.066903821380645908e-06
4.960286762998049603e+00 9.999999900946249243e-01 1.015324159637998677e-06
4.970286762948932235e+00 1.000000000000000444e+00 9.661415288104184972e-07
