9.075882390401325273e-01 0.000000000000000000e+00
9.076095629071806448e-01 4.264768199831868445e-03
9.076735341128698842e-01 8.529440262219903021e-03
9.077801505973104312e-01 1.279376903795262539e-02
9.079294070061044719e-01 1.705734281777475381e-02
9.081212930463045119e-01 2.131958567171849880e-02
9.083557918466331760e-01 2.557975796623616210e-02
9.086328783238678541e-01 2.983695708409674768e-02
9.089525175575405846e-01 3.409011837166488895e-02
9.093146631753483700e-01 3.833801633771156958e-02
9.097192557519080403e-01 4.257926612730535826e-02
9.101662212237205951e-01 4.681232529359265204e-02
9.106554693234345521e-01 5.103549588938967319e-02
9.111868920367117708e-01 5.524692689947160312e-02
9.117603620852022805e-01 5.944461703325080310e-02
9.123757314393249329e-01 6.362641789618307675e-02
9.130328298647263363e-01 6.779003755672567688e-02
9.137314635064511803e-01 7.193304452399257309e-02
9.144714135149986101e-01 7.605287214941132412e-02
9.152524347185636566e-01 8.014682346368438848e-02
9.160742543458630927e-01 8.421207645819855925e-02
9.169365708040276841e-01 8.824568981771557796e-02
9.178390525160968760e-01 9.224460910872149533e-02
9.187813368226837030e-01 9.620567342522097498e-02
9.197630289523824887e-01 1.001256224910465342e-01
9.207837010654672527e-01 1.040011042149242976e-01
9.218428913753784482e-01 1.078286826916112495e-01
9.229401033524121667e-01 1.116048466394116978e-01
9.240748050139141467e-01 1.153260182613093376e-01
9.252464283051389238e-01 1.189885625138371733e-01
9.264543685747580470e-01 1.225887967646707433e-01
9.276979841487968947e-01 1.261230008167942840e-01
9.289765960065423656e-01 1.295874272739779287e-01
9.302894875616946058e-01 1.329783122192421674e-01
9.316359045517395021e-01 1.362918861749992383e-01
9.330150550381894892e-01 1.395243853106764576e-01
9.344261095199851708e-01 1.426720628608703356e-01
9.358682011619674501e-01 1.457312007144791755e-01
9.373404261399216342e-01 1.486981211328425034e-01
9.388418441032652106e-01 1.515691985527041763e-01
9.403714787559974697e-01 1.543408714278366456e-01
9.419283185560598515e-01 1.570096540614410452e-01
9.435113175327690671e-01 1.595721483799934504e-01
9.451193962214862188e-01 1.620250555980626839e-01
9.467514427141751066e-01 1.643651877227966795e-01
9.484063138239885449e-01 1.665894788462794762e-01
9.500828363615004823e-01 1.686949961738124781e-01
9.517798085196853553e-01 1.706789507363808966e-01
9.534960013642290733e-01 1.725387077361373867e-01
9.552301604252504408e-01 1.742717964746735015e-01
9.569810073860145483e-01 1.758759198151551018e-01
9.587472418637391636e-01 1.773489631310680437e-01
9.605275432771324118e-01 1.786890026963481037e-01
9.623205727948588306e-01 1.798943134740435545e-01
9.641249753587163296e-01 1.809633762633665044e-01
9.659393817749196698e-01 1.818948841680123607e-01
9.677624108665309199e-01 1.826877483519446510e-01
9.695926716797580447e-01 1.833411030524319807e-01
9.714287657365582307e-01 1.838543098239562579e-01
9.732692893257396394e-01 1.842269609906598826e-01
9.751128358245538807e-01 1.844588822892297697e-01
9.769579980426096322e-01 1.845501346884960148e-01
9.788033705798259154e-01 1.845010153765162531e-01
9.806475521900722692e-01 1.843120579104871315e-01
9.824891481421199613e-01 1.839840315294342388e-01
9.843267725695511450e-01 1.835179396342432045e-01
9.861590508013410306e-01 1.829150174441698251e-01
9.879846216649431634e-01 1.821767288434689713e-01
9.898021397538638855e-01 1.813047624361730226e-01
9.916102776519173378e-01 1.803010268312969233e-01
9.934077281065926135e-01 1.791676451848140672e-01
9.951932061442482214e-01 1.779069490286034338e-01
9.969654511201712088e-01 1.765214714201853996e-01
9.987232286968904527e-01 1.750139394504143520e-01
1.000465332744523428e+00 1.733872661493565115e-01
1.002190587157350876e+00 1.716445418333321926e-01
1.003897847581255220e+00 1.697890249385241301e-01
1.005586003047125754e+00 1.678241323886352221e-01
1.007253977505814913e+00 1.657534295458088225e-01
1.008900731260730321e+00 1.635806197953965369e-01
1.010525262294658111e+00 1.613095338161686099e-01
1.012126607487933594e+00 1.589441185882112528e-01
1.013703843725597631e+00 1.564884261910467478e-01
1.015256088891704822e+00 1.539466024444534897e-01
1.016782502749469685e+00 1.513228754440635315e-01
1.018282287706458344e+00 1.486215440430880552e-01
1.019754689464536845e+00 1.458469663304817199e-01
1.021198997554789045e+00 1.430035481545225695e-01
1.022614545758094851e+00 1.400957317391760548e-01
1.024000712412527214e+00 1.371279844387494062e-01
1.025356920609167943e+00 1.341047876742521294e-01
1.026682638278368920e+00 1.310306260925805377e-01
1.027977378168880795e+00 1.279099769871683001e-01
1.029240697722646702e+00 1.247473000161124917e-01
1.030472198848404908e+00 1.215470272510257299e-01
1.031671527597560534e+00 1.183135535870019489e-01
1.032838373746079341e+00 1.150512275411452734e-01
1.033972470286411038e+00 1.117643424641211330e-01
1.035073592833685829e+00 1.084571281861718001e-01
1.036141558950619768e+00 1.051337431160184743e-01
1.037176227395740336e+00 1.017982668080706227e-01
1.038177497299677343e+00 9.845469301040211951e-02
1.039145307274380148e+00 9.510692320305212666e-02
1.040079634460197466e+00 9.175876063338436750e-02
1.040980493515814231e+00 8.841390485250845421e-02
1.041847935556064808e+00 8.507594675414509311e-02
1.042682047042643445e+00 8.174836411481679888e-02
1.043482948632709739e+00 7.843451763187780923e-02
1.044250793990340265e+00 7.513764745367081110e-02
1.044985768565711792e+00 7.186087019402156995e-02
1.045688088346809819e+00 6.860717642136078542e-02
1.046357998588356208e+00 6.537942861100087821e-02
1.046995772522519630e+00 6.218035954749519256e-02
1.047601710055841906e+00 5.901257116257094953e-02
1.048176136456654861e+00 5.587853379285351307e-02
1.048719401037104149e+00 5.278058584048808677e-02
1.049231875833719796e+00 4.972093381881176333e-02
1.049713954290290685e+00 4.670165276443136171e-02
1.050166049946612556e+00 4.372468699641506723e-02
1.050588595136480619e+00 4.079185120280357651e-02
1.050982039698099779e+00 3.790483183428260822e-02
1.051346849699883235e+00 3.506518878462659694e-02
1.051683506184403871e+00 3.227435733741561980e-02
1.051992503933057543e+00 2.953365035853621617e-02
1.052274350253797008e+00 2.684426071409396278e-02
1.052529563794087242e+00 2.420726389358275610e-02
1.052758673381035681e+00 2.162362081846467068e-02
1.052962216890454217e+00 1.909418081670624309e-02
1.053140740146416787e+00 1.661968474428395307e-02
1.053294795852690813e+00 1.420076823520493442e-02
1.053424942557234845e+00 1.183796506218077853e-02
1.053531743650786279e+00 9.531710590734428917e-03
1.053615766400386455e+00 7.282345310205216513e-03
1.053677581018535037e+00 5.090118425837709959e-03
1.053717759768507012e+00 2.955191496889122537e-03
1.053736876106221354e+00 8.776421064611685321e-04
1.053735503858910239e+00 -1.142532450450931686e-03
1.053714216440705842e+00 -3.105411473402800229e-03
1.053673586105140947e+00 -5.011147169347742944e-03
1.053614183234441892e+00 -6.859960982994267598e-03
1.053536575665387831e+00 -8.652139954986433346e-03
1.053441328051408110e+00 -1.038803311743221984e-02
1.053329001260501663e+00 -1.206804793553088208e-02
1.053200151808475482e+00 -1.369264680329208318e-02
1.053055331326925304e+00 -1.526234360060045245e-02
1.052895086065311014e+00 -1.677770031816148977e-02
1.052719956426419134e+00 -1.823932375617078050e-02
1.052530476534447423e+00 -1.964786230187994670e-02
1.052327173834900709e+00 -2.100400279059132583e-02
1.052110568725443285e+00 -2.230846745400009296e-02
1.051881174216816150e+00 -2.356201095921842820e-02
1.051639495622899378e+00 -2.476541754126201922e-02
1.051386030278973038e+00 -2.591949823125508715e-02
1.051121267287209005e+00 -2.702508818211640101e-02
1.050845687288413766e+00 -2.808304409302542909e-02
1.050559762259028362e+00 -2.909424173353468424e-02
1.050263955332387367e+00 -3.005957356779104250e-02
1.049958720643233701e+00 -3.097994647895485967e-02
1.049644503194490319e+00 -3.185627959356053529e-02
1.049321738745290222e+00 -3.268950220524494826e-02
1.048990853719275806e+00 -3.348055179698009032e-02
1.048652265132188122e+00 -3.423037216068241378e-02
1.048306380537778582e+00 -3.493991161283281632e-02
1.047953597991091224e+00 -3.561012130452693297e-02
1.047594306028179378e+00 -3.624195362418410060e-02
1.047228883661340149e+00 -3.683636069097448451e-02
1.046857700388969414e+00 -3.739429293687548950e-02
1.046481116219162733e+00 -3.791669777514049960e-02
1.046099481706208589e+00 -3.840451835285325216e-02
1.045713137999146225e+00 -3.885869238514913504e-02
1.045322416901582896e+00 -3.928015106860922867e-02
1.044927640941992086e+00 -3.966981807127261533e-02
1.044529123453739938e+00 -4.002860859666660526e-02
1.044127168664110927e+00 -4.035742851922194396e-02
1.043722071791634676e+00 -4.065717358841952622e-02
1.043314119151038222e+00 -4.092872869900611443e-02
1.042903588265176928e+00 -4.117296722461755848e-02
1.042490747983323640e+00 -4.139075041215867223e-02
1.042075858605220118e+00 -4.158292683430785119e-02
1.041659172010324763e+00 -4.175033189754142476e-02
1.041240931791713287e+00 -4.189378740310620991e-02
1.040821373394113847e+00 -4.201410115840870790e-02
1.040400724255589271e+00 -4.211206663633459274e-02
1.039979203952393627e+00 -4.218846268006214151e-02
1.039557024346565939e+00 -4.224405325098763014e-02
1.039134389735836494e+00 -4.227958721743832471e-02
1.038711497005452955e+00 -4.229579818190967039e-02
1.038288535781550337e+00 -4.229340434462657700e-02
1.037865688585712487e+00 -4.227310840129411967e-02
1.037443130990393536e+00 -4.223559747296996847e-02
1.037021031774889357e+00 -4.218154306605911147e-02
1.036599553081565261e+00 -4.211160106050054058e-02
1.036178850572069488e+00 -4.202641172428513844e-02
1.035759073583277123e+00 -4.192659975251375459e-02
1.035340365282727992e+00 -4.181277432927427845e-02
1.034922862823338230e+00 -4.168552921068580108e-02
1.034506697497183048e+00 -4.154544282752681283e-02
1.034091994888160615e+00 -4.139307840593251658e-02
1.033678875023365418e+00 -4.122898410471335928e-02
1.033267452523010776e+00 -4.105369316791302597e-02
1.032857836748755309e+00 -4.086772409128883871e-02
1.032450131950299888e+00 -4.067158080146105609e-02
1.032044437410134963e+00 -4.046575284653944338e-02
1.031640847586329235e+00 -4.025071559709597624e-02
1.031239452253260858e+00 -4.002693045641132069e-02
1.030840336640204358e+00 -3.979484507897990131e-02
1.030443581567695333e+00 -3.955489359631374213e-02
1.030049263581604091e+00 -3.930749684913888847e-02
1.029657455084859174e+00 -3.905306262513012772e-02
1.029268224466769022e+00 -3.879198590137966640e-02
1.028881636229898699e+00 -3.852464909084378497e-02
1.028497751114465064e+00 -3.825142229205782951e-02
1.028116626220221486e+00 -3.797266354145447526e-02
1.027738315125808599e+00 -3.768871906766315533e-02
1.027362868005554652e+00 -3.739992354720948764e-02
1.026990331743714568e+00 -3.710660036107284176e-02
1.026620750046140618e+00 -3.680906185159782407e-02
1.026254163549384701e+00 -3.650760957929136130e-02
1.025890609927234909e+00 -3.620253457907121608e-02
1.025530123994693676e+00 -3.589411761556447061e-02
1.025172737809409984e+00 -3.558262943708556669e-02
1.024818480770579132e+00 -3.526833102795295244e-02
1.024467379715328974e+00 -3.495147385883146801e-02
1.024119459012614808e+00 -3.463230013481414377e-02
1.023774740654644022e+00 -3.431104304098232111e-02
1.023433244345860693e+00 -3.398792698520677891e-02
1.023094987589515892e+00 -3.366316783797507206e-02
1.022759985771854785e+00 -3.333697316905163271e-02
1.022428252243955393e+00 -3.300954248079712022e-02
1.022099798401249648e+00 -3.268106743799249758e-02
1.021774633760766049e+00 -3.235173209403101324e-02
1.021452766036127446e+00 -3.202171311335792747e-02
1.021134201210344372e+00 -3.169117999005362923e-02
1.020818943606442986e+00 -3.136029526247029880e-02
1.020506995955964724e+00 -3.102921472384605889e-02
1.020198359465382287e+00 -3.069808762883350153e-02
1.019893033880469702e+00 -3.036705689589126733e-02
1.019591017548669987e+00 -3.003625930549869497e-02
1.019292307479500614e+00 -2.970582569416380450e-02
1.018996899403041834e+00 -2.937588114420463734e-02
1.018704787826546720e+00 -2.904654516929281935e-02
1.018415966089217362e+00 -2.871793189575657518e-02
1.018130426415190248e+00 -2.839015023964800571e-02
1.017848159964770405e+00 -2.806330407958651518e-02
1.017569156883959547e+00 -2.773749242539675849e-02
1.017293406352318241e+00 -2.741280958256542277e-02
1.017020896629204030e+00 -2.708934531254656927e-02
1.016751615098427930e+00 -2.676718498895029261e-02
1.016485548311368392e+00 -2.644640974965390204e-02
1.016222682028585123e+00 -2.612709664487896516e-02
1.015963001259971854e+00 -2.580931878128125967e-02
1.015706490303488252e+00 -2.549314546210395063e-02
1.015453132782508927e+00 -2.517864232344736025e-02
1.015202911681829745e+00 -2.486587146671129234e-02
1.014955809382368734e+00 -2.455489158726822940e-02
1.014711807694597789e+00 -2.424575809942779853e-02
1.014470887890744466e+00 -2.393852325775464029e-02
1.014233030735796959e+00 -2.363323627480342151e-02
1.013998216517350670e+00 -2.332994343533597095e-02
1.013766425074329458e+00 -2.302868820708665193e-02
1.013537635824616423e+00 -2.272951134814297364e-02
1.013311827791626873e+00 -2.243245101100911978e-02
1.013088979629857445e+00 -2.213754284342063505e-02
1.012869069649443565e+00 -2.184482008597886382e-02
1.012652075839754806e+00 -2.155431366667397847e-02
1.012437975892061637e+00 -2.126605229236552125e-02
1.012226747221301570e+00 -2.098006253728932832e-02
1.012018366986975115e+00 -2.069636892865962113e-02
1.011812812113199511e+00 -2.041499402943472083e-02
1.011610059307949561e+00 -2.013595851831455341e-02
1.011410085081510868e+00 -1.985928126703767269e-02
1.011212865764174573e+00 -1.958497941504501114e-02
1.011018377523197120e+00 -1.931306844157697905e-02
1.010826596379052811e+00 -1.904356223526991465e-02
1.010637498221001795e+00 -1.877647316131717675e-02
1.010451058821998371e+00 -1.851181212625939085e-02
1.010267253852963787e+00 -1.824958864046762400e-02
1.010086058896443983e+00 -1.798981087838236181e-02
1.009907449459677586e+00 -1.773248573657032132e-02
1.009731400987093242e+00 -1.747761888966023816e-02
1.009557888872257392e+00 -1.722521484421778160e-02
1.009386888469294252e+00 -1.697527699061887607e-02
1.009218375103796639e+00 -1.672780765297967112e-02
1.009052324083246077e+00 -1.648280813720041926e-02
1.008888710706963066e+00 -1.624027877717954330e-02
1.008727510275603478e+00 -1.600021897925316128e-02
1.008568698100218874e+00 -1.576262726491426888e-02
1.008412249510898029e+00 -1.552750131186479525e-02
1.008258139865007008e+00 -1.529483799345271629e-02
1.008106344555041778e+00 -1.506463341654533383e-02
1.007956839016109551e+00 -1.483688295788884552e-02
1.007809598733055090e+00 -1.461158129900325814e-02
1.007664599247243720e+00 -1.438872245966069108e-02
1.007521816163017725e+00 -1.416829982999407052e-02
1.007381225153837212e+00 -1.395030620128220877e-02
1.007242801968120327e+00 -1.373473379545623110e-02
1.007106522434794593e+00 -1.352157429337131483e-02
1.006972362468570692e+00 -1.331081886188669600e-02
1.006840298074952456e+00 -1.310245817979589777e-02
1.006710305354992174e+00 -1.289648246264816535e-02
1.006582360509803431e+00 -1.269288148650108902e-02
1.006456439844841677e+00 -1.249164461064345387e-02
1.006332519773962098e+00 -1.229276079932637225e-02
1.006210576823265868e+00 -1.209621864253982403e-02
1.006090587634742572e+00 -1.190200637587077170e-02
1.005972528969718116e+00 -1.171011189947811226e-02
1.005856377712118332e+00 -1.152052279621878367e-02
1.005742110871554518e+00 -1.133322634895844901e-02
1.005629705586240208e+00 -1.114820955709927910e-02
1.005519139125746086e+00 -1.096545915235648018e-02
1.005410388893600793e+00 -1.078496161381430930e-02
1.005303432429745847e+00 -1.060670318229149645e-02
1.005198247412847801e+00 -1.043066987404507595e-02
1.005094811662479160e+00 -1.025684749384087394e-02
1.004993103141170074e+00 -1.008522164741797005e-02
1.004893099956338354e+00 -9.915777753373711256e-03
1.004794780362104456e+00 -9.748501054494986343e-03
1.004698122760994572e+00 -9.583376628560716717e-03
1.004603105705539123e+00 -9.420389398639702344e-03
1.004509707899770232e+00 -9.259524142907184230e-03
1.004417908200623710e+00 -9.100765504002747766e-03
1.004327685619249122e+00 -8.944097997951403617e-03
1.004239019322233473e+00 -8.789506022668968147e-03
1.004151888632740963e+00 -8.636973866072109041e-03
1.004066273031574363e+00 -8.486485713812740028e-03
1.003982152158160446e+00 -8.338025656655685333e-03
1.003899505811463033e+00 -8.191577697517909984e-03
1.003818313950828101e+00 -8.047125758186855771e-03
1.003738556696762707e+00 -7.904653685734820689e-03
1.003660214331650868e+00 -7.764145258645593732e-03
1.003583267300410142e+00 -7.625584192668978349e-03
1.003507696211091149e+00 -7.488954146418141423e-03
1.003433481835421359e+00 -7.354238726724146927e-03
1.003360605109297587e+00 -7.221421493761408933e-03
1.003289047133227418e+00 -7.090485965957196712e-03
1.003218789172723557e+00 -6.961415624697754774e-03
1.003149812658650886e+00 -6.834193918843023061e-03
1.003082099187530218e+00 -6.708804269061389991e-03
1.003015630521799206e+00 -6.585230071995362873e-03
1.002950388590032604e+00 -6.463454704268518924e-03
1.002886355487122794e+00 -6.343461526343574519e-03
1.002823513474422779e+00 -6.225233886240915879e-03
1.002761844979852546e+00 -6.108755123126440034e-03
1.002701332597970341e+00 -5.994008570777084773e-03
1.002641959090009305e+00 -5.880977560931960509e-03
1.002583707383881917e+00 -5.769645426536550332e-03
1.002526560574152237e+00 -5.659995504887015139e-03
1.002470501921976842e+00 -5.552011140681212265e-03
1.002415514855015566e+00 -5.445675688982641420e-03
1.002361582967314035e+00 -5.340972518103129230e-03
1.002308690019156900e+00 -5.237885012409690746e-03
1.002256819936893084e+00 -5.136396575060637668e-03
1.002205956812735055e+00 -5.036490630675659504e-03
1.002156084904531008e+00 -4.938150627944250075e-03
1.002107188635510848e+00 -4.841360042176551595e-03
1.002059252594008187e+00 -4.746102377800351206e-03
1.002012261533156368e+00 -4.652361170807685527e-03
1.001966200370561166e+00 -4.560119991154216491e-03
1.001921054187949078e+00 -4.469362445114271123e-03
1.001876808230792504e+00 -4.380072177594170751e-03
1.001833447907912067e+00 -4.292232874406247053e-03
1.001790958791056729e+00 -4.205828264505682978e-03
1.001749326614460589e+00 -4.120842122192112759e-03
1.001708537274379474e+00 -4.037258269277689722e-03
1.001668576828604218e+00 -3.955060577223147578e-03
1.001629431495953959e+00 -3.874232969243170555e-03
1.001591087655748558e+00 -3.794759422382232902e-03
1.001553531847259704e+00 -3.716623969561880497e-03
1.001516750769141817e+00 -3.639810701600287683e-03
1.001480731278843628e+00 -3.564303769204765424e-03
1.001445460391998887e+00 -3.490087384937765914e-03
1.001410925281798647e+00 -3.417145825156799998e-03
1.001377113278343112e+00 -3.345463431928563571e-03
1.001344011867975503e+00 -3.275024614917466416e-03
1.001311608692596833e+00 -3.205813853248650185e-03
1.001279891548961576e+00 -3.137815697345497715e-03
1.001248848387956247e+00 -3.071014770741542152e-03
1.001218467313858662e+00 -3.005395771866620214e-03
1.001188736583580763e+00 -2.940943475807035381e-03
1.001159644605893018e+00 -2.877642736039441769e-03
1.001131179940632165e+00 -2.815478486138099559e-03
1.001103331297891641e+00 -2.754435741455108638e-03
1.001076087537195347e+00 -2.694499600773186346e-03
1.001049437666655662e+00 -2.635655247930510526e-03
1.001023370842114790e+00 -2.577887953417128727e-03
1.000997876366269912e+00 -2.521183075942404466e-03
1.000972943687783667e+00 -2.465526063972949336e-03
1.000948562400379105e+00 -2.410902457240479344e-03
1.000924722241919529e+00 -2.357297888219018686e-03
1.000901413093473247e+00 -2.304698083570867664e-03
1.000878624978365661e+00 -2.253088865560752291e-03
1.000856348061215595e+00 -2.202456153437569279e-03
1.000834572646958520e+00 -2.152785964783150013e-03
1.000813289179857346e+00 -2.104064416827466314e-03
1.000792488242499001e+00 -2.056277727729722855e-03
1.000772160554778578e+00 -2.009412217824782868e-03
1.000752296972872379e+00 -1.963454310834398045e-03
1.000732888488197414e+00 -1.918390535042728291e-03
1.000713926226360462e+00 -1.874207524435657140e-03
1.000695401446094923e+00 -1.830892019803433178e-03
1.000677305538188344e+00 -1.788430869806190105e-03
1.000659630024397506e+00 -1.746811032001923487e-03
1.000642366556355300e+00 -1.706019573836532570e-03
1.000625506914466722e+00 -1.666043673595558536e-03
1.000609043006795762e+00 -1.626870621317286344e-03
1.000592966867943634e+00 -1.588487819666902683e-03
1.000577270657918350e+00 -1.550882784771437026e-03
1.000561946660995849e+00 -1.514043147015242284e-03
1.000546987284574030e+00 -1.477956651795807102e-03
1.000532385058018559e+00 -1.442611160239720258e-03
1.000518132631502466e+00 -1.407994649878645992e-03
1.000504222774838858e+00 -1.374095215285199480e-03
1.000490648376306968e+00 -1.340901068668643717e-03
1.000477402441473984e+00 -1.308400540430367919e-03
1.000464478092009557e+00 -1.276582079679134231e-03
1.000451868564496971e+00 -1.245434254706118083e-03
1.000439567209238767e+00 -1.214945753419797514e-03
1.000427567489058367e+00 -1.185105383740781221e-03
1.000415862978099035e+00 -1.155902073956695687e-03
1.000404447360617510e+00 -1.127324873037283386e-03
1.000393314429776304e+00 -1.099362950909898995e-03
1.000382458086433113e+00 -1.072005598695614575e-03
1.000371872337927570e+00 -1.045242228906180949e-03
1.000361551296866214e+00 -1.019062375602118034e-03
1.000351489179907016e+00 -9.934556945122370759e-04
1.000341680306542136e+00 -9.684119631149248029e-04
1.000332119097879557e+00 -9.439210806815472900e-04
1.000322800075425844e+00 -9.199730682823558259e-04
1.000313717859868001e+00 -8.965580687553055842e-04
1.000304867169856005e+00 -8.736663466382185023e-04
1.000296242820786219e+00 -8.512882880647482282e-04
1.000287839723586591e+00 -8.294144006246266781e-04
1.000279652883502290e+00 -8.080353131886925614e-04
1.000271677398884451e+00 -7.871417756992246792e-04
1.000263908459980255e+00 -7.667246589261211180e-04
1.000256341347726119e+00 -7.467749541894849828e-04
1.000248971432544209e+00 -7.272837730491956299e-04
1.000241794173140963e+00 -7.082423469620595467e-04
1.000234805115310266e+00 -6.896420269071535563e-04
1.000227999890740627e+00 -6.714742829799847431e-04
1.000221374215825465e+00 -6.537307039561088360e-04
1.000214923890478946e+00 -6.364029968248595230e-04
1.000208644796956703e+00 -6.194829862938534219e-04
1.000202532898680552e+00 -6.029626142649478987e-04
1.000196584239069875e+00 -5.868339392823376018e-04
1.000190794940377437e+00 -5.710891359534855504e-04
1.000185161202532536e+00 -5.557204943435929689e-04
1.000179679301988811e+00 -5.407204193443189942e-04
1.000174345590579827e+00 -5.260814300174686481e-04
1.000169156494380207e+00 -5.117961589143722387e-04
1.000164108512574757e+00 -4.978573513716850986e-04
1.000159198216334033e+00 -4.842578647843398770e-04
1.000154422247697461e+00 -4.709906678563864201e-04
1.000149777318463995e+00 -4.580488398304579604e-04
1.000145260209090781e+00 -4.454255696966023369e-04
1.000140867767599584e+00 -4.331141553812190817e-04
1.000136596908491882e+00 -4.211080029168414720e-04
1.000132444611671723e+00 -4.094006255935044936e-04
1.000128407921377693e+00 -3.979856430924357002e-04
1.000124483945123099e+00 -3.868567806028057397e-04
1.000120669852645694e+00 -3.760078679222714671e-04
1.000116962874865845e+00 -3.654328385420418544e-04
1.000113360302854471e+00 -3.551257287171926259e-04
1.000109859486810304e+00 -3.450806765229508287e-04
1.000106457835045815e+00 -3.352919208976657263e-04
1.000103152812984009e+00 -3.257538006731767631e-04
1.000099941942164339e+00 -3.164607535932825733e-04
1.000096822799257934e+00 -3.074073153210085544e-04
1.000093793015094379e+00 -2.985881184353640226e-04
1.000090850273696930e+00 -2.899978914182707503e-04
1.000087992311328611e+00 -2.816314576323383431e-04
1.000085216915548969e+00 -2.734837342901519407e-04
1.000082521924280154e+00 -2.655497314157295925e-04
1.000079905224884769e+00 -2.578245507987972818e-04
1.000077364753252818e+00 -2.503033849425197600e-04
1.000074898492899989e+00 -2.429815160053154044e-04
1.000072504474077029e+00 -2.358543147373733388e-04
1.000070180772888229e+00 -2.289172394124797810e-04
1.000067925510422118e+00 -2.221658347557509843e-04
1.000065736851892151e+00 -2.155957308678576744e-04
1.000063613005788499e+00 -2.092026421463154446e-04
1.000061552223040495e+00 -2.029823662044040564e-04
1.000059552796189299e+00 -1.969307827882663359e-04
1.000057613058572992e+00 -1.910438526927261949e-04
1.000055731383520774e+00 -1.853176166763528061e-04
1.000053906183558716e+00 -1.797481943762857385e-04
1.000052135909627049e+00 -1.743317832233242043e-04
1.000050419050307227e+00 -1.690646573577704234e-04
1.000048754131059869e+00 -1.639431665465052371e-04
1.000047139713474698e+00 -1.589637351017611218e-04
1.000045574394529790e+00 -1.541228608020457722e-04
1.000044056805862835e+00 -1.494171138156559248e-04
1.000042585613052148e+00 -1.448431356272094099e-04
1.000041159514909239e+00 -1.403976379676100865e-04
1.000039777242781591e+00 -1.360774017478478713e-04
1.000038437559865878e+00 -1.318792759970236048e-04
1.000037139260532504e+00 -1.278001768049755161e-04
1.000035881169659913e+00 -1.238370862698720109e-04
1.000034662141979780e+00 -1.199870514511223763e-04
1.000033481061433083e+00 -1.162471833279450151e-04
1.000032336840535496e+00 -1.126146557639203953e-04
1.000031228419753893e+00 -1.090867044778432403e-04
1.000030154766893054e+00 -1.056606260211769287e-04
1.000029114876492375e+00 -1.023337767624002751e-04
1.000028107769232344e+00 -9.910357187852535945e-05
1.000027132491352111e+00 -9.596748435405324151e-05
1.000026188114076175e+00 -9.292304398762219733e-05
1.000025273733050835e+00 -8.996783640659213998e-05
1.000024388467791070e+00 -8.709950208979695848e-05
1.000023531461137205e+00 -8.431573539868547802e-05
1.000022701878720000e+00 -8.161428361706048228e-05
1.000021898908437068e+00 -7.899294599961435577e-05
1.000021121759937515e+00 -7.644957282944899466e-05
1.000020369664116338e+00 -7.398206448475709042e-05
1.000019641872618159e+00 -7.158837051483136040e-05
1.000018937657350060e+00 -6.926648872555816214e-05
1.000018256310003517e+00 -6.701446427454161485e-05
1.000017597141585224e+00 -6.483038877599463419e-05
1.000016959481957679e+00 -6.271239941552365059e-05
1.000016342679386661e+00 -6.065867807492392899e-05
1.000015746100099800e+00 -5.866745046709357796e-05
1.000015169127851600e+00 -5.673698528116481585e-05
1.000014611163498657e+00 -5.486559333794242853e-05
1.000014071624582002e+00 -5.305162675573048308e-05
1.000013549944918534e+00 -5.129347812662000684e-05
1.000013045574200010e+00 -4.958957970330200632e-05
1.000012557977600913e+00 -4.793840259646203495e-05
1.000012086635393649e+00 -4.633845598280481433e-05
1.000011631042571736e+00 -4.478828632374968165e-05
1.000011190708480768e+00 -4.328647659483012119e-05
1.000010765156457371e+00 -4.183164552582352284e-05
1.000010353923475037e+00 -4.042244685163022224e-05
1.000009956559797963e+00 -3.905756857391404051e-05
1.000009572628642429e+00 -3.773573223350994068e-05
1.000009201705844175e+00 -3.645569219359807615e-05
1.000008843379534218e+00 -3.521623493363715642e-05
1.000008497249821104e+00 -3.401617835404424195e-05
1.000008162928480271e+00 -3.285437109160214335e-05
1.000007840038649842e+00 -3.172969184557005785e-05
1.000007528214533314e+00 -3.064104871446772873e-05
1.000007227101109120e+00 -2.958737854349806430e-05
1.000006936353845965e+00 -2.856764628256840214e-05
1.000006655638425279e+00 -2.758084435486549574e-05
1.000006384630469647e+00 -2.662599203593491909e-05
1.000006123015276804e+00 -2.570213484321104189e-05
1.000005870487560955e+00 -2.480834393593947214e-05
1.000005626751198751e+00 -2.394371552542985849e-05
1.000005391518981934e+00 -2.310737029557300378e-05
1.000005164512375311e+00 -2.229845283355255553e-05
1.000004945461280936e+00 -2.151613107067799818e-05
1.000004734103806969e+00 -2.075959573326231755e-05
1.000004530186042517e+00 -2.002805980346448293e-05
1.000004333461838035e+00 -1.932075799001389306e-05
1.000004143692589942e+00 -1.863694620873103616e-05
1.000003960647032120e+00 -1.797590107275591316e-05
1.000003784101030524e+00 -1.733691939239319187e-05
1.000003613837384453e+00 -1.671931768448071189e-05
1.000003449645631148e+00 -1.612243169118559156e-05
1.000003291321856391e+00 -1.554561590813020630e-05
1.000003138668509317e+00 -1.498824312174823244e-05
1.000002991494221449e+00 -1.444970395576914145e-05
1.000002849613630840e+00 -1.392940642672786918e-05
1.000002712847210207e+00 -1.342677550839475337e-05
1.000002581021099290e+00 -1.294125270501943003e-05
1.000002453966942317e+00 -1.247229563328105118e-05
1.000002331521728349e+00 -1.201937761283598188e-05
1.000002213527636297e+00 -1.158198726535306037e-05
1.000002099831884150e+00 -1.115962812192555174e-05
1.000001990286581321e+00 -1.075181823874803555e-05
1.000001884748585868e+00 -1.035808982094575708e-05
1.000001783079364603e+00 -9.977988854443303613e-06
1.000001685144856989e+00 -9.611074745758946129e-06
1.000001590815343011e+00 -9.256919969610500013e-06
1.000001499965313512e+00 -8.915109724218267374e-06
1.000001412473345619e+00 -8.585241594190301501e-06
1.000001328221979735e+00 -8.266925220875098539e-06
1.000001247097601187e+00 -7.959781980066729963e-06
1.000001168990324096e+00 -7.663444666947398943e-06
1.000001093793878804e+00 -7.377557188152506183e-06
1.000001021405502177e+00 -7.101774260843436167e-06
1.000000951725831255e+00 -6.835761118673507699e-06
1.000000884658799105e+00 -6.579193224532808740e-06
1.000000820111534461e+00 -6.331755989958006548e-06
1.000000757994263356e+00 -6.093144501093629871e-06
1.000000698220213424e+00 -5.863063251091814586e-06
1.000000640705521748e+00 -5.641225878838035280e-06
1.000000585369144046e+00 -5.427354913890940745e-06
1.000000532132767628e+00 -5.221181527525066081e-06
1.000000480920725687e+00 -5.022445289765886173e-06
1.000000431659914923e+00 -4.830893932307430818e-06
1.000000384279714494e+00 -4.646283117203461069e-06
1.000000338711908743e+00 -4.468376211224066962e-06
1.000000294890610375e+00 -4.296944065770392947e-06
1.000000252752186958e+00 -4.131764802241140953e-06
1.000000212235189645e+00 -3.972623602745439548e-06
1.000000173280283455e+00 -3.819312506057650178e-06
1.000000135830179104e+00 -3.671630208710715723e-06
1.000000099829568168e+00 -3.529381871125692940e-06
1.000000065225059132e+00 -3.392378928676188648e-06
1.000000031965115221e+00 -3.260438907587526560e-06
9.999999999999950040e-01 -3.133385245571598676e-06
