9.043955441564508480e-01 0.000000000000000000e+00
9.044007265684432806e-01 1.036482216715746071e-03
9.044162737906223937e-01 2.072961078898831813e-03
9.044421857511065754e-01 3.109427961001365835e-03
9.044784622630120952e-01 4.145868488413195774e-03
9.045251029669721943e-01 5.182262539567715140e-03
9.045821072736822677e-01 6.218584249101403658e-03
9.046494743064827926e-01 7.254802012193723761e-03
9.047272028439916625e-01 8.290878490213678467e-03
9.048152912628002476e-01 9.326770617798947269e-03
9.049137374802478373e-01 1.036242961149297717e-02
9.050225388972911178e-01 1.139780098006477199e-02
9.051416923414852267e-01 1.243282453663533023e-02
9.052711940100960364e-01 1.346743441273378673e-02
9.054110394133629836e-01 1.450155907440525520e-02
9.055612233179337611e-01 1.553512134049116027e-02
9.057217396904931883e-01 1.656803840320150364e-02
9.058925816416096843e-01 1.760022185109701848e-02
9.060737413698243259e-01 1.863157769459743152e-02
9.062652101060078014e-01 1.966200639413029708e-02
9.064669780580126845e-01 2.069140289103277297e-02
9.066790343556490051e-01 2.171965664131657314e-02
9.069013669960118706e-01 2.274665165240390488e-02
9.071339627891924495e-01 2.377226652293970566e-02
9.073768073044021776e-01 2.479637448578267400e-02
9.076298848165434974e-01 2.581884345427467795e-02
9.078931782532602135e-01 2.683953607188502982e-02
9.081666691425011040e-01 2.785830976532267106e-02
9.084503375606330922e-01 2.887501680120591052e-02
9.087441620811383958e-01 2.988950434637549156e-02
9.090481197239341782e-01 3.090161453193294300e-02
9.093621859053507839e-01 3.191118452108190895e-02
9.096863343888084152e-01 3.291804658084590551e-02
9.100205372362302203e-01 3.392202815773136260e-02
9.103647647602320925e-01 3.492295195739998637e-02
9.107189854771294835e-01 3.592063602840969011e-02
9.110831660608023075e-01 3.691489385007798441e-02
9.114572712974592372e-01 3.790553442451655153e-02
9.118412640413431358e-01 3.889236237288001136e-02
9.122351051714207015e-01 3.987517803586634879e-02
9.126387535490981806e-01 4.085377757850032487e-02
9.130521659770064469e-01 4.182795309922529570e-02
9.134752971588985249e-01 4.279749274332245862e-02
9.139080996607035212e-01 4.376218082067015458e-02
9.143505238727790418e-01 4.472179792784921476e-02
9.148025179734071699e-01 4.567612107459360915e-02
9.152640278935763041e-01 4.662492381457869484e-02
9.157349972830923779e-01 4.756797638053237437e-02
9.162153674780630919e-01 4.850504582364724426e-02
9.167050774697972360e-01 4.943589615726452086e-02
9.172040638751622899e-01 5.036028850479313396e-02
9.177122609084421567e-01 5.127798125181989158e-02
9.182296003547369967e-01 5.218873020235895860e-02
9.187560115449455722e-01 5.309228873918130087e-02
9.192914213323711836e-01 5.398840798815699588e-02
9.198357540709909408e-01 5.487683698653546965e-02
9.203889315954268957e-01 5.575732285508101793e-02
9.209508732026577826e-01 5.662961097397307270e-02
9.215214956355078924e-01 5.749344516237278602e-02
9.221007130679496067e-01 5.834856786154984237e-02
9.226884370922544543e-01 5.919472032145539631e-02
9.232845767080268828e-01 6.003164279061946884e-02
9.238890383131528328e-01 6.085907470924329515e-02
9.245017256966944208e-01 6.167675490534953175e-02
9.251225400337615978e-01 6.248442179384574441e-02
9.257513798823876483e-01 6.328181357834905540e-02
9.263881411824360645e-01 6.406866845561270951e-02
9.270327172565647755e-01 6.484472482238783086e-02
9.276849988132696012e-01 6.560972148454710662e-02
9.283448739520298032e-01 6.636339786828987508e-02
9.290122281705756047e-01 6.710549423324162210e-02
9.296869443742947769e-01 6.783575188725467220e-02
9.303689028877956124e-01 6.855391340271026202e-02
9.310579814686389399e-01 6.925972283411660491e-02
9.317540553232521727e-01 6.995292593679169890e-02
9.324569971250342704e-01 7.063327038641427358e-02
9.331666770346602746e-01 7.130050599922108101e-02
9.338829627225894159e-01 7.195438495262412859e-02
9.346057193937810093e-01 7.259466200601670527e-02
9.353348098146180289e-01 7.322109472153330578e-02
9.360700943420372511e-01 7.383344368452425532e-02
9.368114309548620788e-01 7.443147272350300603e-02
9.375586752873301677e-01 7.501494912932064885e-02
9.383116806648089669e-01 7.558364387331961698e-02
9.390702981416860773e-01 7.613733182421654477e-02
9.398343765414212125e-01 7.667579196346216430e-02
9.406037624987430013e-01 7.719880759882488674e-02
9.413783005039717544e-01 7.770616657594377197e-02
9.421578329494463278e-01 7.819766148759593749e-02
9.429422001780317641e-01 7.867308988042363838e-02
9.437312405336796273e-01 7.913225445886638842e-02
9.445247904140132711e-01 7.957496328604446445e-02
9.453226843249055156e-01 8.000102998134159260e-02
9.461247549370140897e-01 8.041027391443605898e-02
9.469308331442394255e-01 8.080252039553212362e-02
9.477407481240641696e-01 8.117760086154598986e-02
9.485543273997333324e-01 8.153535305800407862e-02
9.493713969042313350e-01 8.187562121641475676e-02
9.501917810460087654e-01 8.219825622687895739e-02
9.510153027764108868e-01 8.250311580570958425e-02
9.518417836587560465e-01 8.279006465783472768e-02
9.526710439390111418e-01 8.305897463376510359e-02
9.535029026180090739e-01 8.330972488091208106e-02
9.543371775251500155e-01 8.354220198904901973e-02
9.551736853935270943e-01 8.375630012971525817e-02
9.560122419364150970e-01 8.395192118936956049e-02
9.568526619250585785e-01 8.412897489610704493e-02
9.576947592676947618e-01 8.428737893976179230e-02
9.585383470897427260e-01 8.442705908522550595e-02
9.593832378150918272e-01 8.454794927882137989e-02
9.602292432484187401e-01 8.464999174758121303e-02
9.610761746584604026e-01 8.473313709128318938e-02
9.619238428621710302e-01 8.479734436711733325e-02
9.627720583096887053e-01 8.484258116685547413e-02
9.636206311700350469e-01 8.486882368641285312e-02
9.644693714174725763e-01 8.487605678769874484e-02
9.653180889184412861e-01 8.486427405266414037e-02
9.661665935189964749e-01 8.483347782946534799e-02
9.670146951326686890e-01 8.478367927067324838e-02
9.678622038286653906e-01 8.471489836346925151e-02
9.687089299203345272e-01 8.462716395177996564e-02
9.695546840538089572e-01 8.452051375031427449e-02
9.703992772967503511e-01 8.439499435047762010e-02
9.712425212271122987e-01 8.425066121815000253e-02
9.720842280218395803e-01 8.408757868332564223e-02
9.729242105454239953e-01 8.390581992162367275e-02
9.737622824382341502e-01 8.370546692769087471e-02
9.745982582045390474e-01 8.348661048052885558e-02
9.754319533001449827e-01 8.324935010078934883e-02
9.762631842195651499e-01 8.299379400009286589e-02
9.770917685826430166e-01 8.272005902243670383e-02
9.779175252205500879e-01 8.242827057776980215e-02
9.787402742610815665e-01 8.211856256782237851e-02
9.795598372131709697e-01 8.179107730428930578e-02
9.803760370505494315e-01 8.144596541947646262e-02
9.811886982944740820e-01 8.108338576952955901e-02
9.819976470954520087e-01 8.070350533037501384e-02
9.828027113138880777e-01 8.030649908651218971e-02
9.836037205995854515e-01 7.989254991280558826e-02
9.844005064700294128e-01 7.946184844943493530e-02
9.851929023873875479e-01 7.901459297016981409e-02
9.859807438341597896e-01 7.855098924414390116e-02
9.867638683874145888e-01 7.807125039131219968e-02
9.875421157915486026e-01 7.757559673178206217e-02
9.883153280295104981e-01 7.706425562921657979e-02
9.890833493924291453e-01 7.653746132851556305e-02
9.898460265475916842e-01 7.599545478798604148e-02
9.906032086047159568e-01 7.543848350622030241e-02
9.913547471804670108e-01 7.486680134390538699e-02
9.921004964611663812e-01 7.428066834079291580e-02
9.928403132636485218e-01 7.368035052806333474e-02
9.935740570942185323e-01 7.306611973632287649e-02
9.943015902056692168e-01 7.243825339947547459e-02
9.950227776523171697e-01 7.179703435471553041e-02
9.957374873430201445e-01 7.114275063889036188e-02
9.964455900921415088e-01 7.047569528148375784e-02
9.971469596684282566e-01 6.979616609447429620e-02
9.978414728417731583e-01 6.910446545932376339e-02
9.985290094278337358e-01 6.840090011135210868e-02
9.992094523304826392e-01 6.768578092175646377e-02
9.998826875820675530e-01 6.695942267753172972e-02
1.000548604381461315e+00 6.622214385955053906e-02
1.001207095129883928e+00 6.547426641905960965e-02
1.001858055464483810e+00 6.471611555284870199e-02
1.002501384289663733e+00 6.394801947734703174e-02
1.003136983806144578e+00 6.317030920190025434e-02
1.003764759537758788e+00 6.238331830147898077e-02
1.004384620355967872e+00 6.158738268906718827e-02
1.004996478502104607e+00 6.078284038797622524e-02
1.005600249607338403e+00 5.997003130432652929e-02
1.006195852710367600e+00 5.914929699993590889e-02
1.006783210272843121e+00 5.832098046584902745e-02
1.007362248192531728e+00 5.748542589673871078e-02
1.007932895814229735e+00 5.664297846640499456e-02
1.008495085938436064e+00 5.579398410459307511e-02
1.009048754827802652e+00 5.493878927534614348e-02
1.009593842211376602e+00 5.407774075710382322e-02
1.010130291286651882e+00 5.321118542475120755e-02
1.010658048719454083e+00 5.233947003381771157e-02
1.011177064641676449e+00 5.146294100701897384e-02
1.011687292646895164e+00 5.058194422332865786e-02
1.012188689783889206e+00 4.969682480976073125e-02
1.012681216548090735e+00 4.880792693603620835e-02
1.013164836870998675e+00 4.791559361230153524e-02
1.013639518107584570e+00 4.702016649005909960e-02
1.014105231021724896e+00 4.612198566646330544e-02
1.014561949769693605e+00 4.522138949212864412e-02
1.015009651881751074e+00 4.431871438258905282e-02
1.015448318241866099e+00 4.341429463354075369e-02
1.015877933065610250e+00 4.250846223999343171e-02
1.016298483876262981e+00 4.160154671944741450e-02
1.016709961479170143e+00 4.069387493920727239e-02
1.017112359934395860e+00 3.978577094793489533e-02
1.017505676527712177e+00 3.887755581153794215e-02
1.017889911739969122e+00 3.796954745348227883e-02
1.018265069214890683e+00 3.706206049960977800e-02
1.018631155725341575e+00 3.615540612753580241e-02
1.018988181138111848e+00 3.524989192069355459e-02
1.019336158377263990e+00 3.434582172708548764e-02
1.019675103386092907e+00 3.344349552279502619e-02
1.020005035087744094e+00 3.254320928030508819e-02
1.020325975344539282e+00 3.164525484166311881e-02
1.020637948916058191e+00 3.074991979652580421e-02
1.020940983416025682e+00 2.985748736511009693e-02
1.021235109268052055e+00 2.896823628607094608e-02
1.021520359660277988e+00 2.808244070931982528e-02
1.021796770498971441e+00 2.720037009379216303e-02
1.022064380361127345e+00 2.632228911016590289e-02
1.022323230446119169e+00 2.544845754852763722e-02
1.022573364526452533e+00 2.457913023097723498e-02
1.022814828897668171e+00 2.371455692915647867e-02
1.023047672327445978e+00 2.285498228668203513e-02
1.023271946003956545e+00 2.200064574645798840e-02
1.023487703483511702e+00 2.115178148283838877e-02
1.023695000637559138e+00 2.030861833860553300e-02
1.023893895599071957e+00 1.947137976672524973e-02
1.024084448708379114e+00 1.864028377683618967e-02
1.024266722458483825e+00 1.781554288642595019e-02
1.024440781439917458e+00 1.699736407664304005e-02
1.024606692285173981e+00 1.618594875268988820e-02
1.024764523612771816e+00 1.538149270873865639e-02
1.024914345970986629e+00 1.458418609730820388e-02
1.025056231781299676e+00 1.379421340303744678e-02
1.025190255281606344e+00 1.301175342078737980e-02
1.025316492469226404e+00 1.223697923800125958e-02
1.025435021043759276e+00 1.147005822124984309e-02
1.025545920349824947e+00 1.071115200688619630e-02
1.025649271319732270e+00 9.960416495732314288e-03
1.025745156416113302e+00 9.218001851717767467e-03
1.025833659574563628e+00 8.484052504388711960e-03
1.025914866146327098e+00 7.758707155203848141e-03
1.025988862841062055e+00 7.042098787532409185e-03
1.026055737669725021e+00 6.334354680267832889e-03
1.026115579887609375e+00 5.635596424969560071e-03
1.026168479937571654e+00 4.945939946444309968e-03
1.026214529393481012e+00 4.265495526677261923e-03
1.026253820903924474e+00 3.594367832022769913e-03
1.026286448136199292e+00 2.932655943563588531e-03
1.026312505720625490e+00 2.280453390547080347e-03
1.026332089195207020e+00 1.637848186806472759e-03
1.026345294950671505e+00 1.004922870074974849e-03
1.026352220175917873e+00 3.817545441004162972e-04
1.026352962803898095e+00 -2.315850765319638982e-04
1.026347621457961212e+00 -8.350296189608711001e-04
1.026336295398682763e+00 -1.428518002086567396e-03
1.026319084471208454e+00 -2.011994384176576858e-03
1.026296089053131189e+00 -2.585408108130947315e-03
1.026267410002928315e+00 -3.148713644498066927e-03
1.026233148608979073e+00 -3.701870532331492589e-03
1.026193406539183783e+00 -4.244843317977616340e-03
1.026148285791205206e+00 -4.777601491883299960e-03
1.026097888643351830e+00 -5.300119423511833079e-03
1.026042317606120413e+00 -5.812376294454736810e-03
1.025981675374416202e+00 -6.314356029826037608e-03
1.025916064780467485e+00 -6.806047228024679832e-03
1.025845588747451131e+00 -7.287443088949736685e-03
1.025770350243841555e+00 -7.758541340752031501e-03
1.025690452238501305e+00 -8.219344165204665875e-03
1.025605997656522606e+00 -8.669858121773824436e-03
1.025517089335835630e+00 -9.110094070470043867e-03
1.025423829984593471e+00 -9.540067093558901243e-03
1.025326322139345381e+00 -9.959796416208871114e-03
1.025224668124009142e+00 -1.036930532615279454e-02
1.025118970009650354e+00 -1.076862109243812392e-02
1.025009329575079065e+00 -1.115777488333979765e-02
1.024895848268271514e+00 -1.153680168350825104e-02
1.024778627168623668e+00 -1.190574021042372851e-02
1.024657766950042515e+00 -1.226463283022669395e-02
1.024533367844883580e+00 -1.261352547299277906e-02
1.024405529608736432e+00 -1.295246754751929255e-02
1.024274351486066159e+00 -1.328151185568896692e-02
1.024139932176711287e+00 -1.360071450647518804e-02
1.024002369803244994e+00 -1.391013482965159503e-02
1.023861761879199195e+00 -1.420983528926749763e-02
1.023718205278154603e+00 -1.449988139694920707e-02
1.023571796203700091e+00 -1.478034162508594547e-02
1.023422630160258251e+00 -1.505128731995764371e-02
1.023270801924781814e+00 -1.531279261486051535e-02
1.023116405519317151e+00 -1.556493434328494289e-02
1.022959534184435970e+00 -1.580779195219883873e-02
1.022800280353533875e+00 -1.604144741548824485e-02
1.022638735627992901e+00 -1.626598514760564315e-02
1.022474990753206470e+00 -1.648149191747502740e-02
1.022309135595464102e+00 -1.668805676270150584e-02
1.022141259119691670e+00 -1.688577090413186446e-02
1.021971449368045404e+00 -1.707472766081118490e-02
1.021799793439352566e+00 -1.725502236537932929e-02
1.021626377469396774e+00 -1.742675227994982395e-02
1.021451286612041764e+00 -1.759001651251234505e-02
1.021274605021188053e+00 -1.774491593389881244e-02
1.021096415833557591e+00 -1.789155309535177957e-02
1.020916801152298659e+00 -1.803003214673260662e-02
1.020735842031406326e+00 -1.816045875540564861e-02
1.020553618460949608e+00 -1.828294002583352729e-02
1.020370209353099744e+00 -1.839758441991725182e-02
1.020185692528950971e+00 -1.850450167811389449e-02
1.020000144706125544e+00 -1.860380274136322343e-02
1.019813641487156142e+00 -1.869559967385364327e-02
1.019626257348635878e+00 -1.878000558665654518e-02
1.019438065631127710e+00 -1.885713456225711002e-02
1.019249138529823462e+00 -1.892710158000843884e-02
1.019059547085944484e+00 -1.899002244253477842e-02
1.018869361178871946e+00 -1.904601370310850944e-02
1.018678649519000556e+00 -1.909519259402450708e-02
1.018487479641301263e+00 -1.913767695599435589e-02
1.018295917899586067e+00 -1.917358516858187756e-02
1.018104029461462945e+00 -1.920303608170037188e-02
1.017911878303970674e+00 -1.922614894819091660e-02
1.017719527209881347e+00 -1.924304335750005521e-02
1.017527037764662134e+00 -1.925383917047421289e-02
1.017334470354081866e+00 -1.925865645528711256e-02
1.017141884162453769e+00 -1.925761542451553260e-02
1.016949337171501044e+00 -1.925083637337774919e-02
1.016756886159834616e+00 -1.923843961914802406e-02
1.016564586703030404e+00 -1.922054544175955115e-02
1.016372493174294345e+00 -1.919727402560733598e-02
1.016180658745704291e+00 -1.916874540256153711e-02
1.015989135390015008e+00 -1.913507939620090123e-02
1.015797973883014516e+00 -1.909639556727496523e-02
1.015607223806420212e+00 -1.905281316040284209e-02
1.015416933551301248e+00 -1.900445105201552937e-02
1.015227150322015603e+00 -1.895142769954774598e-02
1.015037920140648975e+00 -1.889386109188450139e-02
1.014849287851942616e+00 -1.883186870106672711e-02
1.014661297128698347e+00 -1.876556743525943996e-02
1.014473990477646748e+00 -1.869507359298512236e-02
1.014287409245767213e+00 -1.862050281862415863e-02
1.014101593627046771e+00 -1.854197005918337485e-02
1.013916582669664779e+00 -1.845958952233294967e-02
1.013732414283590622e+00 -1.837347463571117889e-02
1.013549125248581984e+00 -1.828373800749579989e-02
1.013366751222572137e+00 -1.819049138823987041e-02
1.013185326750430715e+00 -1.809384563396942286e-02
1.013004885273089073e+00 -1.799391067053941751e-02
1.012825459137014716e+00 -1.789079545924378983e-02
1.012647079604023226e+00 -1.778460796367472424e-02
1.012469776861416593e+00 -1.767545511782555104e-02
1.012293580032433082e+00 -1.756344279543107026e-02
1.012118517186997746e+00 -1.744867578053840157e-02
1.011944615352762034e+00 -1.733125773930082811e-02
1.011771900526418078e+00 -1.721129119298651575e-02
1.011600397685277652e+00 -1.708887749219334048e-02
1.011430130799102933e+00 -1.696411679226049810e-02
1.011261122842177063e+00 -1.683710802986698729e-02
1.011093395805602535e+00 -1.670794890080647827e-02
1.010926970709816741e+00 -1.657673583892756153e-02
1.010761867617311793e+00 -1.644356399622784459e-02
1.010598105645547751e+00 -1.630852722408984018e-02
1.010435702980047479e+00 -1.617171805564607961e-02
1.010274676887663592e+00 -1.603322768926046527e-02
1.010115043730003270e+00 -1.589314597311234159e-02
1.009956818977003179e+00 -1.575156139086938967e-02
1.009800017220641166e+00 -1.560856104843494872e-02
1.009644652188776526e+00 -1.546423066175503860e-02
1.009490736759105500e+00 -1.531865454566989741e-02
1.009338282973224032e+00 -1.517191560379450681e-02
1.009187302050786661e+00 -1.502409531941220969e-02
1.009037804403750682e+00 -1.487527374736517978e-02
1.008889799650697361e+00 -1.472552950692518348e-02
1.008743296631219311e+00 -1.457493977562776544e-02
1.008598303420364273e+00 -1.442358028405268770e-02
1.008454827343127524e+00 -1.427152531153320567e-02
1.008312874988981811e+00 -1.411884768277647459e-02
1.008172452226436366e+00 -1.396561876537716698e-02
1.008033564217617029e+00 -1.381190846820615041e-02
1.007896215432858567e+00 -1.365778524065586544e-02
1.007760409665298562e+00 -1.350331607272386124e-02
1.007626150045468627e+00 -1.334856649591577120e-02
1.007493439055870965e+00 -1.319360058494886863e-02
1.007362278545534284e+00 -1.303848096023717089e-02
1.007232669744541509e+00 -1.288326879113898919e-02
1.007104613278521077e+00 -1.272802379994766517e-02
1.006978109183094494e+00 -1.257280426660617283e-02
1.006853156918273040e+00 -1.241766703412619174e-02
1.006729755382797631e+00 -1.226266751469218264e-02
1.006607902928413401e+00 -1.210785969643096878e-02
1.006487597374073895e+00 -1.195329615082728510e-02
1.006368836020067770e+00 -1.179902804076576016e-02
1.006251615662062004e+00 -1.164510512917977907e-02
1.006135932605055849e+00 -1.149157578828770808e-02
1.006021782677239296e+00 -1.133848700939698272e-02
1.005909161243750960e+00 -1.118588441325660439e-02
1.005798063220329608e+00 -1.103381226093865311e-02
1.005688483086854212e+00 -1.088231346522948798e-02
1.005580414900768105e+00 -1.073142960251141122e-02
1.005473852310381666e+00 -1.058120092511562887e-02
1.005368788568049121e+00 -1.043166637412749204e-02
1.005265216543214768e+00 -1.028286359262510150e-02
1.005163128735325540e+00 -1.013482893933248877e-02
1.005062517286604562e+00 -9.987597502668744270e-03
1.004963373994682607e+00 -9.841203115174610924e-03
1.004865690325082550e+00 -9.695678368298221023e-03
1.004769457423555501e+00 -9.551054627521848514e-03
1.004674666128263283e+00 -9.407362047811710162e-03
1.004581306981805255e+00 -9.264629589373069365e-03
1.004489370243085933e+00 -9.122885033693087231e-03
1.004398845899020287e+00 -8.982154999854077143e-03
1.004309723676075627e+00 -8.842464961100051507e-03
1.004221993051646278e+00 -8.703839261639680080e-03
1.004135643265258837e+00 -8.566301133668997869e-03
1.004050663329606241e+00 -8.429872714597483330e-03
1.003967042041408853e+00 -8.294575064461332317e-03
1.003884767992100135e+00 -8.160428183508067201e-03
1.003803829578336249e+00 -8.027451029936832211e-03
1.003724215012327337e+00 -7.895661537779045253e-03
1.003645912331988743e+00 -7.765076634904317585e-03
1.003568909410912813e+00 -7.635712261136862362e-03
1.003493193968157726e+00 -7.507583386467878497e-03
1.003418753577855149e+00 -7.380704029349708511e-03
1.003345575678632917e+00 -7.255087275057846632e-03
1.003273647582855643e+00 -7.130745294107191691e-03
1.003202956485679476e+00 -7.007689360709225615e-03
1.003133489473923223e+00 -6.885929871257117502e-03
1.003065233534753631e+00 -6.765476362826060297e-03
1.002998175564186134e+00 -6.646337531676448952e-03
1.002932302375400653e+00 -6.528521251747841994e-03
1.002867600706872198e+00 -6.412034593131944217e-03
1.002804057230317403e+00 -6.296883840513180404e-03
1.002741658558456317e+00 -6.183074511565739631e-03
1.002680391252590786e+00 -6.070611375296294972e-03
1.002620241830000092e+00 -5.959498470321917402e-03
1.002561196771152963e+00 -5.849739123073026230e-03
1.002503242526739502e+00 -5.741335965911544513e-03
1.002446365524521266e+00 -5.634290955154733216e-03
1.002390552176002148e+00 -5.528605388995508352e-03
1.002335788882920742e+00 -5.424279925310365388e-03
1.002282062043564181e+00 -5.321314599346340518e-03
1.002229358058907671e+00 -5.219708841278771459e-03
1.002177663338577052e+00 -5.119461493631913621e-03
1.002126964306639056e+00 -5.020570828554802266e-03
1.002077247407219485e+00 -4.923034564945046217e-03
1.002028499109950843e+00 -4.826849885413552615e-03
1.001980705915250569e+00 -4.732013453083487586e-03
1.001933854359433385e+00 -4.638521428217079468e-03
1.001887931019656452e+00 -4.546369484664174003e-03
1.001842922518703327e+00 -4.455552826126743179e-03
1.001798815529603814e+00 -4.366066202233848635e-03
1.001755596780095514e+00 -4.277903924421845062e-03
1.001713253056927488e+00 -4.191059881614903060e-03
1.001671771210007389e+00 -4.105527555701202376e-03
1.001631138156395595e+00 -4.021300036800437919e-03
1.001591340884147030e+00 -3.938370038318548920e-03
1.001552366456004428e+00 -3.856729911785849660e-03
1.001514202012943500e+00 -3.776371661475012072e-03
1.001476834777573321e+00 -3.697286958795611197e-03
1.001440252057394620e+00 -3.619467156462198576e-03
1.001404441247915500e+00 -3.542903302433122407e-03
1.001369389835631729e+00 -3.467586153617562613e-03
1.001335085400868463e+00 -3.393506189348488838e-03
1.001301515620490523e+00 -3.320653624619492646e-03
1.001268668270480333e+00 -3.249018423083666843e-03
1.001236531228386628e+00 -3.178590309812948534e-03
1.001205092475648595e+00 -3.109358783816548125e-03
1.001174340099794335e+00 -3.041313130317317617e-03
1.001144262296518095e+00 -2.974442432785113187e-03
1.001114847371639360e+00 -2.908735584726421762e-03
1.001086083742943833e+00 -2.844181301229715964e-03
1.001057959941911601e+00 -2.780768130266201774e-03
1.001030464615332072e+00 -2.718484463745811461e-03
1.001003586526810984e+00 -2.657318548328484274e-03
1.000977314558169295e+00 -2.597258495990944788e-03
1.000951637710738806e+00 -2.538292294349381827e-03
1.000926545106554766e+00 -2.480407816738579557e-03
1.000902025989449440e+00 -2.423592832048230249e-03
1.000878069726048203e+00 -2.367835014317309049e-03
1.000854665806671484e+00 -2.313121952087546403e-03
1.000831803846143231e+00 -2.259441157517177740e-03
1.000809473584511222e+00 -2.206780075256294018e-03
1.000787664887677675e+00 -2.155126091085254620e-03
1.000766367747946806e+00 -2.104466540317749459e-03
1.000745572284487350e+00 -2.054788715970228517e-03
1.000725268743716256e+00 -2.006079876699535906e-03
1.000705447499603773e+00 -1.958327254510699132e-03
1.000686099053902156e+00 -1.911518062236934427e-03
1.000667214036300434e+00 -1.865639500794039800e-03
1.000648783204509007e+00 -1.820678766211437883e-03
1.000630797444273856e+00 -1.776623056442235178e-03
1.000613247769324365e+00 -1.733459577954747557e-03
1.000596125321255858e+00 -1.691175552108032743e-03
1.000579421369349964e+00 -1.649758221314046600e-03
1.000563127310333700e+00 -1.609194854989120290e-03
1.000547234668081487e+00 -1.569472755297522367e-03
1.000531735093258767e+00 -1.530579262689941425e-03
1.000516620362912779e+00 -1.492501761239783693e-03
1.000501882380010477e+00 -1.455227683780239804e-03
1.000487513172926057e+00 -1.418744516845128973e-03
1.000473504894880072e+00 -1.383039805416576501e-03
1.000459849823331693e+00 -1.348101157482629354e-03
1.000446540359327230e+00 -1.313916248407953104e-03
1.000433569026804470e+00 -1.280472825120791518e-03
1.000420928471857929e+00 -1.247758710119406056e-03
1.000408611461962805e+00 -1.215761805301239853e-03
1.000396610885163184e+00 -1.184470095618077876e-03
1.000384919749223833e+00 -1.153871652560499016e-03
1.000373531180748010e+00 -1.123954637474933660e-03
1.000362438424262868e+00 -1.094707304716656089e-03
1.000351634841274651e+00 -1.066118004642055200e-03
1.000341113909293922e+00 -1.038175186443536079e-03
1.000330869220834140e+00 -1.010867400830408724e-03
1.000320894482383371e+00 -9.841833025591279448e-04
1.000311183513351798e+00 -9.581116528162469037e-04
1.000301730244996579e+00 -9.326413214574415071e-04
1.000292528719323615e+00 -9.077612891059644133e-04
1.000283573087970890e+00 -8.834606491138735206e-04
1.000274857611071377e+00 -8.597286093893726552e-04
1.000266376656099077e+00 -8.365544940935902476e-04
1.000258124696698836e+00 -8.139277452101037914e-04
1.000250096311499970e+00 -7.918379239905046479e-04
1.000242286182917661e+00 -7.702747122792751033e-04
1.000234689095940599e+00 -7.492279137212300676e-04
1.000227299936907510e+00 -7.286874548547520600e-04
1.000220113692272816e+00 -7.086433860940229753e-04
1.000213125447364071e+00 -6.890858826034284733e-04
1.000206330385130071e+00 -6.700052450672829745e-04
1.000199723784882311e+00 -6.513919003579921258e-04
1.000193301021029990e+00 -6.332364021057390255e-04
1.000187057561810589e+00 -6.155294311727449365e-04
1.000180988968015106e+00 -5.982617960351225813e-04
1.000175090891710195e+00 -5.814244330753031396e-04
1.000169359074958297e+00 -5.650084067879807773e-04
1.000163789348536225e+00 -5.490049099024799312e-04
1.000158377630651740e+00 -5.334052634244124168e-04
1.000153119925661249e+00 -5.182009165994490296e-04
1.000148012322788160e+00 -5.033834468019901965e-04
1.000143050994842131e+00 -4.889445593514779500e-04
1.000138232196940757e+00 -4.748760872590476962e-04
1.000133552265234593e+00 -4.611699909071754751e-04
1.000129007615635279e+00 -4.478183576649312557e-04
1.000124594742547224e+00 -4.348134014414038132e-04
1.000120310217605279e+00 -4.221474621798182838e-04
1.000116150688417083e+00 -4.098130052948197868e-04
1.000112112877311388e+00 -3.978026210553518914e-04
1.000108193580092619e+00 -3.861090239155105081e-04
1.000104389664802529e+00 -3.747250517957076573e-04
1.000100698070490068e+00 -3.636436653164319124e-04
1.000097115805987258e+00 -3.528579469868449925e-04
1.000093639948695490e+00 -3.423611003504063808e-04
1.000090267643379160e+00 -3.321464490896699259e-04
1.000086996100969072e+00 -3.222074360923489998e-04
1.000083822597375161e+00 -3.125376224806987067e-04
1.000080744472308769e+00 -3.031306866062163604e-04
1.000077759128116472e+00 -2.939804230116134227e-04
1.000074864028622557e+00 -2.850807413619648747e-04
1.000072056697983713e+00 -2.764256653468945605e-04
1.000069334719554170e+00 -2.680093315556081519e-04
1.000066695734762590e+00 -2.598259883265383258e-04
1.000064137442000511e+00 -2.518699945733202366e-04
1.000061657595522346e+00 -2.441358185887690683e-04
1.000059254004357800e+00 -2.366180368284853740e-04
1.000056924531236291e+00 -2.293113326756688599e-04
1.000054667091524019e+00 -2.222104951886753855e-04
1.000052479652173476e+00 -2.153104178328075482e-04
1.000050360230685609e+00 -2.086060971977851273e-04
1.000048306894085526e+00 -2.020926317022972581e-04
1.000046317757910419e+00 -1.957652202869954660e-04
1.000044390985211029e+00 -1.896191610972434028e-04
1.000042524785565767e+00 -1.836498501568970595e-04
1.000040717414109270e+00 -1.778527800343473802e-04
1.000038967170573168e+00 -1.722235385020161390e-04
1.000037272398341281e+00 -1.667578071904551450e-04
1.000035631483517040e+00 -1.614513602381590013e-04
1.000034042854005767e+00 -1.563000629381623631e-04
1.000032504978609849e+00 -1.512998703824535319e-04
1.000031016366137449e+00 -1.464468261051983544e-04
1.000029575564524542e+00 -1.417370607257310725e-04
1.000028181159971163e+00 -1.371667905922314187e-04
1.000026831776091196e+00 -1.327323164269717719e-04
1.000025526073074822e+00 -1.284300219739821383e-04
1.000024262746865178e+00 -1.242563726499462174e-04
1.000023040528348783e+00 -1.202079141991076606e-04
1.000021858182558621e+00 -1.162812713529320474e-04
1.000020714507890762e+00 -1.124731464952376584e-04
1.000019608335334764e+00 -1.087803183334756671e-04
1.000018538527717160e+00 -1.051996405768093634e-04
1.000017503978957834e+00 -1.017280406216112577e-04
1.000016503613339491e+00 -9.836251824496684262e-05
1.000015536384790904e+00 -9.510014430674471628e-05
1.000014601276181914e+00 -9.193805946076403026e-05
1.000013697298632431e+00 -8.887347287556252007e-05
1.000012823490833425e+00 -8.590366096524102942e-05
1.000011978918380340e+00 -8.302596613083405202e-05
1.000011162673120291e+00 -8.023779551263006469e-05
1.000010373872510350e+00 -7.753661975384008279e-05
1.000009611658988495e+00 -7.491997177598871775e-05
1.000008875199357661e+00 -7.238544556637797509e-05
1.000008163684179996e+00 -6.993069497795111316e-05
1.000007476327185341e+00 -6.755343254186134568e-05
1.000006812364689246e+00 -6.525142829302843245e-05
1.000006171055024540e+00 -6.302250860894492539e-05
1.000005551677983107e+00 -6.086455506197362321e-05
1.000004953534270102e+00 -5.877550328535757486e-05
1.000004375944968604e+00 -5.675334185314495714e-05
1.000003818251015808e+00 -5.479611117421248379e-05
1.000003279812690105e+00 -5.290190240055291028e-05
1.000002760009109481e+00 -5.106885634997488564e-05
1.000002258237739694e+00 -4.929516244334652253e-05
1.000001773913913539e+00 -4.757905765649779407e-05
1.000001306470360785e+00 -4.591882548688125328e-05
1.000000855356747653e+00 -4.431279493507548023e-05
1.000000420039227178e+00 -4.275933950120097118e-05
9.999999999999990008e-01 -4.125687619630440768e-05
