9.047941590605496076e-01 0.000000000000000000e+00
9.048113580309335990e-01 3.439791029969025294e-03
9.048629547108103521e-01 6.879525835177316244e-03
9.049489478954555466e-01 1.031905986614075829e-02
9.050693344531950402e-01 1.375815230217939181e-02
9.052241083634078311e-01 1.719646620691447220e-02
9.054132597564755747e-01 2.063356876382695104e-02
9.056367739565327479e-01 2.406893160250538066e-02
9.058946305279761413e-01 2.750193122609889337e-02
9.061868023267982686e-01 3.093184955033739109e-02
9.065132545579115408e-01 3.435787456428408826e-02
9.068739438397296349e-01 3.777910112274242282e-02
9.072688172773718529e-01 4.119453187994832205e-02
9.076978115459495289e-01 4.460307837383756246e-02
9.081608519854851291e-01 4.800356226978509666e-02
9.086578517091016272e-01 5.139471677226699342e-02
9.091887107262017764e-01 5.477518821239503455e-02
9.097533150824324011e-01 5.814353781871833132e-02
9.103515360183024319e-01 6.149824367807479181e-02
9.109832291483845879e-01 6.483770289260801234e-02
9.116482336630917782e-01 6.816023393834264033e-02
9.123463715550659270e-01 7.146407922993371076e-02
9.130774468722614445e-01 7.474740789537501207e-02
9.138412449998383202e-01 7.800831876356874306e-02
9.146375319730034592e-01 8.124484356672705132e-02
9.154660538229550948e-01 8.445495035859704180e-02
9.163265359580885505e-01 8.763654714847865512e-02
9.172186825826174061e-01 9.078748574994256748e-02
9.181421761547462479e-01 9.390556584205760060e-02
9.190966768865053149e-01 9.698853923980850500e-02
9.200818222873167196e-01 1.000341143692311252e-01
9.210972267533130697e-01 1.030399609416177698e-01
9.221424812043649277e-01 1.060037148199584889e-01
9.232171527707013770e-01 1.089229830695891826e-01
9.243207845309199255e-01 1.117953491838232782e-01
9.254528953030850547e-01 1.146183784741562489e-01
9.266129794905032524e-01 1.173896236134603366e-01
9.278005069836431362e-01 1.201066303194372881e-01
9.290149231195337087e-01 1.227669431644784759e-01
9.302556486998314611e-01 1.253681114970024157e-01
9.315220800685922731e-01 1.279076954583074355e-01
9.328135892506194127e-01 1.303832720780004895e-01
9.341295241510839675e-01 1.327924414301502598e-01
9.354692088169339614e-01 1.351328328314705951e-01
9.368319437604136768e-01 1.374021110620782526e-01
9.382170063448203035e-01 1.395979825886928538e-01
9.396236512324187551e-01 1.417182017695641505e-01
9.410511108942258840e-01 1.437605770199296695e-01
9.424985961811624957e-01 1.457229769164282984e-01
9.439652969558532947e-01 1.476033362186301157e-01
9.454503827841357344e-01 1.493996617856921116e-01
9.469530036851200316e-01 1.511100383661189150e-01
9.484722909384201150e-01 1.527326342386987335e-01
9.500073579469595630e-01 1.542657066829006829e-01
9.515573011535397585e-01 1.557076072573609637e-01
9.531212010091455467e-01 1.570567868655525778e-01
9.546981229907589572e-01 1.583118005883252799e-01
9.562871186662507128e-01 1.594713122637177460e-01
9.578872268037272875e-01 1.605340987952802168e-01
9.594974745225294255e-01 1.614990541710982219e-01
9.611168784829042799e-01 1.623651931767730039e-01
9.627444461112112384e-01 1.631316547867854017e-01
9.643791768573737322e-01 1.637977052199413308e-01
9.660200634811508813e-01 1.643627406459604867e-01
9.676660933636827000e-01 1.648262895317178789e-01
9.693162498406535654e-01 1.651880146171712527e-01
9.709695135533276122e-01 1.654477145125961834e-01
9.726248638136347768e-01 1.656053249103955904e-01
9.742812799794255962e-01 1.656609194064393997e-01
9.759377428359727880e-01 1.656147099276136792e-01
9.775932359797718796e-01 1.654670467640038112e-01
9.792467472006869400e-01 1.652184182058930029e-01
9.808972698584977890e-01 1.648694497875131393e-01
9.825438042499329283e-01 1.644209031412280919e-01
9.841853589623185128e-01 1.638736744675490797e-01
9.858209522100350730e-01 1.632287926280657497e-01
9.874496131500541951e-01 1.624874168700151111e-01
9.890703831729212858e-01 1.616508341927911929e-01
9.906823171656614635e-01 1.607204563682139153e-01
9.922844847432119586e-01 1.596978166278138211e-01
9.938759714451226301e-01 1.585845660317439509e-01
9.954558798944194153e-01 1.573824695351911662e-01
9.970233309156897317e-01 1.560934017693214326e-01
9.985774646096252649e-01 1.547193425548485102e-01
1.000117441381442429e+00 1.532623721672607409e-01
1.001642442920795517e+00 1.517246663735680734e-01
1.003151673131000843e+00 1.501084912611413968e-01
1.004644359005597565e+00 1.484161978798037296e-01
1.006119751450485156e+00 1.466502167187966332e-01
1.007577126050096972e+00 1.448130520405865873e-01
1.009015783776288311e+00 1.429072760936928310e-01
1.010435051638840287e+00 1.409355232268139080e-01
1.011834283276704660e+00 1.389004839265055580e-01
1.013212859489335038e+00 1.368048988005223232e-01
1.014570188707671461e+00 1.346515525286806070e-01
1.015905707404560543e+00 1.324432678027400445e-01
1.017218880444607843e+00 1.301828992763347514e-01
1.018509201373664963e+00 1.278733275454245755e-01
1.019776192648356616e+00 1.255174531790839709e-01
1.021019405806247171e+00 1.231181908197101077e-01
1.022238421577433609e+00 1.206784633709191701e-01
1.023432849938527012e+00 1.182011962905180347e-01
1.024602330110159887e+00 1.156893120049959228e-01
1.025746530499309861e+00 1.131457244609841567e-01
1.026865148587882803e+00 1.105733338280908834e-01
1.027957910769138561e+00 1.079750213664388697e-01
1.029024572133665938e+00 1.053536444711261344e-01
1.030064916206733683e+00 1.027120319046998798e-01
1.031078754638948602e+00 1.000529792275904606e-01
1.032065926852244520e+00 9.737924443530225627e-02
1.033026299643309720e+00 9.469354381000905096e-02
1.033959766746629150e+00 9.199854799305955122e-02
1.034866248359380236e+00 8.929687828377096126e-02
1.035745690630465399e+00 8.659110316878017299e-02
1.036598065116004719e+00 8.388373508513979893e-02
1.037423368203638452e+00 8.117722741929417341e-02
1.038221620508002596e+00 7.847397174305366374e-02
1.038992866239750956e+00 7.577629528670877523e-02
1.039737172550490252e+00 7.308645864849090679e-02
1.040454628855986829e+00 7.040665373869947619e-02
1.041145346139975114e+00 6.773900195597611085e-02
1.041809456240878395e+00 6.508555259241939617e-02
1.042447111123707026e+00 6.244828146349961501e-02
1.043058482139361365e+00 5.982908975805292101e-02
1.043643759273511940e+00 5.722980310301008233e-02
1.044203150387177370e+00 5.465217083694606098e-02
1.044736880451053951e+00 5.209786548602405448e-02
1.045245190775589306e+00 4.956848243545012439e-02
1.045728338238717470e+00 4.706553978915238579e-02
1.046186594513099921e+00 4.459047841005029517e-02
1.046620245294640261e+00 4.214466213298402597e-02
1.047029589533956306e+00 3.972937814212961632e-02
1.047414938672414531e+00 3.734583750453083356e-02
1.047776615884245421e+00 3.499517585123163715e-02
1.048114955326171494e+00 3.267845419739157792e-02
1.048430301395895548e+00 3.039665989270821586e-02
1.048723008000708834e+00 2.815070769345339244e-02
1.048993437837390630e+00 2.594144094745151272e-02
1.049241961684487690e+00 2.376963288338513128e-02
1.049468957707971217e+00 2.163598799590389990e-02
1.049674810781190404e+00 1.954114351813440731e-02
1.049859911819952307e+00 1.748567097333821735e-02
1.050024657133481476e+00 1.547007779764081499e-02
1.050169447791928334e+00 1.349480902595273819e-02
1.050294689011021187e+00 1.156024903342326056e-02
1.050400789554379655e+00 9.666723325004320660e-03
1.050488161153934064e+00 7.814500365955448502e-03
1.050557217948824951e+00 6.003793446387001471e-03
1.050608375943091977e+00 4.234762573216871960e-03
1.050642052482391842e+00 2.507516383202834914e-03
1.050658665749926834e+00 8.221140710068946828e-04
1.050658634281705472e+00 -8.214326734525250612e-04
1.050642376501199626e+00 -2.423157723801755078e-03
1.050610310273412118e+00 -3.983138577302794761e-03
1.050562852478316156e+00 -5.501494421065274663e-03
1.050500418603583341e+00 -6.978384208906818729e-03
1.050423422356471903e+00 -8.414004753087685196e-03
1.050332275294706630e+00 -9.808588834847756927e-03
1.050227386476144664e+00 -1.116240333738087280e-02
1.050109162126984685e+00 -1.247574740459421114e-02
1.049978005328247255e+00 -1.374895062871966771e-02
1.049834315720222566e+00 -1.498237126957085823e-02
1.049678489224556976e+00 -1.617639450797407272e-02
1.049510917783624597e+00 -1.733143073564480385e-02
1.049331989116809805e+00 -1.844791388353391598e-02
1.049142086493305870e+00 -1.952629979042940986e-02
1.048941588521020041e+00 -2.056706461337151973e-02
1.048730868951159412e+00 -2.157070328122061287e-02
1.048510296498061267e+00 -2.253772799250947784e-02
1.048280234673818478e+00 -2.346866675851389319e-02
1.048041041637245874e+00 -2.436406199228819541e-02
1.047793070056723286e+00 -2.522446914423568526e-02
1.047536666986448983e+00 -2.605045538461721322e-02
1.047272173755631863e+00 -2.684259833324501715e-02
1.046999925870150783e+00 -2.760148483646262044e-02
1.046720252926206740e+00 -2.832770979137536754e-02
1.046433478535498285e+00 -2.902187501716951487e-02
1.046139920261448975e+00 -2.968458817324065580e-02
1.045839889566021030e+00 -3.031646172374429307e-02
1.045533691766652895e+00 -3.091811194808231217e-02
1.045221626002865500e+00 -3.149015799674859811e-02
1.044903985212085384e+00 -3.203322099187496524e-02
1.044581056114242568e+00 -3.254792317174420857e-02
1.044253119204705538e+00 -3.303488707847063860e-02
1.043920448755128128e+00 -3.349473478798903336e-02
1.043583312821788844e+00 -3.392808718144064289e-02
1.043241973261012312e+00 -3.433556325699902573e-02
1.042896685751275809e+00 -3.471777948113901474e-02
1.042547699821608553e+00 -3.507534917831846288e-02
1.042195258885908471e+00 -3.540888195801430993e-02
1.041839600282804090e+00 -3.571898317803163386e-02
1.041480955320708501e+00 -3.600625344298645503e-02
1.041119549327715887e+00 -3.627128813684965536e-02
1.040755601706008227e+00 -3.651467698843018084e-02
1.040389325990445757e+00 -3.673700366867062306e-02
1.040020929911031011e+00 -3.693884541862669374e-02
1.039650615458944882e+00 -3.712077270700401416e-02
1.039278578955862287e+00 -3.728334891613058893e-02
1.038905011126272981e+00 -3.742713005525113296e-02
1.038530097172535305e+00 -3.755266450003987705e-02
1.038154016852409489e+00 -3.766049275724116241e-02
1.037776944558823189e+00 -3.775114725336196908e-02
1.037399049401634299e+00 -3.782515214635742001e-02
1.037020495291165911e+00 -3.788302315926857233e-02
1.036641441023299359e+00 -3.792526743479190943e-02
1.036262040365921955e+00 -3.795238340978113883e-02
1.035882442146533133e+00 -3.796486070870433438e-02
1.035502790340825818e+00 -3.796318005510279647e-02
1.035123224162066480e+00 -3.794781320012229758e-02
1.034743878151109575e+00 -3.791922286721215174e-02
1.034364882266885832e+00 -3.787786271211309591e-02
1.033986361977219826e+00 -3.782417729728074912e-02
1.033608438349833181e+00 -3.775860207991765805e-02
1.033231228143403513e+00 -3.768156341281320848e-02
1.032854843898553421e+00 -3.759347855721731357e-02
1.032479394028654962e+00 -3.749475570700020605e-02
1.032104982910337698e+00 -3.738579402337707108e-02
1.031731710973600391e+00 -3.726698367950265905e-02
1.031359674791430203e+00 -3.713870591426708667e-02
1.030988967168840365e+00 -3.700133309464985476e-02
1.030619677231243703e+00 -3.685522878601457664e-02
1.030251890512087432e+00 -3.670074782975223798e-02
1.029885689039675034e+00 -3.653823642770535202e-02
1.029521151423114622e+00 -3.636803223282977088e-02
1.029158352937329379e+00 -3.619046444557468684e-02
1.028797365607079461e+00 -3.600585391548466463e-02
1.028438258289942953e+00 -3.581451324755030585e-02
1.028081096758211244e+00 -3.561674691285628136e-02
1.027725943779658646e+00 -3.541285136309721415e-02
1.027372859197149380e+00 -3.520311514855277435e-02
1.027021900007048849e+00 -3.498781903913390778e-02
1.026673120436410791e+00 -3.476723614813188173e-02
1.026326572018914085e+00 -3.454163205832105205e-02
1.025982303669529694e+00 -3.431126495008485905e-02
1.025640361757896191e+00 -3.407638573125253145e-02
1.025300790180390553e+00 -3.383723816835134540e-02
1.024963630430879569e+00 -3.359405901899607111e-02
1.024628921670143411e+00 -3.334707816515326134e-02
1.024296700793963177e+00 -3.309651874703380126e-02
1.023967002499867274e+00 -3.284259729738183559e-02
1.023639859352533765e+00 -3.258552387594277483e-02
1.023315301847848025e+00 -3.232550220390670304e-02
1.022993358475616787e+00 -3.206272979813686724e-02
1.022674055780941949e+00 -3.179739810500553654e-02
1.022357418424258757e+00 -3.152969263367163405e-02
1.022043469240043967e+00 -3.125979308864623024e-02
1.021732229294203265e+00 -3.098787350150302225e-02
1.021423717940146636e+00 -3.071410236160147453e-02
1.021117952873560331e+00 -3.043864274570053444e-02
1.020814950185891190e+00 -3.016165244635031842e-02
1.020514724416550889e+00 -2.988328409895843474e-02
1.020217288603859185e+00 -2.960368530743629281e-02
1.019922654334736167e+00 -2.932299876833906541e-02
1.019630831793161718e+00 -2.904136239342083869e-02
1.019341829807417721e+00 -2.875890943053397569e-02
1.019055655896129675e+00 -2.847576858280883097e-02
1.018772316313125703e+00 -2.819206412605660891e-02
1.018491816091130042e+00 -2.790791602434462490e-02
1.018214159084310344e+00 -2.762344004369912676e-02
1.017939348009697431e+00 -2.733874786389663830e-02
1.017667384487497495e+00 -2.705394718831004644e-02
1.017398269080314277e+00 -2.676914185178079497e-02
1.017132001331304325e+00 -2.648443192649325290e-02
1.016868579801281536e+00 -2.619991382583189768e-02
1.016608002104795183e+00 -2.591568040620604446e-02
1.016350264945198534e+00 -2.563182106683097386e-02
1.016095364148730695e+00 -2.534842184745788110e-02
1.015843294697631016e+00 -2.506556552404865662e-02
1.015594050762307354e+00 -2.478333170239472097e-02
1.015347625732578196e+00 -2.450179690968219345e-02
1.015104012248009058e+00 -2.422103468400853971e-02
1.014863202227364924e+00 -2.394111566185844198e-02
1.014625186897196940e+00 -2.366210766354918602e-02
1.014389956819585548e+00 -2.338407577665807188e-02
1.014157501919059179e+00 -2.310708243744653487e-02
1.013927811508708032e+00 -2.283118751029760904e-02
1.013700874315514699e+00 -2.255644836518520824e-02
1.013476678504918294e+00 -2.228291995319534036e-02
1.013255211704634062e+00 -2.201065488012095978e-02
1.013036461027746693e+00 -2.173970347815353324e-02
1.012820413095094851e+00 -2.147011387569573368e-02
1.012607054056968270e+00 -2.120193206532080404e-02
1.012396369614134040e+00 -2.093520196990527119e-02
1.012188345038210091e+00 -2.066996550696258150e-02
1.011982965191404293e+00 -2.040626265120615984e-02
1.011780214545637824e+00 -2.014413149537116685e-02
1.011580077201067018e+00 -1.988360830932486487e-02
1.011382536904023910e+00 -1.962472759749620335e-02
1.011187577064390553e+00 -1.936752215465568222e-02
1.010995180772422897e+00 -1.911202312007706516e-02
1.010805330815042424e+00 -1.885826003011288610e-02
1.010618009691607977e+00 -1.860626086921601113e-02
1.010433199629186873e+00 -1.835605211943978216e-02
1.010250882597336863e+00 -1.810765880844947967e-02
1.010071040322416902e+00 -1.786110455607799533e-02
1.009893654301437627e+00 -1.761641161945868075e-02
1.009718705815469297e+00 -1.737360093676840189e-02
1.009546175942618085e+00 -1.713269216961382790e-02
1.009376045570585134e+00 -1.689370374409394221e-02
1.009208295408821954e+00 -1.665665289057167639e-02
1.009042906000294337e+00 -1.642155568218743936e-02
1.008879857732866370e+00 -1.618842707214717194e-02
1.008719130850319390e+00 -1.595728092981735582e-02
1.008560705463014129e+00 -1.572813007565915244e-02
1.008404561558209789e+00 -1.550098631503364979e-02
1.008250679010050721e+00 -1.527586047090984632e-02
1.008099037589231362e+00 -1.505276241550674264e-02
1.007949616972349860e+00 -1.483170110090051980e-02
1.007802396750960394e+00 -1.461268458862747394e-02
1.007657356440334828e+00 -1.439572007831295755e-02
1.007514475487942596e+00 -1.418081393535617664e-02
1.007373733281658357e+00 -1.396797171770029419e-02
1.007235109157706310e+00 -1.375719820171680124e-02
1.007098582408350484e+00 -1.354849740723271072e-02
1.006964132289337899e+00 -1.334187262172860031e-02
1.006831738027104794e+00 -1.313732642373508647e-02
1.006701378825752169e+00 -1.293486070545477734e-02
1.006573033873799483e+00 -1.273447669463624761e-02
1.006446682350722321e+00 -1.253617497572605440e-02
1.006322303433282661e+00 -1.233995551032426863e-02
1.006199876301658414e+00 -1.214581765696845506e-02
1.006079380145377122e+00 -1.195376019027048417e-02
1.005960794169062478e+00 -1.176378131942997299e-02
1.005844097597998532e+00 -1.157587870614763641e-02
1.005729269683517169e+00 -1.139004948196119076e-02
1.005616289708215483e+00 -1.120629026502593072e-02
1.005505136991008408e+00 -1.102459717636149021e-02
1.005395790892020358e+00 -1.084496585558572535e-02
1.005288230817322770e+00 -1.066739147615606946e-02
1.005182436223521547e+00 -1.049186876013812400e-02
1.005078386622199282e+00 -1.031839199252066602e-02
1.004976061584216041e+00 -1.014695503509567900e-02
1.004875440743873805e+00 -9.977551339921399490e-03
1.004776503802947474e+00 -9.810173962385825702e-03
1.004679230534589074e+00 -9.644815573887542681e-03
1.004583600787104958e+00 -9.481468474150128722e-03
1.004489594487612436e+00 -9.320124603185878792e-03
1.004397191645578724e+00 -9.160775552923966503e-03
1.004306372356245092e+00 -9.003412578517640610e-03
1.004217116803938881e+00 -8.848026609344502094e-03
1.004129405265278274e+00 -8.694608259713330206e-03
1.004043218112269598e+00 -8.543147839290422818e-03
1.003958535815303810e+00 -8.393635363257869950e-03
1.003875338946050855e+00 -8.246060562215653741e-03
1.003793608180257202e+00 -8.100412891838970272e-03
1.003713324300448129e+00 -7.956681542301653406e-03
1.003634468198535856e+00 -7.814855447476086459e-03
1.003557020878337980e+00 -7.674923293919515624e-03
1.003480963458006636e+00 -7.536873529656202067e-03
1.003406277172370187e+00 -7.400694372764375119e-03
1.003332943375191189e+00 -7.266373819776522289e-03
1.003260943541340211e+00 -7.133899653901092097e-03
1.003190259268888607e+00 -7.003259453073270267e-03
1.003120872281121789e+00 -6.874440597842075215e-03
1.003052764428474575e+00 -6.747430279100601579e-03
1.002985917690389250e+00 -6.622215505665871027e-03
1.002920314177099481e+00 -6.498783111714351475e-03
1.002855936131339609e+00 -6.377119764078856279e-03
1.002792765929982899e+00 -6.257211969412168097e-03
1.002730786085607173e+00 -6.139046081222395562e-03
1.002669979247992282e+00 -6.022608306784752591e-03
1.002610328205548296e+00 -5.907884713934114483e-03
1.002551815886675968e+00 -5.794861237742419610e-03
1.002494425361061703e+00 -5.683523687084687109e-03
1.002438139840907461e+00 -5.573857751097141718e-03
1.002382942682095823e+00 -5.465849005530674064e-03
1.002328817385292892e+00 -5.359482919002605400e-03
1.002275747596988342e+00 -5.254744859149493297e-03
1.002223717110475310e+00 -5.151620098683471101e-03
1.002172709866769651e+00 -5.050093821354410990e-03
1.002122709955469704e+00 -4.950151127819977549e-03
1.002073701615558532e+00 -4.851777041425457508e-03
1.002025669236149108e+00 -4.754956513895051799e-03
1.001978597357171319e+00 -4.659674430936158220e-03
1.001932470670005237e+00 -4.565915617757991714e-03
1.001887274018058882e+00 -4.473664844505757451e-03
1.001842992397291354e+00 -4.382906831611421868e-03
1.001799610956684461e+00 -4.293626255062020156e-03
1.001757114998660381e+00 -4.205807751586294711e-03
1.001715489979449147e+00 -4.119435923760357554e-03
1.001674721509404620e+00 -4.034495345032952651e-03
1.001634795353271601e+00 -3.950970564670803868e-03
1.001595697430402554e+00 -3.868846112624446665e-03
1.001557413814927022e+00 -3.788106504314851884e-03
1.001519930735873309e+00 -3.708736245341086226e-03
1.001483234577243753e+00 -3.630719836109179421e-03
1.001447311878043367e+00 -3.554041776382316480e-03
1.001412149332264079e+00 -3.478686569752415750e-03
1.001377733788824553e+00 -3.404638728033111423e-03
1.001344052251466055e+00 -3.331882775574116634e-03
1.001311091878606341e+00 -3.260403253496912089e-03
1.001278839983150259e+00 -3.190184723851675203e-03
1.001247284032260820e+00 -3.121211773695345242e-03
1.001216411647088522e+00 -3.053469019090696100e-03
1.001186210602461824e+00 -2.986941109026282262e-03
1.001156668826538976e+00 -2.921612729257113111e-03
1.001127774400420778e+00 -2.857468606065901185e-03
1.001099515557727582e+00 -2.794493509944740404e-03
1.001071880684138327e+00 -2.732672259197062477e-03
1.001044858316895159e+00 -2.671989723459733575e-03
1.001018437144273188e+00 -2.612430827145165082e-03
1.000992606005015162e+00 -2.553980552803316977e-03
1.000967353887733946e+00 -2.496623944403498878e-03
1.000942669930282358e+00 -2.440346110535883319e-03
1.000918543419091256e+00 -2.385132227532674003e-03
1.000894963788476533e+00 -2.330967542508890003e-03
1.000871920619916589e+00 -2.277837376322753779e-03
1.000849403641300928e+00 -2.225727126455698604e-03
1.000827402726149007e+00 -2.174622269812035748e-03
1.000805907892803104e+00 -2.124508365438357738e-03
1.000784909303592984e+00 -2.075371057162776582e-03
1.000764397263975480e+00 -2.027196076154137890e-03
1.000744362221648975e+00 -1.979969243401374836e-03
1.000724794765642800e+00 -1.933676472113207527e-03
1.000705685625383090e+00 -1.888303770038421512e-03
1.000687025669736663e+00 -1.843837241707000632e-03
1.000668805906032022e+00 -1.800263090592417112e-03
1.000651017479059712e+00 -1.757567621195423903e-03
1.000633651670051361e+00 -1.715737241049724833e-03
1.000616699895640282e+00 -1.674758462649937390e-03
1.000600153706802331e+00 -1.634617905302295903e-03
1.000584004787778536e+00 -1.595302296898579121e-03
1.000568244954981312e+00 -1.556798475613781728e-03
1.000552866155882903e+00 -1.519093391528082964e-03
1.000537860467888729e+00 -1.482174108173699980e-03
1.000523220097195631e+00 -1.446027804007248702e-03
1.000508937377635466e+00 -1.410641773808264015e-03
1.000495004769504925e+00 -1.376003430004569704e-03
1.000481414858382934e+00 -1.342100303925214356e-03
1.000468160353935598e+00 -1.308920046981724376e-03
1.000455234088710066e+00 -1.276450431778452122e-03
1.000442629016917273e+00 -1.244679353152831252e-03
1.000430338213204040e+00 -1.213594829146372785e-03
1.000418354871417170e+00 -1.183185001907270141e-03
1.000406672303358002e+00 -1.153438138525502820e-03
1.000395283937529189e+00 -1.124342631801354469e-03
1.000384183317873488e+00 -1.095887000948288573e-03
1.000373364102506990e+00 -1.068059892231144545e-03
1.000362820062445701e+00 -1.040850079540640632e-03
1.000352545080325894e+00 -1.014246464905192366e-03
1.000342533149121360e+00 -9.882380789410726528e-04
1.000332778370855102e+00 -9.628140812419617132e-04
1.000323274955307928e+00 -9.379637607089500329e-04
1.000314017218723706e+00 -9.136765358220749539e-04
1.000304999582512844e+00 -8.899419548544884422e-04
1.000296216571953334e+00 -8.667496960303652798e-04
1.000287662814890899e+00 -8.440895676276763231e-04
1.000279333040437812e+00 -8.219515080269620966e-04
1.000271222077671940e+00 -8.003255857072540244e-04
1.000263324854336222e+00 -7.792019991902990588e-04
1.000255636395538605e+00 -7.585710769342533322e-04
1.000248151822453302e+00 -7.384232771780169626e-04
1.000240866351024271e+00 -7.187491877373898422e-04
1.000233775290670257e+00 -6.995395257542318156e-04
1.000226874042993153e+00 -6.807851373998172672e-04
1.000220158100489254e+00 -6.624769975335745732e-04
1.000213623045264955e+00 -6.446062093184063996e-04
1.000207264547754660e+00 -6.271640037937845557e-04
1.000201078365445362e+00 -6.101417394078163586e-04
1.000195060341604547e+00 -5.935309015094765439e-04
1.000189206404013653e+00 -5.773231018021984275e-04
1.000183512563707966e+00 -5.615100777600150975e-04
1.000177974913721846e+00 -5.460836920074369719e-04
1.000172589627840170e+00 -5.310359316642486926e-04
1.000167352959357325e+00 -5.163589076564035606e-04
1.000162261239841976e+00 -5.020448539941856905e-04
1.000157310877910488e+00 -4.880861270188052389e-04
1.000152498358007680e+00 -4.744752046185832261e-04
1.000147820239194907e+00 -4.612046854158744456e-04
1.000143273153947021e+00 -4.482672879258678498e-04
1.000138853806958217e+00 -4.356558496883942045e-04
1.000134558973955645e+00 -4.233633263738594758e-04
1.000130385500522801e+00 -4.113827908644129795e-04
1.000126330300932453e+00 -3.997074323114455530e-04
1.000122390356988467e+00 -3.883305551705022794e-04
1.000118562716877824e+00 -3.772455782146808987e-04
1.000114844494032207e+00 -3.664460335275734936e-04
1.000111232866000011e+00 -3.559255654767954800e-04
1.000107725073329235e+00 -3.456779296691311378e-04
1.000104318418459926e+00 -3.356969918883110347e-04
1.000101010264627943e+00 -3.259767270164199500e-04
1.000097798034779162e+00 -3.165112179399200230e-04
1.000094679210495441e+00 -3.072946544412565061e-04
1.000091651330930809e+00 -2.983213320769979447e-04
1.000088711991759638e+00 -2.895856510434455808e-04
1.000085858844136144e+00 -2.810821150306300306e-04
1.000083089593664543e+00 -2.728053300655960446e-04
1.000080401999382307e+00 -2.647500033458588661e-04
1.000077793872753862e+00 -2.569109420638973282e-04
1.000075263076676713e+00 -2.492830522235323478e-04
1.000072807524499119e+00 -2.418613374490199877e-04
1.000070425179049982e+00 -2.346408977876708016e-04
1.000068114051680723e+00 -2.276169285067891797e-04
1.000065872201318928e+00 -2.207847188857069772e-04
1.000063697733534429e+00 -2.141396510036684166e-04
1.000061588799617596e+00 -2.076771985243036286e-04
1.000059543595668732e+00 -2.013929254774103367e-04
1.000057560361701459e+00 -1.952824850387440509e-04
1.000055637380757201e+00 -1.893416183084988718e-04
1.000053772978031441e+00 -1.835661530891420819e-04
1.000051965520013297e+00 -1.779520026632470573e-04
1.000050213413636868e+00 -1.724951645719508691e-04
1.000048515105444791e+00 -1.671917193946438640e-04
1.000046869080763345e+00 -1.620378295304804599e-04
1.000045273862891326e+00 -1.570297379822820452e-04
1.000043728012298905e+00 -1.521637671433842987e-04
1.000042230125841147e+00 -1.474363175879635527e-04
1.000040778835980859e+00 -1.428438668653583864e-04
1.000039372810025862e+00 -1.383829682988852643e-04
1.000038010749376705e+00 -1.340502497896290095e-04
1.000036691388787036e+00 -1.298424126256712016e-04
1.000035413495635739e+00 -1.257562302972029455e-04
1.000034175869210396e+00 -1.217885473179505166e-04
1.000032977340003626e+00 -1.179362780533259054e-04
1.000031816769019644e+00 -1.141964055556973307e-04
1.000030693047093688e+00 -1.105659804071584075e-04
1.000029605094222340e+00 -1.070421195701582004e-04
1.000028551858905157e+00 -1.036220052463383487e-04
1.000027532317498746e+00 -1.003028837439077684e-04
1.000026545473580164e+00 -9.708206435386963502e-05
1.000025590357323857e+00 -9.395691823540015710e-05
1.000024666024887487e+00 -9.092487731066344623e-05
1.000023771557810637e+00 -8.798343316933227303e-05
1.000022906062422834e+00 -8.513013598306948357e-05
1.000022068669263575e+00 -8.236259343021106697e-05
1.000021258532512558e+00 -7.967846963087755379e-05
1.000020474829430572e+00 -7.707548409272679108e-05
1.000019716759810384e+00 -7.455141066754784461e-05
1.000018983545439166e+00 -7.210407651888238922e-05
1.000018274429570031e+00 -6.973136110084737120e-05
1.000017588676404445e+00 -6.743119514831996046e-05
1.000016925570583970e+00 -6.520155967863357194e-05
1.000016284416692880e+00 -6.304048500492189118e-05
1.000015664538770110e+00 -6.094604976123597337e-05
1.000015065279830306e+00 -5.891637993954819625e-05
1.000014486001395531e+00 -5.694964793874576786e-05
1.000013926083035853e+00 -5.504407162570557364e-05
1.000013384921918824e+00 -5.319791340853179324e-05
1.000012861932369601e+00 -5.140947932202735645e-05
1.000012356545438186e+00 -4.967711812546047543e-05
1.000011868208477095e+00 -4.799922041267780701e-05
1.000011396384727691e+00 -4.637421773460646113e-05
1.000010940552914507e+00 -4.480058173417804563e-05
1.000010500206848452e+00 -4.327682329369905386e-05
1.000010074855039344e+00 -4.180149169468359377e-05
1.000009664020315547e+00 -4.037317379015598702e-05
1.000009267239452271e+00 -3.899049318942309574e-05
1.000008884062808301e+00 -3.765210945530838774e-05
1.000008514053970288e+00 -3.635671731383238519e-05
1.000008156789405245e+00 -3.510304587631712150e-05
1.000007811858119933e+00 -3.388985787388522450e-05
1.000007478861329124e+00 -3.271594890431774575e-05
1.000007157412130532e+00 -3.158014669122849932e-05
1.000006847135186838e+00 -3.048131035550650733e-05
1.000006547666415280e+00 -2.941832969897245056e-05
1.000006258652684998e+00 -2.839012450018927949e-05
1.000005979751520391e+00 -2.739564382236191331e-05
1.000005710630811340e+00 -2.643386533325574022e-05
1.000005450968530774e+00 -2.550379463705883788e-05
1.000005200452459109e+00 -2.460446461810812359e-05
1.000004958779913800e+00 -2.373493479639522555e-05
1.000004725657486659e+00 -2.289429069476368219e-05
1.000004500800786733e+00 -2.208164321770506855e-05
1.000004283934189830e+00 -2.129612804165786390e-05
1.000004074790593611e+00 -2.053690501670931749e-05
1.000003873111178887e+00 -1.980315757959715393e-05
1.000003678645176475e+00 -1.909409217790487319e-05
1.000003491149640045e+00 -1.840893770534128982e-05
1.000003310389224298e+00 -1.774694494799229652e-05
1.000003136135968917e+00 -1.710738604143011949e-05
1.000002968169087847e+00 -1.648955393856295170e-05
1.000002806274763456e+00 -1.589276188810557624e-05
1.000002650245946478e+00 -1.531634292354952211e-05
1.000002499882160167e+00 -1.475964936250932114e-05
1.000002354989310449e+00 -1.422205231631974053e-05
1.000002215379500292e+00 -1.370294120975717165e-05
1.000002080870848298e+00 -1.320172331075697664e-05
1.000001951287313728e+00 -1.271782326999722549e-05
1.000001826458523979e+00 -1.225068267021810283e-05
1.000001706219607600e+00 -1.179975958514525209e-05
1.000001590411032204e+00 -1.136452814788437771e-05
1.000001478878445260e+00 -1.094447812865369287e-05
1.000001371472519995e+00 -1.053911452172013733e-05
1.000001268048805736e+00 -1.014795714140477030e-05
1.000001168467580470e+00 -9.770540227022304292e-06
1.000001072593710072e+00 -9.406412056619490206e-06
1.000000980296508413e+00 -9.055134569376831682e-06
1.000000891449603468e+00 -8.716282996538032393e-06
1.000000805930805869e+00 -8.389445500731601812e-06
1.000000723621981669e+00 -8.074222823549119619e-06
1.000000644408927553e+00 -7.770227941244899438e-06
1.000000568181251159e+00 -7.477085728422035709e-06
1.000000494832253173e+00 -7.194432629570215575e-06
1.000000424258812970e+00 -6.921916338321120709e-06
1.000000356361278486e+00 -6.659195484287771658e-06
1.000000291043357858e+00 -6.405939327354765332e-06
1.000000228212014397e+00 -6.161827459287029609e-06
1.000000167777365556e+00 -5.926549512525470399e-06
1.000000109652583014e+00 -5.699804876038665728e-06
1.000000053753797191e+00 -5.481302418100648290e-06
1.000000000000003553e+00 -5.270760215865717430e-06
