9.412847489684408320e-01 0.000000000000000000e+00
9.412873421841709831e-01 5.186430815655805170e-04
9.412951218264680175e-01 1.037284973492979233e-03
9.413080878698399934e-01 1.555922616764834681e-03
9.413262402480084834e-01 2.074550913199554696e-03
9.413495788335188852e-01 2.593162725760346770e-03
9.413781034173538398e-01 3.111748879040992458e-03
9.414118136885528676e-01 3.630298159960205356e-03
9.414507092138399980e-01 4.148797318696387064e-03
9.414947894172622789e-01 4.667231069894538058e-03
9.415440535598418315e-01 5.185582094177024898e-03
9.415985007192443357e-01 5.703831039989823437e-03
9.416581297694680552e-01 6.221956525815774443e-03
9.417229393605570653e-01 6.739935142786262698e-03
9.417929278983424579e-01 7.257741457722627007e-03
9.418680935242162988e-01 7.775348016638441995e-03
9.419484340949433321e-01 8.292725348733660795e-03
9.420339471625146510e-01 8.809841970911414313e-03
9.421246299540499969e-01 9.326664392848054569e-03
9.422204793517527932e-01 9.843157122646798915e-03
9.423214918729256873e-01 1.035928267310507085e-02
9.424276636500512616e-01 1.087500156862536253e-02
9.425389904109453543e-01 1.139027235279911447e-02
9.426554674589898708e-01 1.190505159669280090e-02
9.427770896534521938e-01 1.241929390786501546e-02
9.429038513898980733e-01 1.293295194014298065e-02
9.430357465807064354e-01 1.344597640418646739e-02
9.431727686356942142e-01 1.395831607886667373e-02
9.433149104428586451e-01 1.446991782348710370e-02
9.434621643492461240e-01 1.498072659087298746e-02
9.436145221419570683e-01 1.549068544135522550e-02
9.437719750292943299e-01 1.599973555767426198e-02
9.439345136220658183e-01 1.650781626082864495e-02
9.441021279150504375e-01 1.701486502689243674e-02
9.442748072686368843e-01 1.752081750482487391e-02
9.444525403906460781e-01 1.802560753529499835e-02
9.446353153183463247e-01 1.852916717054323148e-02
9.448231194006728728e-01 1.903142669530099099e-02
9.450159392806621872e-01 1.953231464878871920e-02
9.452137608781109313e-01 2.003175784781172086e-02
9.454165693724722042e-01 2.052968141097235785e-02
9.456243491859992467e-01 2.102600878401618412e-02
9.458370839671484953e-01 2.152066176632860817e-02
9.460547565742530862e-01 2.201356053859765752e-02
9.462773490594793557e-01 2.250462369165736470e-02
9.465048426530772163e-01 2.299376825652517387e-02
9.467372177479373985e-01 2.348090973564565323e-02
9.469744538844669934e-01 2.396596213535162959e-02
9.472165297357957314e-01 2.444883799955262574e-02
9.474634230933252077e-01 2.492944844465925722e-02
9.477151108526339351e-01 2.540770319575098163e-02
9.479715689997499917e-01 2.588351062399324443e-02
9.482327725978039190e-01 2.635677778530874302e-02
9.484986957740754177e-01 2.682741046030613988e-02
9.487693117074444960e-01 2.729531319546814327e-02
9.490445926162619505e-01 2.776038934559945520e-02
9.493245097466496141e-01 2.822254111753355263e-02
9.496090333612448031e-01 2.868166961509584917e-02
9.498981327283999576e-01 2.913767488531917443e-02
9.501917761118512384e-01 2.959045596590601304e-02
9.504899307608674075e-01 3.003991093393032497e-02
9.507925629008926460e-01 3.048593695577017995e-02
9.510996377246938582e-01 3.092843033826083929e-02
9.514111193840262271e-01 3.136728658105621126e-02
9.517269709818284573e-01 3.180240043018499330e-02
9.520471545649586975e-01 3.223366593278614856e-02
9.523716311174846849e-01 3.266097649300660211e-02
9.527003605545377729e-01 3.308422492904238704e-02
9.530333017167434972e-01 3.350330353130277078e-02
9.533704123652388951e-01 3.391810412167510502e-02
9.537116491772883453e-01 3.432851811386647412e-02
9.540569677425078110e-01 3.473443657479644703e-02
9.544063225597080313e-01 3.513575028701348968e-02
9.547596670343673209e-01 3.553234981210593585e-02
9.551169534767427471e-01 3.592412555507661087e-02
9.554781331006304557e-01 3.631096782964844671e-02
9.558431560227825807e-01 3.669276692446687971e-02
9.562119712629916224e-01 3.706941317016289317e-02
9.565845267448488398e-01 3.744079700723906140e-02
9.569607692971856538e-01 3.780680905473920300e-02
9.573406446562054972e-01 3.816734017966055825e-02
9.577240974683134400e-01 3.852228156706589274e-02
9.581110712936501406e-01 3.887152479085121543e-02
9.585015086103364501e-01 3.921496188512326592e-02
9.588953508194349995e-01 3.955248541613939212e-02
9.592925382506333198e-01 3.988398855476090604e-02
9.596930101686542702e-01 4.020936514936956224e-02
9.600967047803975474e-01 4.052850979919529750e-02
9.605035592428161628e-01 4.084131792800208688e-02
9.609135096715317736e-01 4.114768585807734164e-02
9.613264911501906429e-01 4.144751088446896325e-02
9.617424377405633384e-01 4.174069134941300191e-02
9.621612824933895025e-01 4.202712671689361884e-02
9.625829574599682470e-01 4.230671764727586548e-02
9.630073937044951737e-01 4.257936607195084849e-02
9.634345213171459088e-01 4.284497526793168420e-02
9.638642694279047074e-01 4.310344993233776456e-02
9.642965662211372413e-01 4.335469625670398952e-02
9.647313389509053483e-01 4.359862200105070473e-02
9.651685139570209682e-01 4.383513656764950056e-02
9.656080166818361565e-01 4.406415107441912643e-02
9.660497716877644026e-01 4.428557842788539284e-02
9.664937026755296978e-01 4.449933339563829499e-02
9.669397325031370283e-01 4.470533267821912016e-02
9.673877832055587378e-01 4.490349498037005810e-02
9.678377760151297693e-01 4.509374108157845201e-02
9.682896313826448997e-01 4.527599390584761962e-02
9.687432689991488655e-01 4.545017859062619459e-02
9.691986078184120501e-01 4.561622255482778582e-02
9.696555660800810772e-01 4.577405556587280794e-02
9.701140613334947593e-01 4.592360980568464812e-02
9.705740104621543018e-01 4.606481993557242499e-02
9.710353297088371027e-01 4.619762315993294899e-02
9.714979347013407152e-01 4.632195928870501411e-02
9.719617404788448711e-01 4.643777079850960887e-02
9.724266615188787988e-01 4.654500289241020328e-02
9.728926117648779570e-01 4.664360355822805282e-02
9.733595046543173090e-01 4.673352362534827220e-02
9.738272531474042593e-01 4.681471681995316020e-02
9.742957697563159325e-01 4.688713981862049907e-02
9.747649665749642534e-01 4.695075230022534296e-02
9.752347553092711729e-01 4.700551699608521844e-02
9.757050473079360575e-01 4.705139973828973560e-02
9.761757535936774755e-01 4.708836950615707256e-02
9.766467848949296204e-01 4.711639847076114218e-02
9.771180516779742753e-01 4.713546203747479013e-02
9.775894641794881101e-01 4.714553888647603219e-02
9.780609324394845538e-01 4.714661101116594116e-02
9.785323663346293666e-01 4.713866375444857731e-02
9.790036756119075978e-01 4.712168584282523665e-02
9.794747699226211690e-01 4.709566941825722025e-02
9.799455588566932107e-01 4.706061006775323630e-02
9.804159519772566167e-01 4.701650685063970408e-02
9.808858588555039448e-01 4.696336232347437384e-02
9.813551891057744614e-01 4.690118256256576440e-02
9.818238524208539042e-01 4.682997718406337051e-02
9.822917586074633167e-01 4.674975936158572848e-02
9.827588176219111959e-01 4.666054584135599648e-02
9.832249396058849733e-01 4.656235695481700243e-02
9.836900349223556272e-01 4.645521662870030072e-02
9.841540141915703366e-01 4.633915239252630464e-02
9.846167883271068622e-01 4.621419538351508732e-02
9.850782685719644549e-01 4.608038034889015699e-02
9.855383665346642008e-01 4.593774564556011436e-02
9.859969942253336006e-01 4.578633323716586878e-02
9.864540640917480729e-01 4.562618868848368481e-02
9.869094890553031796e-01 4.545736115717723125e-02
9.873631825468911494e-01 4.527990338289452493e-02
9.878150585426553887e-01 4.509387167370834670e-02
9.882650315995954449e-01 4.489932588990172557e-02
9.887130168909974426e-01 4.469632942510266826e-02
9.891589302416620155e-01 4.448494918477531590e-02
9.896026881629039762e-01 4.426525556207738799e-02
9.900442078872978557e-01 4.403732241109669515e-02
9.904834074031423352e-01 4.380122701748222214e-02
9.909202054886183664e-01 4.355705006648813438e-02
9.913545217456147807e-01 4.330487560845183020e-02
9.917862766331956292e-01 4.304479102172986682e-02
9.922153915006848290e-01 4.277688697311841232e-02
9.926417886203423580e-01 4.250125737578749896e-02
9.930653912196070188e-01 4.221799934476106603e-02
9.934861235128826795e-01 4.192721314997743115e-02
9.939039107328426770e-01 4.162900216696738265e-02
9.943186791612292907e-01 4.132347282518964576e-02
9.947303561591249732e-01 4.101073455406604312e-02
9.951388701966730199e-01 4.069089972676105671e-02
9.955441508822245877e-01 4.036408360175287174e-02
9.959461289908905224e-01 4.003040426224544618e-02
9.963447364924770122e-01 3.968998255347330056e-02
9.967399065787837520e-01 3.934294201795299900e-02
9.971315736902447435e-01 3.898940882873744296e-02
9.975196735418917493e-01 3.862951172073117445e-02
9.979041431486217473e-01 3.826338192012680023e-02
9.982849208497490689e-01 3.789115307202477884e-02
9.986619463328255675e-01 3.751296116630040145e-02
9.990351606567102749e-01 3.712894446178377494e-02
9.994045062738734497e-01 3.673924340882019079e-02
9.997699270519179171e-01 3.634400057027988712e-02
1.000131368294302936e+00 3.594336054108772383e-02
1.000488776760257048e+00 3.553746986634469252e-02
1.000842100683863922e+00 3.512647695811452891e-02
1.001191289792311867e+00 3.471053201094993768e-02
1.001536295323290249e+00 3.428978691623405656e-02
1.001877070041525597e+00 3.386439517541384170e-02
1.002213568254443521e+00 3.343451181220302021e-02
1.002545745826949108e+00 3.300029328383310284e-02
1.002873560195313818e+00 3.256189739143167811e-02
1.003196970380163755e+00 3.211948318960790305e-02
1.003515936998558900e+00 3.167321089532563333e-02
1.003830422275158840e+00 3.122324179614514861e-02
1.004140390052467025e+00 3.076973815791466532e-02
1.004445805800150637e+00 3.031286313199328328e-02
1.004746636623429890e+00 2.985278066208695708e-02
1.005042851270534499e+00 2.938965539077932621e-02
1.005334420139224028e+00 2.892365256583908500e-02
1.005621315282370531e+00 2.845493794638552509e-02
1.005903510412603064e+00 2.798367770899359147e-02
1.006180980906012490e+00 2.751003835381949855e-02
1.006453703804918387e+00 2.703418661082754998e-02
1.006721657819698690e+00 2.655628934619827172e-02
1.006984823329685419e+00 2.607651346899736780e-02
1.007243182383128044e+00 2.559502583818435220e-02
1.007496718696228921e+00 2.511199317003887099e-02
1.007745417651256359e+00 2.462758194608193410e-02
1.007989266293738417e+00 2.414195832156825622e-02
1.008228253328745216e+00 2.365528803462492793e-02
1.008462369116266855e+00 2.316773631611051057e-02
1.008691605665693158e+00 2.267946780026743048e-02
1.008915956629403698e+00 2.219064643623931687e-02
1.009135417295479398e+00 2.170143540052358461e-02
1.009349984579541504e+00 2.121199701042810262e-02
1.009559657015732137e+00 2.072249263859940460e-02
1.009764434746844408e+00 2.023308262868821553e-02
1.009964319513616093e+00 1.974392621221662467e-02
1.010159314643197970e+00 1.925518142670940014e-02
1.010349425036809690e+00 1.876700503515034424e-02
1.010534657156598071e+00 1.827955244682272218e-02
1.010715019011709348e+00 1.779297763959101011e-02
1.010890520143593374e+00 1.730743308367929667e-02
1.011061171610551979e+00 1.682306966699975356e-02
1.011226985971549697e+00 1.634003662208263416e-02
1.011387977269301075e+00 1.585848145465722225e-02
1.011544161012652765e+00 1.537854987393109420e-02
1.011695554158276833e+00 1.490038572461304528e-02
1.011842175091693496e+00 1.442413092072281078e-02
1.011984043607640604e+00 1.394992538122865472e-02
1.012121180889809180e+00 1.347790696755171193e-02
1.012253609489963679e+00 1.300821142297374847e-02
1.012381353306465614e+00 1.254097231398285280e-02
1.012504437562220083e+00 1.207632097358930096e-02
1.012622888782066077e+00 1.161438644664163598e-02
1.012736734769630553e+00 1.115529543717074662e-02
1.012846004583664472e+00 1.069917225778747524e-02
1.012950728513885013e+00 1.024613878115704715e-02
1.013050938056341943e+00 9.796314393571342594e-03
1.013146665888330578e+00 9.349815950637789877e-03
1.013237945842871968e+00 8.906757735101415024e-03
1.013324812882782977e+00 8.467251416814328135e-03
1.013407303074355559e+00 8.031406014864725385e-03
1.013485453560669214e+00 7.599327861875232112e-03
1.013559302534556839e+00 7.171120570478258828e-03
1.013628889211245943e+00 6.746885001973816284e-03
1.013694253800698108e+00 6.326719237173106421e-03
1.013755437479667565e+00 5.910718549429055772e-03
1.013812482363499967e+00 5.498975379852846790e-03
1.013865431477696477e+00 5.091579314713418243e-03
1.013914328729260461e+00 4.688617065014858039e-03
1.013959218877851898e+00 4.290172448244579557e-03
1.014000147506770144e+00 3.896326372283195026e-03
1.014037160993786602e+00 3.507156821465038342e-03
1.014070306481848149e+00 3.122738844776384599e-03
1.014099631849673555e+00 2.743144546176531830e-03
1.014125185682263508e+00 2.368443077025085552e-03
1.014147017241345594e+00 1.998700630596988645e-03
1.014165176435774862e+00 1.633980438665102010e-03
1.014179713791909743e+00 1.274342770128439242e-03
1.014190680423985080e+00 9.198449316625068647e-04
1.014198128004502042e+00 5.705412703666012161e-04
1.014202108734652885e+00 2.264831783813580040e-04
1.014202675314803459e+00 -1.122809005516465760e-04
1.014199880915048979e+00 -4.457054626178990286e-04
1.014193779145865948e+00 -7.737479335766031530e-04
1.014184424028875320e+00 -1.096368656558378753e-03
1.014171869967737560e+00 -1.413530878047682604e-03
1.014156171719196697e+00 -1.725200732084864602e-03
1.014137384364290906e+00 -2.031347222723946244e-03
1.014115563279747168e+00 -2.331942204783330093e-03
1.014090764109577103e+00 -2.626960362927708952e-03
1.014063042736889741e+00 -2.916379189120458203e-03
1.014032455255937659e+00 -3.200178958486728491e-03
1.013999057944412918e+00 -3.478342703628364060e-03
1.013962907236007016e+00 -3.750856187432591912e-03
1.013924059693249724e+00 -4.017707874417207614e-03
1.013882571980642355e+00 -4.278888900655704319e-03
1.013838500838098122e+00 -4.534393042326449047e-03
1.013791903054703791e+00 -4.784216682930607020e-03
1.013742835442816403e+00 -5.028358779224079492e-03
1.013691354812505274e+00 -5.266820825909185842e-03
1.013637517946354816e+00 -5.499606819132274796e-03
1.013581381574637286e+00 -5.726723218833811718e-03
1.013523002350867452e+00 -5.948178909997822901e-03
1.013462436827750501e+00 -6.163985162847839677e-03
1.013399741433532730e+00 -6.374155592036695114e-03
1.013334972448765470e+00 -6.578706114877695167e-03
1.013268185983490888e+00 -6.777654908664788522e-03
1.013199437954859672e+00 -6.971022367129416607e-03
1.013128784065187471e+00 -7.158831056081733923e-03
1.013056279780459201e+00 -7.341105668283841139e-03
1.012981980309287877e+00 -7.517872977602580581e-03
1.012905940582336184e+00 -7.689161792489309331e-03
1.012828215232205453e+00 -7.855002908833869091e-03
1.012748858573799371e+00 -8.015429062239747340e-03
1.012667924585168189e+00 -8.170474879767145038e-03
1.012585466888836994e+00 -8.320176831190337352e-03
1.012501538733624473e+00 -8.464573179815368734e-03
1.012416192976954621e+00 -8.603703932903702944e-03
1.012329482067667596e+00 -8.737610791747018463e-03
1.012241458029329078e+00 -8.866337101437849616e-03
1.012152172444045206e+00 -8.989927800380267259e-03
1.012061676436782909e+00 -9.108429369584230759e-03
1.011970020660197811e+00 -9.221889781786644577e-03
1.011877255279971966e+00 -9.330358450441573331e-03
1.011783429960662284e+00 -9.433886178621359725e-03
1.011688593852059892e+00 -9.532525107869754821e-03
1.011592795576061521e+00 -9.626328667047441556e-03
1.011496083214051378e+00 -9.715351521209588184e-03
1.011398504294795053e+00 -9.799649520554317220e-03
1.011300105782842795e+00 -9.879279649480173994e-03
1.011200934067441715e+00 -9.954299975789893118e-03
1.011101034951954469e+00 -1.002476960007688336e-02
1.011000453643784214e+00 -1.009074860533005352e-02
1.010899234744801367e+00 -1.015229800679167717e-02
1.010797422242270205e+00 -1.020947970210215466e-02
1.010695059500273274e+00 -1.026235642176457317e-02
1.010592189251628747e+00 -1.031099167996109463e-02
1.010488853590298497e+00 -1.035544972575223183e-02
1.010385093964280667e+00 -1.039579549468915357e-02
1.010280951168985863e+00 -1.043209456086817595e-02
1.010176465341088736e+00 -1.046441308945566216e-02
1.010071675952852965e+00 -1.049281778971056060e-02
1.009966621806922982e+00 -1.051737586853082607e-02
1.009861341031577320e+00 -1.053815498454900405e-02
1.009755871076438938e+00 -1.055522320280124875e-02
1.009650248708634956e+00 -1.056864894999306331e-02
1.009544510009401153e+00 -1.057850097038404852e-02
1.009438690371124325e+00 -1.058484828231295687e-02
1.009332824494816316e+00 -1.058776013538334677e-02
1.009226946388012136e+00 -1.058730596832914775e-02
1.009121089363087087e+00 -1.058355536757843787e-02
1.009015286035983561e+00 -1.057657802653277218e-02
1.008909568325342176e+00 -1.056644370557838913e-02
1.008803967452028161e+00 -1.055322219284467351e-02
1.008698513939047636e+00 -1.053698326572425487e-02
1.008593237611844051e+00 -1.051779665316817866e-02
1.008488167598967422e+00 -1.049573199876861936e-02
1.008383332333109506e+00 -1.047085882464065913e-02
1.008278759552496018e+00 -1.044324649611373321e-02
1.008174476302627243e+00 -1.041296418724238851e-02
1.008070508938359700e+00 -1.038008084714512475e-02
1.007966883126320656e+00 -1.034466516717914668e-02
1.007863623847646162e+00 -1.030678554895801333e-02
1.007760755401035269e+00 -1.026651007321823482e-02
1.007658301406110013e+00 -1.022390646954006617e-02
1.007556284807075819e+00 -1.017904208692686774e-02
1.007454727876669898e+00 -1.013198386524656949e-02
1.007353652220392748e+00 -1.008279830753797471e-02
1.007253078781010336e+00 -1.003155145318384255e-02
1.007153027843321613e+00 -9.978308851951884009e-03
1.007053519039180944e+00 -9.923135538904068534e-03
1.006954571352767003e+00 -9.866096010173873443e-03
1.006856203126089477e+00 -9.807254199610383402e-03
1.006758432064724706e+00 -9.746673456287446163e-03
1.006661275243772913e+00 -9.684416522875381392e-03
1.006564749114026380e+00 -9.620545514872080178e-03
1.006468869508341690e+00 -9.555121900689675374e-03
1.006373651648206691e+00 -9.488206482592317567e-03
1.006279110150493095e+00 -9.419859378480003459e-03
1.006185259034388713e+00 -9.350140004512777145e-03
1.006092111728497551e+00 -9.279107058569059305e-03
1.005999681078101782e+00 -9.206818504531321529e-03
1.005907979352577586e+00 -9.133331557391759226e-03
1.005817018252954220e+00 -9.058702669170122165e-03
1.005726808919611637e+00 -8.982987515635355164e-03
1.005637361940105556e+00 -8.906240983822231311e-03
1.005548687357114002e+00 -8.828517160333698710e-03
1.005460794676496850e+00 -8.749869320419238414e-03
1.005373692875461300e+00 -8.670349917819104510e-03
1.005287390410823933e+00 -8.590010575363916587e-03
1.005201895227363806e+00 -8.508902076318724389e-03
1.005117214766258815e+00 -8.427074356460281107e-03
1.005033355973596443e+00 -8.344576496875935612e-03
1.004950325308954229e+00 -8.261456717472239961e-03
1.004868128754041079e+00 -8.177762371181073603e-03
1.004786771821392977e+00 -8.093539938850782128e-03
1.004706259563116655e+00 -8.008835024809609834e-03
1.004626596579673903e+00 -7.923692353088417420e-03
1.004547787028701400e+00 -7.838155764289493968e-03
1.004469834633857195e+00 -7.752268213088026050e-03
1.004392742693690721e+00 -7.666071766352644534e-03
1.004316514090527024e+00 -7.579607601871253715e-03
1.004241151299361645e+00 -7.492916007668225069e-03
1.004166656396759727e+00 -7.406036381898888771e-03
1.004093031069752451e+00 -7.319007233307139870e-03
1.004020276624726593e+00 -7.231866182231865871e-03
1.003948393996301203e+00 -7.144649962147825266e-03
1.003877383756186736e+00 -7.057394421726523315e-03
1.003807246122020436e+00 -6.970134527402581034e-03
1.003737980966173726e+00 -6.882904366431045681e-03
1.003669587824526976e+00 -6.795737150421072778e-03
1.003602065905206064e+00 -6.708665219331375051e-03
1.003535414097277423e+00 -6.621720045912864866e-03
1.003469630979395788e+00 -6.534932240583895061e-03
1.003404714828401323e+00 -6.448331556723557734e-03
1.003340663627862339e+00 -6.361946896368517873e-03
1.003277475076558067e+00 -6.275806316298931584e-03
1.003215146596899476e+00 -6.189937034499031626e-03
1.003153675343283480e+00 -6.104365436978067931e-03
1.003093058210376975e+00 -6.019117084937354936e-03
1.003033291841327834e+00 -5.934216722269279945e-03
1.002974372635899059e+00 -5.849688283374233390e-03
1.002916296758523451e+00 -5.765554901281535506e-03
1.002859060146275239e+00 -5.681838916060558825e-03
1.002802658516757095e+00 -5.598561883508382069e-03
1.002747087375897461e+00 -5.515744584100451542e-03
1.002692342025658601e+00 -5.433407032190877908e-03
1.002638417571650509e+00 -5.351568485449156691e-03
1.002585308930649788e+00 -5.270247454520260444e-03
1.002533010838020822e+00 -5.189461712895236147e-03
1.002481517855037030e+00 -5.109228306979607913e-03
1.002430824376100205e+00 -5.029563566347084597e-03
1.002380924635857262e+00 -4.950483114166253154e-03
1.002331812716211523e+00 -4.872001877788145058e-03
1.002283482553227412e+00 -4.794134099482759946e-03
1.002235927943926352e+00 -4.716893347312850135e-03
1.002189142552974754e+00 -4.640292526133463907e-03
1.002143119919260084e+00 -4.564343888705985758e-03
1.002097853462356136e+00 -4.489059046915615594e-03
1.002053336488874846e+00 -4.414448983081459624e-03
1.002009562198705517e+00 -4.340524061348633757e-03
1.001966523691139255e+00 -4.267294039152017167e-03
1.001924213970878164e+00 -4.194768078741509601e-03
1.001882625953929740e+00 -4.122954758758907122e-03
1.001841752473384473e+00 -4.051862085856729537e-03
1.001801586285077983e+00 -3.981497506349574757e-03
1.001762120073135698e+00 -3.911867917888831210e-03
1.001723346455401176e+00 -3.842979681151799734e-03
1.001685257988747191e+00 -3.774838631536540055e-03
1.001647847174270245e+00 -3.707450090853987249e-03
1.001611106462368062e+00 -3.640818879009133802e-03
1.001575028257700506e+00 -3.574949325663316201e-03
1.001539604924033044e+00 -3.509845281869889127e-03
1.001504828788965629e+00 -3.445510131675814068e-03
1.001470692148544561e+00 -3.381946803681934628e-03
1.001437187271759122e+00 -3.319157782554948890e-03
1.001404306404924283e+00 -3.257145120484337703e-03
1.001372041775947519e+00 -3.195910448577738480e-03
1.001340385598483707e+00 -3.135454988188506910e-03
1.001309330075975890e+00 -3.075779562169431072e-03
1.001278867405584805e+00 -3.016884606046809150e-03
1.001248989782005827e+00 -2.958770179109334025e-03
1.001219689401177115e+00 -2.901435975406451741e-03
1.001190958463876957e+00 -2.844881334651105063e-03
1.001162789179213197e+00 -2.789105253021983630e-03
1.001135173768004982e+00 -2.734106393860638584e-03
1.001108104466057913e+00 -2.679883098259039451e-03
1.001081573527334179e+00 -2.626433395533362639e-03
1.001055573227018769e+00 -2.573755013580027347e-03
1.001030095864481773e+00 -2.521845389110199780e-03
1.001005133766140309e+00 -2.470701677759199952e-03
1.000980679288218544e+00 -2.420320764067451346e-03
1.000956724819409782e+00 -2.370699271329814502e-03
1.000933262783439970e+00 -2.321833571310349866e-03
1.000910285641535280e+00 -2.273719793819746482e-03
1.000887785894793991e+00 -2.226353836152848709e-03
1.000865756086465330e+00 -2.179731372383900481e-03
1.000844188804135504e+00 -2.133847862517312694e-03
1.000823076681823798e+00 -2.088698561491938825e-03
1.000802412401988084e+00 -2.044278528037022161e-03
1.000782188697443953e+00 -2.000582633378152758e-03
1.000762398353196359e+00 -1.957605569791739681e-03
1.000743034208187332e+00 -1.915341859006670791e-03
1.000724089156959762e+00 -1.873785860451990682e-03
1.000705556151240128e+00 -1.832931779349591256e-03
1.000687428201440410e+00 -1.792773674651056050e-03
1.000669698378082062e+00 -1.753305466817951189e-03
1.000652359813142489e+00 -1.714520945445003729e-03
1.000635405701326475e+00 -1.676413776725742179e-03
1.000618829301263002e+00 -1.638977510760319034e-03
1.000602623936631019e+00 -1.602205588705362229e-03
1.000586782997213264e+00 -1.566091349765832324e-03
1.000571299939881698e+00 -1.530628038028989269e-03
1.000556168289514991e+00 -1.495808809140688643e-03
1.000541381639850513e+00 -1.461626736824348004e-03
1.000526933654271255e+00 -1.428074819243034836e-03
1.000512818066530585e+00 -1.395145985205232912e-03
1.000499028681415270e+00 -1.362833100214954751e-03
1.000485559375348998e+00 -1.331128972366961470e-03
1.000472404096937495e+00 -1.300026358087952435e-03
1.000459556867457023e+00 -1.269517967724678124e-03
1.000447011781288476e+00 -1.239596470980017066e-03
1.000434763006296413e+00 -1.210254502198145933e-03
1.000422804784157682e+00 -1.181484665500009924e-03
1.000411131430637868e+00 -1.153279539770379544e-03
1.000399737335819772e+00 -1.125631683497853135e-03
1.000388616964283939e+00 -1.098533639469236739e-03
1.000377764855242102e+00 -1.071977939319795122e-03
1.000367175622627114e+00 -1.045957107940936057e-03
1.000356843955139130e+00 -1.020463667746946594e-03
1.000346764616248718e+00 -9.954901428024561915e-04
1.000336932444161331e+00 -9.710290628123567592e-04
1.000327342351740922e+00 -9.470729669759581559e-04
1.000317989326396262e+00 -9.236144077072031867e-04
1.000308868429931275e+00 -9.006459542228112750e-04
1.000299974798358749e+00 -8.781601960002601926e-04
1.000291303641681839e+00 -8.561497461075506929e-04
1.000282850243641608e+00 -8.346072444067360744e-04
1.000274609961433470e+00 -8.135253606332278715e-04
1.000266578225394110e+00 -7.928967973529190078e-04
1.000258750538657981e+00 -7.727142927991906838e-04
1.000251122476788046e+00 -7.529706235918939925e-04
1.000243689687377868e+00 -7.336586073404164450e-04
1.000236447889629732e+00 -7.147711051329626699e-04
1.000229392873907663e+00 -6.963010239141947076e-04
1.000222520501267365e+00 -6.782413187533891351e-04
1.000215826702964161e+00 -6.605849950052812688e-04
1.000209307479940080e+00 -6.433251103657737415e-04
1.000202958902290051e+00 -6.264547768246947696e-04
1.000196777108709689e+00 -6.099671625177948992e-04
1.000190758305925742e+00 -5.938554934801744878e-04
1.000184898768107677e+00 -5.781130553033330928e-04
1.000179194836265051e+00 -5.627331946980329179e-04
1.000173642917628225e+00 -5.477093209651630410e-04
1.000168239485015986e+00 -5.330349073767874689e-04
1.000162981076189173e+00 -5.187034924695529004e-04
1.000157864293191867e+00 -5.047086812526234119e-04
1.000152885801680824e+00 -4.910441463323009280e-04
1.000148042330244458e+00 -4.777036289554767337e-04
1.000143330669711395e+00 -4.646809399740482803e-04
1.000138747672449924e+00 -4.519699607324203583e-04
1.000134290251659452e+00 -4.395646438801948568e-04
1.000129955380652635e+00 -4.274590141121360353e-04
1.000125740092132620e+00 -4.156471688374804006e-04
1.000121641477462076e+00 -4.041232787806418479e-04
1.000117656685927781e+00 -3.928815885153414756e-04
1.000113782923999439e+00 -3.819164169341712637e-04
1.000110017454584499e+00 -3.712221576555782532e-04
1.000106357596279194e+00 -3.607932793702331507e-04
1.000102800722616259e+00 -3.506243261287228324e-04
1.000099344261310197e+00 -3.407099175724823169e-04
1.000095985693500111e+00 -3.310447491098558086e-04
1.000092722552992086e+00 -3.216235920391507163e-04
1.000089552425499129e+00 -3.124412936205214503e-04
1.000086472947881555e+00 -3.034927770984928008e-04
1.000083481807388042e+00 -2.947730416769047302e-04
1.000080576740895122e+00 -2.862771624480316265e-04
1.000077755534149571e+00 -2.780002902776012533e-04
1.000075016021011454e+00 -2.699376516474081677e-04
1.000072356082698510e+00 -2.620845484571878077e-04
1.000069773647033644e+00 -2.544363577873867146e-04
1.000067266687693746e+00 -2.469885316244346471e-04
1.000064833223463179e+00 -2.397365965500939603e-04
1.000062471317488377e+00 -2.326761533964301538e-04
1.000060179076538214e+00 -2.258028768679177579e-04
1.000057954650266367e+00 -2.191125151321639069e-04
1.000055796230479910e+00 -2.126008893807010750e-04
1.000053702050410331e+00 -2.062638933612694417e-04
1.000051670383991231e+00 -2.000974928829780486e-04
1.000049699545139781e+00 -1.940977252957026020e-04
1.000047787887044182e+00 -1.882606989450466865e-04
1.000045933801456677e+00 -1.825825926041620931e-04
1.000044135717992111e+00 -1.770596548836925763e-04
1.000042392103432487e+00 -1.716882036210748354e-04
1.000040701461037962e+00 -1.664646252503992365e-04
1.000039062329864059e+00 -1.613853741540024588e-04
1.000037473284085543e+00 -1.564469719969334882e-04
1.000035932932326954e+00 -1.516460070454042088e-04
1.000034439916999807e+00 -1.469791334703057068e-04
1.000032992913647778e+00 -1.424430706368413381e-04
1.000031590630297451e+00 -1.380346023812983934e-04
1.000030231806818160e+00 -1.337505762759505956e-04
1.000028915214287828e+00 -1.295879028830544991e-04
1.000027639654366807e+00 -1.255435549988744004e-04
1.000026403958679477e+00 -1.216145668886418142e-04
1.000025206988203630e+00 -1.177980335133273801e-04
1.000024047632667168e+00 -1.140911097490755120e-04
1.000022924809952807e+00 -1.104910096001245653e-04
1.000021837465511210e+00 -1.069950054060083517e-04
1.000020784571780785e+00 -1.036004270438081363e-04
1.000019765127617255e+00 -1.003046611261981872e-04
1.000018778157729660e+00 -9.710515019600175345e-05
1.000017822712125470e+00 -9.399939191794932588e-05
1.000016897865563248e+00 -9.098493826830575068e-05
1.000016002717013519e+00 -8.805939472300823112e-05
1.000015136389127868e+00 -8.522041944493303773e-05
1.000014298027716464e+00 -8.246572247088524528e-05
1.000013486801232920e+00 -7.979306489888212599e-05
1.000012701900268031e+00 -7.720025807627835799e-05
1.000011942537051279e+00 -7.468516278925853465e-05
1.000011207944960567e+00 -7.224568845420068159e-05
1.000010497378039487e+00 -6.987979231139285837e-05
1.000009810110523700e+00 -6.758547862156392885e-05
1.000009145436374425e+00 -6.536079786566897096e-05
1.000008502668820354e+00 -6.320384594834969818e-05
1.000007881139907351e+00 -6.111276340547047822e-05
1.000007280200055915e+00 -5.908573461611143921e-05
1.000006699217626860e+00 -5.712098701938122706e-05
1.000006137578494547e+00 -5.521679033639377050e-05
1.000005594685628107e+00 -5.337145579773552037e-05
1.000005069958679771e+00 -5.158333537673214056e-05
1.000004562833581634e+00 -4.985082102880673463e-05
1.000004072762149310e+00 -4.817234393720513106e-05
1.000003599211693794e+00 -4.654637376534767656e-05
1.000003141664639994e+00 -4.497141791605129338e-05
1.000002699618153024e+00 -4.344602079785044518e-05
1.000002272583772278e+00 -4.196876309863076189e-05
1.000001860087051497e+00 -4.053826106677482370e-05
1.000001461667207492e+00 -3.915316580000561099e-05
1.000001076876774420e+00 -3.781216254209962221e-05
1.000000705281266278e+00 -3.651396998762861047e-05
1.000000346458845835e+00 -3.525733959487616391e-05
1.000000000000000222e+00 -3.404105490706306253e-05
