8.985279102617147462e-01 0.000000000000000000e+00
8.985390434864547471e-01 2.226643913952292258e-03
8.985724430821825370e-01 4.453268745674915721e-03
8.986281086400126350e-01 6.679825432562014331e-03
8.987060390969699997e-01 8.906232223425052802e-03
8.988062324092516153e-01 1.113237471050464687e-02
8.989286852258870919e-01 1.335810587747067110e-02
8.990733925629662560e-01 1.558324616531183045e-02
8.992403474786235806e-01 1.780758355800429044e-02
8.994295407489859562e-01 2.003087368983297659e-02
8.996409605453093983e-01 2.225283997621848101e-02
8.998745921125494984e-01 2.447317376987699286e-02
9.001304174496271848e-01 2.669153454411007237e-02
9.004084149916710134e-01 2.890755010498506292e-02
9.007085592945324182e-01 3.112081683412557670e-02
9.010308207218891141e-01 3.333089996378423014e-02
9.013751651352672756e-01 3.553733388581682001e-02
9.017415535873295473e-01 3.773962249611812619e-02
9.021299420187910423e-01 3.993723957601424263e-02
9.025402809593400244e-01 4.212962921203504407e-02
9.029725152329536320e-01 4.431620625541253522e-02
9.034265836680128725e-01 4.649635682256680197e-02
9.039024188126320025e-01 4.866943883775066287e-02
9.043999466556298383e-01 5.083478261892734884e-02
9.049190863535799823e-01 5.299169150785216359e-02
9.054597499643867176e-01 5.513944254521953303e-02
9.060218421878406536e-01 5.727728719162120119e-02
9.066052601136157518e-01 5.940445209493950413e-02
9.072098929771746922e-01 6.152013990467204013e-02
9.078356219240534264e-01 6.362353013355073750e-02
9.084823197829996477e-01 6.571378006667970284e-02
9.091498508484404661e-01 6.779002571827233425e-02
9.098380706727554612e-01 6.985138283591979524e-02
9.105468258688288463e-01 7.189694795216967915e-02
9.112759539233530326e-01 7.392579948303693027e-02
9.120252830213488870e-01 7.593699887290843165e-02
9.127946318823652039e-01 7.792959178513898799e-02
9.135838096088083615e-01 7.990260933747007910e-02
9.143926155468461436e-01 8.185506938123486564e-02
9.152208391603176008e-01 8.378597782314274600e-02
9.160682599180682839e-01 8.569432998826653769e-02
9.169346471951145272e-01 8.757911202268460482e-02
9.178197601880254686e-01 8.943930233405987529e-02
9.187233478448930679e-01 9.127387306826872937e-02
9.196451488102397320e-01 9.308179162002558349e-02
9.205848913851935045e-01 9.486202217528427738e-02
9.215422935032355767e-01 9.661352728303636284e-02
9.225170627218028940e-01 9.833526945396914298e-02
9.235088962300003201e-01 1.000262127832941550e-01
9.245174808726500659e-01 1.016853245949101842e-01
9.255424931908771136e-01 1.033115771039246483e-01
9.265835994793988339e-01 1.049039490944242148e-01
9.276404558606550221e-01 1.064614276092601952e-01
9.287127083758821566e-01 1.079830096484978436e-01
9.297999930932006052e-01 1.094677038730711843e-01
9.309019362327504155e-01 1.109145323100878544e-01
9.320181543088723597e-01 1.123225320561416635e-01
9.331482542892975962e-01 1.136907569749151109e-01
9.342918337712682320e-01 1.150182793852905089e-01
9.354484811744760986e-01 1.163041917361368194e-01
9.366177759506665312e-01 1.175476082639010378e-01
9.377992888097159696e-01 1.187476666291073374e-01
9.389925819619525660e-01 1.199035295278555874e-01
9.401972093764504601e-01 1.210143862744131188e-01
9.414127170549897450e-01 1.220794543510095587e-01
9.426386433213335136e-01 1.230979809209754999e-01
9.438745191254378497e-01 1.240692443014105723e-01
9.451198683621698793e-01 1.249925553916260146e-01
9.463742082040742520e-01 1.258672590536808744e-01
9.476370494476898942e-01 1.266927354414189022e-01
9.489078968728855701e-01 1.274684012745159467e-01
9.501862496146465942e-01 1.281937110541636338e-01
9.514716015467128418e-01 1.288681582171449513e-01
9.527634416764368952e-01 1.294912762252004856e-01
9.540612545501996333e-01 1.300626395867396923e-01
9.553645206686931513e-01 1.305818648081192024e-01
9.566727169113532492e-01 1.310486112718896035e-01
9.579853169691994186e-01 1.314625820396024825e-01
9.593017917853159382e-01 1.318235245769696640e-01
9.606216100021883753e-01 1.321312313993761867e-01
9.619442384150894698e-01 1.323855406359669973e-01
9.632691424306915051e-01 1.325863365107528835e-01
9.645957865300700540e-01 1.327335497394134811e-01
9.659236347352493368e-01 1.328271578407136666e-01
9.672521510784309884e-01 1.328671853616922027e-01
9.685808000730411482e-01 1.328537040160278349e-01
9.699090471857256812e-01 1.327868327352374478e-01
9.712363593084210045e-01 1.326667376326111092e-01
9.725622052296281073e-01 1.324936318800401247e-01
9.738860561040213470e-01 1.322677754981445297e-01
9.752073859195277139e-01 1.319894750603550215e-01
9.765256719610199143e-01 1.316590833118506665e-01
9.778403952697779511e-01 1.312769987044955511e-01
9.791510410978859769e-01 1.308436648491548004e-01
9.804570993567454096e-01 1.303595698870023967e-01
9.817580650589040614e-01 1.298252457816574112e-01
9.830534387524189066e-01 1.292412675342027029e-01
9.843427269469927632e-01 1.286082523233482711e-01
9.856254425311490319e-01 1.279268585732011021e-01
9.869011051797323963e-01 1.271977849512915815e-01
9.881692417510534732e-01 1.264217692996852938e-01
9.894293866730217157e-01 1.255995875021751196e-01
9.906810823176445124e-01 1.247320522907034851e-01
9.919238793632996209e-01 1.238200119943058813e-01
9.931573371442241616e-01 1.228643492339963755e-01
9.943810239866968104e-01 1.218659795671305224e-01
9.955945175314263595e-01 1.208258500848831962e-01
9.967974050416953391e-01 1.197449379665664199e-01
9.979892836968481395e-01 1.186242489945859152e-01
9.991697608707463818e-01 1.174648160338944008e-01
1.000338454394859022e+00 1.162676974798450141e-01
1.001494992805688433e+00 1.150339756783790301e-01
1.002639015576276549e+00 1.137647553224993557e-01
1.003770173331574256e+00 1.124611618289840381e-01
1.004888128047494833e+00 1.111243396992839944e-01
1.005992553233514331e+00 1.097554508685252006e-01
1.007083134098718080e+00 1.083556730464991097e-01
1.008159567701233383e+00 1.069261980544758961e-01
1.009221563081025286e+00 1.054682301616142737e-01
1.010268841376069426e+00 1.039829844246688284e-01
1.011301135921954142e+00 1.024716850346127223e-01
1.012318192334997535e+00 1.009355636736995326e-01
1.013319768579002300e+00 9.937585788638489404e-02
1.014305635015802398e+00 9.779380946741618452e-02
1.015275574439789663e+00 9.619066287027754070e-02
1.016229382096640377e+00 9.456766363904958728e-02
1.017166865686488286e+00 9.292605686660782016e-02
1.018087845351824283e+00 9.126708568194216720e-02
1.018992153650425392e+00 8.959198976923396507e-02
1.019879635513643690e+00 8.790200392117457351e-02
1.020750148190409323e+00 8.619835662885502736e-02
1.021603561177324648e+00 8.448226871039732355e-02
1.022439756135246514e+00 8.275495198033708255e-02
1.023258626792774573e+00 8.101760796160434319e-02
1.024060078837078169e+00 7.927142664178571385e-02
1.024844029792515432e+00 7.751758527518659569e-02
1.025610408887505764e+00 7.575724723204839417e-02
1.026359156910137127e+00 7.399156089611227949e-02
1.027090226052993716e+00 7.222165861155967204e-02
1.027803579747704310e+00 7.044865568019985369e-02
1.028499192489716219e+00 6.867364940961795394e-02
1.029177049653808629e+00 6.689771821284294651e-02
1.029837147300861844e+00 6.512192075994430174e-02
1.030479491976402429e+00 6.334729518182004304e-02
1.031104100501448517e+00 6.157485832629642358e-02
1.031710999756178193e+00 5.980560506652236180e-02
1.032300226456941417e+00 5.804050766150926216e-02
1.032871826927137526e+00 5.628051516854002539e-02
1.033425856862475234e+00 5.452655290704964963e-02
1.033962381091125815e+00 5.277952197346425650e-02
1.034481473329277090e+00 5.104029880637586669e-02
1.034983215932588019e+00 4.930973480132679748e-02
1.035467699644035955e+00 4.758865597438044492e-02
1.035935023338639738e+00 4.587786267356446651e-02
1.036385293765532012e+00 4.417812933718779506e-02
1.036818625287844631e+00 4.249020429795517112e-02
1.037235139620860336e+00 4.081480963173107074e-02
1.037634965568869472e+00 3.915264104973978365e-02
1.038018238761160728e+00 3.750436783292956933e-02
1.038385101387560683e+00 3.587063280717598529e-02
1.038735701933924727e+00 3.425205235795313746e-02
1.039070194917965262e+00 3.264921648306089164e-02
1.039388740625791341e+00 3.106268888196154002e-02
1.039691504849519665e+00 2.949300708025045376e-02
1.039978658626298458e+00 2.794068258776169142e-02
1.040250377979075491e+00 2.640620108879158934e-02
1.040506843659421365e+00 2.489002266291030427e-02
1.040748240892708232e+00 2.339258203482330947e-02
1.040974759125925742e+00 2.191428885174149382e-02
1.041186591778401338e+00 2.045552798671975564e-02
1.041383935995678467e+00 1.901665986642932932e-02
1.041566992406787406e+00 1.759802082183866551e-02
1.041735964885131427e+00 1.619992346029080002e-02
1.041891060313194339e+00 1.482265705748204987e-02
1.042032488351261721e+00 1.346648796786692470e-02
1.042160461210331235e+00 1.213166005203729532e-02
1.042275193429376801e+00 1.081839511964991472e-02
1.042376901657112942e+00 9.526893386504918168e-03
1.042465804438396093e+00 8.257333944408943791e-03
1.042542122005381655e+00 7.009875242489583581e-03
1.042606076073546717e+00 5.784655578662900241e-03
1.042657889642673030e+00 4.581793599992471308e-03
1.042697786802872839e+00 3.401388810716629227e-03
1.042725992545727509e+00 2.243522086760066977e-03
1.042742732580600684e+00 1.108256195586592016e-03
1.042748233156170601e+00 -4.363679708695427512e-06
1.042742720887220198e+00 -1.094309413127278604e-03
1.042726422586712554e+00 -2.161569406331839173e-03
1.042699565103166304e+00 -3.206148058021102924e-03
1.042662375163340149e+00 -4.228065233044983086e-03
1.042615079220223562e+00 -5.227355732146555557e-03
1.042557903306323031e+00 -6.204068763173913037e-03
1.042491072892226089e+00 -7.158267414561637031e-03
1.042414812750415587e+00 -8.090028131838596440e-03
1.042329346824301117e+00 -8.999440197876150405e-03
1.042234898102426088e+00 -9.886605217548721791e-03
1.042131688497803355e+00 -1.075163660743718233e-02
1.042019938732327233e+00 -1.159465909116462641e-02
1.041899868226199954e+00 -1.241580820091408612e-02
1.041771694992311037e+00 -1.321522978563843646e-02
1.041635635535499427e+00 -1.399307952643443625e-02
1.041491904756622899e+00 -1.474952245951544755e-02
1.041340715861359234e+00 -1.548473250718098229e-02
1.041182280273656113e+00 -1.619889201714589527e-02
1.041016807553743595e+00 -1.689219131055776785e-02
1.040844505320622781e+00 -1.756482823899791976e-02
1.040665579178938316e+00 -1.821700775072941994e-02
1.040480232650140335e+00 -1.884894146642471582e-02
1.040288667107841958e+00 -1.946084726457570149e-02
1.040091081717272381e+00 -2.005294887676071364e-02
1.039887673378728783e+00 -2.062547549291548349e-02
1.039678636674923995e+00 -2.117866137672910418e-02
1.039464163822129361e+00 -2.171274549126106512e-02
1.039244444625009978e+00 -2.222797113485168452e-02
1.039019666435049727e+00 -2.272458558737572992e-02
1.038790014112460636e+00 -2.320283976686758273e-02
1.038555669991475527e+00 -2.366298789652605469e-02
1.038316813848918052e+00 -2.410528718208778190e-02
1.038073622875947510e+00 -2.452999749954019176e-02
1.037826271652874333e+00 -2.493738109312796172e-02
1.037574932126945182e+00 -2.532770228359110948e-02
1.037319773592994654e+00 -2.570122718655793587e-02
1.037060962676861875e+00 -2.605822344100222968e-02
1.036798663321473635e+00 -2.639895994766127893e-02
1.036533036775493466e+00 -2.672370661729929486e-02
1.036264241584439860e+00 -2.703273412868989478e-02
1.035992433584175476e+00 -2.732631369618116965e-02
1.035717765896674969e+00 -2.760471684669762657e-02
1.035440388927975075e+00 -2.786821520602487945e-02
1.035160450368216356e+00 -2.811708029421535956e-02
1.034878095193686898e+00 -2.835158332994644481e-02
1.034593465670776702e+00 -2.857199504365630707e-02
1.034306701361758840e+00 -2.877858549927735099e-02
1.034017939132310993e+00 -2.897162392438238504e-02
1.033727313160693662e+00 -2.915137854855454416e-02
1.033434954948504680e+00 -2.931811644978849982e-02
1.033140993332930524e+00 -2.947210340872758599e-02
1.032845554500416485e+00 -2.961360377053905146e-02
1.032548762001681109e+00 -2.974288031422789649e-02
1.032250736768001387e+00 -2.986019412918827776e-02
1.031951597128695886e+00 -2.996580449879067062e-02
1.031651458829739409e+00 -3.005996879080247153e-02
1.031350435053438375e+00 -3.014294235443970224e-02
1.031048636439104493e+00 -3.021497842384777283e-02
1.030746171104662601e+00 -3.027632802781003718e-02
1.030443144669129785e+00 -3.032723990548383264e-02
1.030139660275908975e+00 -3.036796042796507250e-02
1.029835818616837706e+00 -3.039873352548413607e-02
1.029531717956938985e+00 -3.041980062003761531e-02
1.029227454159817645e+00 -3.043140056326274628e-02
1.028923120713653994e+00 -3.043376957936362592e-02
1.028618808757743031e+00 -3.042714121290100368e-02
1.028314607109532153e+00 -3.041174628126012622e-02
1.028010602292111830e+00 -3.038781283161415617e-02
1.027706878562115067e+00 -3.035556610220374596e-02
1.027403517937983013e+00 -3.031522848775658821e-02
1.027100600228556093e+00 -3.026701950887420930e-02
1.026798203061952686e+00 -3.021115578521667983e-02
1.026496401914697154e+00 -3.014785101231956532e-02
1.026195270141063043e+00 -3.007731594188108384e-02
1.025894879002595461e+00 -2.999975836536118712e-02
1.025595297697782682e+00 -2.991538310073806745e-02
1.025296593391844535e+00 -2.982439198227150243e-02
1.024998831246608511e+00 -2.972698385312628339e-02
1.024702074450446476e+00 -2.962335456071291118e-02
1.024406384248244928e+00 -2.951369695460673639e-02
1.024111819971383008e+00 -2.939820088691059985e-02
1.023818439067696096e+00 -2.927705321493007107e-02
1.023526297131401197e+00 -2.915043780603427531e-02
1.023235447932963060e+00 -2.901853554457928946e-02
1.022945943448881900e+00 -2.888152434077502148e-02
1.022657833891382761e+00 -2.873957914138034961e-02
1.022371167737989195e+00 -2.859287194211524927e-02
1.022085991760965040e+00 -2.844157180168243107e-02
1.021802351056608105e+00 -2.828584485729484371e-02
1.021520289074381527e+00 -2.812585434160917025e-02
1.021239847645869281e+00 -2.796176060096914814e-02
1.020961067013542500e+00 -2.779372111486623151e-02
1.020683985859326848e+00 -2.762189051652871527e-02
1.020408641332956723e+00 -2.744642061455402834e-02
1.020135069080110535e+00 -2.726746041550236546e-02
1.019863303270313271e+00 -2.708515614737329325e-02
1.019593376624602143e+00 -2.689965128389033844e-02
1.019325320442944438e+00 -2.671108656952185176e-02
1.019059164631402448e+00 -2.651960004516969518e-02
1.018794937729037731e+00 -2.632532707446048892e-02
1.018532666934550690e+00 -2.612840037057718653e-02
1.018272378132647926e+00 -2.592895002357184855e-02
1.018014095920136253e+00 -2.572710352810338510e-02
1.017757843631735826e+00 -2.552298581154691104e-02
1.017503643365611055e+00 -2.531671926242420531e-02
1.017251516008615742e+00 -2.510842375910741012e-02
1.017001481261250451e+00 -2.489821669875084270e-02
1.016753557662329222e+00 -2.468621302640827339e-02
1.016507762613353627e+00 -2.447252526429560815e-02
1.016264112402595288e+00 -2.425726354116122807e-02
1.016022622228883066e+00 -2.404053562172867031e-02
1.015783306225095828e+00 -2.382244693617854153e-02
1.015546177481360335e+00 -2.360310060963874759e-02
1.015311248067954697e+00 -2.338259749165426046e-02
1.015078529057916956e+00 -2.316103618560961391e-02
1.014848030549359459e+00 -2.293851307807937695e-02
1.014619761687491017e+00 -2.271512236808360952e-02
1.014393730686346640e+00 -2.249095609622723743e-02
1.014169944850226601e+00 -2.226610417370392808e-02
1.013948410594845528e+00 -2.204065441114675880e-02
1.013729133468195487e+00 -2.181469254730954502e-02
1.013512118171121301e+00 -2.158830227756420791e-02
1.013297368577612989e+00 -2.136156528220104628e-02
1.013084887754816199e+00 -2.113456125452009907e-02
1.012874677982761762e+00 -2.090736792870317301e-02
1.012666740773819463e+00 -2.068006110745729265e-02
1.012461076891874923e+00 -2.045271468942155141e-02
1.012257686371234700e+00 -2.022540069633044571e-02
1.012056568535259826e+00 -1.999818929992786334e-02
1.011857722014732897e+00 -1.977114884862681693e-02
1.011661144765958920e+00 -1.954434589391105051e-02
1.011466834088603495e+00 -1.931784521647544189e-02
1.011274786643271639e+00 -1.909170985210299071e-02
1.011084998468828156e+00 -1.886600111727692111e-02
1.010897464999463757e+00 -1.864077863452717754e-02
1.010712181081508731e+00 -1.841610035751119895e-02
1.010529140989998131e+00 -1.819202259582950246e-02
1.010348338444988503e+00 -1.796860003957717958e-02
1.010169766627631915e+00 -1.774588578363286637e-02
1.009993418196007298e+00 -1.752393135168727606e-02
1.009819285300713521e+00 -1.730278672001376444e-02
1.009647359600226002e+00 -1.708250034098379722e-02
1.009477632276018388e+00 -1.686311916633051813e-02
1.009310094047454642e+00 -1.664468867016393600e-02
1.009144735186450648e+00 -1.642725287174147050e-02
1.008981545531909774e+00 -1.621085435799787464e-02
1.008820514503935062e+00 -1.599553430583870034e-02
1.008661631117818258e+00 -1.578133250420165820e-02
1.008504883997810797e+00 -1.556828737589034152e-02
1.008350261390676295e+00 -1.535643599918488401e-02
1.008197751179029211e+00 -1.514581412923419849e-02
1.008047340894459909e+00 -1.493645621923447506e-02
1.007899017730448765e+00 -1.472839544139865724e-02
1.007752768555072675e+00 -1.452166370772159376e-02
1.007608579923503500e+00 -1.431629169054554791e-02
1.007466438090303562e+00 -1.411230884293070316e-02
1.007326329021516420e+00 -1.390974341883524125e-02
1.007188238406558245e+00 -1.370862249310948050e-02
1.007052151669909579e+00 -1.350897198130848048e-02
1.006918053982610139e+00 -1.331081665932739438e-02
1.006785930273557783e+00 -1.311418018286373242e-02
1.006655765240613842e+00 -1.291908510671057990e-02
1.006527543361516619e+00 -1.272555290388463142e-02
1.006401248904603696e+00 -1.253360398459279525e-02
1.006276865939346843e+00 -1.234325771504090306e-02
1.006154378346697298e+00 -1.215453243608795308e-02
1.006033769829247637e+00 -1.196744548174908003e-02
1.005915023921208018e+00 -1.178201319755029647e-02
1.005798123998199678e+00 -1.159825095873786606e-02
1.005683053286867468e+00 -1.141617318834495416e-02
1.005569794874312306e+00 -1.123579337511804860e-02
1.005458331717344889e+00 -1.105712409130541266e-02
1.005348646651562206e+00 -1.088017701030967802e-02
1.005240722400248643e+00 -1.070496292420645111e-02
1.005134541583101671e+00 -1.053149176113065896e-02
1.005030086724785443e+00 -1.035977260253214023e-02
1.004927340263311430e+00 -1.018981370030181029e-02
1.004826284558249183e+00 -1.002162249376954695e-02
1.004726901898767455e+00 -9.855205626574757918e-03
1.004629174511507017e+00 -9.690568963410424452e-03
1.004533084568287382e+00 -9.527717606641226619e-03
1.004438614193647217e+00 -9.366655912796194305e-03
1.004345745472220885e+00 -9.207387508936184031e-03
1.004254460455951792e+00 -9.049915308896292615e-03
1.004164741171143627e+00 -8.894241529403197274e-03
1.004076569625351967e+00 -8.740367706067234815e-03
1.003989927814115557e+00 -8.588294709248940617e-03
1.003904797727530163e+00 -8.438022759799580774e-03
1.003821161356665659e+00 -8.289551444675130956e-03
1.003739000699827022e+00 -8.142879732423018505e-03
1.003658297768661667e+00 -7.998005988540822855e-03
1.003579034594114017e+00 -7.854927990706049579e-03
1.003501193232227973e+00 -7.713642943875977098e-03
1.003424755769798615e+00 -7.574147495256492758e-03
1.003349704329876024e+00 -7.436437749138755104e-03
1.003276021077120772e+00 -7.300509281602429908e-03
1.003203688223012868e+00 -7.166357155084204962e-03
1.003132688030915709e+00 -7.033975932810200213e-03
1.003063002820997252e+00 -6.903359693090850742e-03
1.002994614975007748e+00 -6.774502043476797637e-03
1.002927506940917146e+00 -6.647396134774261924e-03
1.002861661237413271e+00 -6.522034674918368927e-03
1.002797060458261891e+00 -6.398409942702839269e-03
1.002733687276529562e+00 -6.276513801364463560e-03
1.002671524448672358e+00 -6.156337712020746623e-03
1.002610554818490485e+00 -6.037872746959110568e-03
1.002550761320950334e+00 -5.921109602776039073e-03
1.002492126985876641e+00 -5.806038613364553937e-03
1.002434634941515412e+00 -5.692649762748416657e-03
1.002378268417968732e+00 -5.580932697761467783e-03
1.002323010750504118e+00 -5.470876740570541040e-03
1.002268845382739082e+00 -5.362470901040406607e-03
1.002215755869703129e+00 -5.255703888939229108e-03
1.002163725880778067e+00 -5.150564125983068432e-03
1.002112739202519753e+00 -5.047039757717979198e-03
1.002062779741359932e+00 -4.945118665238317640e-03
1.002013831526193943e+00 -4.844788476739902809e-03
1.001965878710852076e+00 -4.746036578906740605e-03
1.001918905576458130e+00 -4.648850128130057290e-03
1.001872896533677837e+00 -4.553216061558468947e-03
1.001827836124855819e+00 -4.459121107978148910e-03
1.001783709026046409e+00 -4.366551798521940177e-03
1.001740500048936555e+00 -4.275494477206409280e-03
1.001698194142665477e+00 -4.185935311295922202e-03
1.001656776395541071e+00 -4.097860301492876715e-03
1.001616232036655063e+00 -4.011255291953309647e-03
1.001576546437399351e+00 -3.926105980127173913e-03
1.001537705112884424e+00 -3.842397926422643460e-03
1.001499693723262308e+00 -3.760116563693893191e-03
1.001462498074955798e+00 -3.679247206551876370e-03
1.001426104121794003e+00 -3.599775060497699235e-03
1.001390497966059723e+00 -3.521685230878277093e-03
1.001355665859446020e+00 -3.444962731664034678e-03
1.001321594203927523e+00 -3.369592494048493769e-03
1.001288269552545351e+00 -3.295559374869678690e-03
1.001255678610109889e+00 -3.222848164853347498e-03
1.001223808233821178e+00 -3.151443596678139489e-03
1.001192645433809369e+00 -3.081330352862815970e-03
1.001162177373598583e+00 -3.012493073475846703e-03
1.001132391370492591e+00 -2.944916363667682020e-03
1.001103274895887685e+00 -2.878584801026129111e-03
1.001074815575512034e+00 -2.813482942755327326e-03
1.001047001189594665e+00 -2.749595332678906202e-03
1.001019819672964495e+00 -2.686906508067978504e-03
1.000993259115082745e+00 -2.625401006294705072e-03
1.000967307760009417e+00 -2.565063371312242477e-03
1.000941954006305812e+00 -2.505878159961959055e-03
1.000917186406874659e+00 -2.447829948108879924e-03
1.000892993668739850e+00 -2.390903336606393145e-03
1.000869364652767768e+00 -2.335082957091323772e-03
1.000846288373330895e+00 -2.280353477610546319e-03
1.000823753997916343e+00 -2.226699608080379405e-03
1.000801750846680660e+00 -2.174106105580069295e-03
1.000780268391952443e+00 -2.122557779480735343e-03
1.000759296257684117e+00 -2.072039496411214130e-03
1.000738824218855738e+00 -2.022536185062295908e-03
1.000718842200830405e+00 -1.974032840830908502e-03
1.000699340278665250e+00 -1.926514530305862855e-03
1.000680308676377361e+00 -1.879966395596825973e-03
1.000661737766167736e+00 -1.834373658508240811e-03
1.000643618067603713e+00 -1.789721624559963836e-03
1.000625940246763212e+00 -1.745995686856441917e-03
1.000608695115339009e+00 -1.703181329806292528e-03
1.000591873629708806e+00 -1.661264132694200216e-03
1.000575466889968679e+00 -1.620229773107081548e-03
1.000559466138933429e+00 -1.580064030216513267e-03
1.000543862761104963e+00 -1.540752787919454992e-03
1.000528648281610478e+00 -1.502282037839335364e-03
1.000513814365109777e+00 -1.464637882189603023e-03
1.000499352814676612e+00 -1.427806536501875041e-03
1.000485255570651599e+00 -1.391774332220848190e-03
1.000471514709471377e+00 -1.356527719168161604e-03
1.000458122442472453e+00 -1.322053267877427388e-03
1.000445071114673068e+00 -1.288337671802669343e-03
1.000432353203533964e+00 -1.255367749402427988e-03
1.000419961317697837e+00 -1.223130446101812615e-03
1.000407888195710582e+00 -1.191612836134796046e-03
1.000396126704724331e+00 -1.160802124269063630e-03
1.000384669839184504e+00 -1.130685647415740139e-03
1.000373510719499981e+00 -1.101250876126330137e-03
1.000362642590700402e+00 -1.072485415979215675e-03
1.000352058821079027e+00 -1.044377008858063567e-03
1.000341752900823833e+00 -1.016913534124497817e-03
1.000331718440637063e+00 -9.900830096873985617e-04
1.000321949170345448e+00 -9.638735929711883922e-04
1.000312438937499993e+00 -9.382735817854682102e-04
1.000303181705968436e+00 -9.132714150983631306e-04
1.000294171554520384e+00 -8.888556737159339794e-04
1.000285402675405333e+00 -8.650150808700069914e-04
1.000276869372926480e+00 -8.417385027167651043e-04
1.000268566062008979e+00 -8.190149487484387142e-04
1.000260487266765308e+00 -7.968335721204213972e-04
1.000252627619056423e+00 -7.751836698961272120e-04
1.000244981857052906e+00 -7.540546832118917792e-04
1.000237544823792790e+00 -7.334361973642067540e-04
1.000230311465740707e+00 -7.133179418215606152e-04
1.000223276831345709e+00 -6.936897901631440544e-04
1.000216436069601089e+00 -6.745417599466580838e-04
1.000209784428605309e+00 -6.558640125074462852e-04
1.000203317254126034e+00 -6.376468526911511538e-04
1.000197029988165953e+00 -6.198807285220734589e-04
1.000190918167533249e+00 -6.025562308093921834e-04
1.000184977422416299e+00 -5.856640926933785350e-04
1.000179203474962142e+00 -5.691951891337134525e-04
1.000173592137861611e+00 -5.531405363419940715e-04
1.000168139312939797e+00 -5.374912911604871803e-04
1.000162840989752944e+00 -5.222387503891623298e-04
1.000157693244192458e+00 -5.073743500630089600e-04
1.000152692237096463e+00 -4.928896646816149137e-04
1.000147834212869125e+00 -4.787764063929533451e-04
1.000143115498108415e+00 -4.650264241332970083e-04
1.000138532500242761e+00 -4.516317027251484976e-04
1.000134081706177014e+00 -4.385843619350441105e-04
1.000129759680947306e+00 -4.258766554930586493e-04
1.000125563066387446e+00 -4.135009700758064894e-04
1.000121488579803541e+00 -4.014498242547028602e-04
1.000117533012661264e+00 -3.897158674112164811e-04
1.000113693229283340e+00 -3.782918786208130956e-04
1.000109966165557474e+00 -3.671707655072553459e-04
1.000106348827657587e+00 -3.563455630688926092e-04
1.000102838290775953e+00 -3.458094324785399953e-04
1.000099431697866859e+00 -3.355556598585131213e-04
1.000096126258404050e+00 -3.255776550323512394e-04
1.000092919247149936e+00 -3.158689502547274634e-04
1.000089808002937231e+00 -3.064231989210112312e-04
1.000086789927464803e+00 -2.972341742579142580e-04
1.000083862484105524e+00 -2.882957679966170294e-04
1.000081023196728092e+00 -2.796019890297399236e-04
1.000078269648531748e+00 -2.711469620534880847e-04
1.000075599480895860e+00 -2.629249261962660501e-04
1.000073010392242168e+00 -2.549302336350246843e-04
1.000070500136910789e+00 -2.471573482005689289e-04
1.000068066524051336e+00 -2.396008439730220533e-04
1.000065707416527339e+00 -2.322554038686083203e-04
1.000063420729834895e+00 -2.251158182188838029e-04
1.000061204431035522e+00 -2.181769833435113202e-04
1.000059056537703661e+00 -2.114339001176440149e-04
1.000056975116888180e+00 -2.048816725349490015e-04
1.000054958284088302e+00 -1.985155062672710178e-04
1.000053004202244411e+00 -1.923307072219041642e-04
1.000051111080742405e+00 -1.863226800974086155e-04
1.000049277174433593e+00 -1.804869269388780504e-04
1.000047500782667687e+00 -1.748190456935330445e-04
1.000045780248341787e+00 -1.693147287674851595e-04
1.000044113956962244e+00 -1.639697615844868555e-04
1.000042500335722506e+00 -1.587800211474527611e-04
1.000040937852594070e+00 -1.537414746035085293e-04
1.000039425015431860e+00 -1.488501778132952696e-04
1.000037960371094714e+00 -1.441022739252287288e-04
1.000036542504579407e+00 -1.394939919553852376e-04
1.000035170038169552e+00 -1.350216453736586826e-04
1.000033841630596942e+00 -1.306816306968057396e-04
1.000032555976219317e+00 -1.264704260889708016e-04
1.000031311804210343e+00 -1.223845899702554146e-04
1.000030107877763585e+00 -1.184207596338718315e-04
1.000028942993311354e+00 -1.145756498723954060e-04
1.000027815979756207e+00 -1.108460516136059695e-04
1.000026725697716223e+00 -1.072288305663841667e-04
1.000025671038784258e+00 -1.037209258771054697e-04
1.000024650924800085e+00 -1.003193487969513905e-04
1.000023664307135629e+00 -9.702118136053499331e-05
1.000022710165994422e+00 -9.382357507621581349e-05
1.000021787509722815e+00 -9.072374962845764781e-05
1.000020895374134966e+00 -8.771899159256187496e-05
1.000020032821849592e+00 -8.480665316208836754e-05
1.000019198941641152e+00 -8.198415088925602525e-05
1.000018392847801918e+00 -7.924896443859557899e-05
1.000017613679516915e+00 -7.659863535410831492e-05
1.000016860600251523e+00 -7.403076584016574655e-05
1.000016132797150847e+00 -7.154301755636744103e-05
1.000015429480450857e+00 -6.913311042655673699e-05
1.000014749882902176e+00 -6.679882146217686555e-05
1.000014093259204762e+00 -6.453798360013376435e-05
1.000013458885453899e+00 -6.234848455531559713e-05
1.000012846058598859e+00 -6.022826568790371848e-05
1.000012254095911990e+00 -5.817532088559441343e-05
1.000011682334468244e+00 -5.618769546083654580e-05
1.000011130130637138e+00 -5.426348506317574781e-05
1.000010596859584711e+00 -5.240083460678237996e-05
1.000010081914785465e+00 -5.059793721322719529e-05
1.000009584707546084e+00 -4.885303316955578746e-05
1.000009104666539139e+00 -4.716440890170077265e-05
1.000008641237346341e+00 -4.553039596325860697e-05
1.000008193882012231e+00 -4.394937003964659105e-05
1.000007762078608087e+00 -4.241974996764458135e-05
1.000007345320804930e+00 -4.093999677031523530e-05
1.000006943117456748e+00 -3.950861270728659472e-05
1.000006554992192598e+00 -3.812414034037083101e-05
1.000006180483018259e+00 -3.678516161448373931e-05
1.000005819141926766e+00 -3.549029695382048181e-05
1.000005470534518492e+00 -3.423820437323443408e-05
1.000005134239629223e+00 -3.302757860475789739e-05
1.000004809848967557e+00 -3.185715023919533524e-05
1.000004496966760081e+00 -3.072568488271250169e-05
1.000004195209405866e+00 -2.963198232833748637e-05
1.000003904205138516e+00 -2.857487574228296246e-05
1.000003623593696656e+00 -2.755323086499246940e-05
1.000003353026001518e+00 -2.656594522680733123e-05
1.000003092163843643e+00 -2.561194737814501804e-05
1.000002840679575788e+00 -2.469019613407425525e-05
1.000002598255814723e+00 -2.379967983316693767e-05
1.000002364585148795e+00 -2.293941561050200911e-05
1.000002139369854381e+00 -2.210844868469185391e-05
1.000001922321618109e+00 -2.130585165879737245e-05
1.000001713161266403e+00 -2.053072383499388777e-05
1.000001511618501926e+00 -1.978219054284620189e-05
1.000001317431646664e+00 -1.905940248104760325e-05
1.000001130347391687e+00 -1.836153507247433384e-05
1.000000950120552679e+00 -1.768778783240397817e-05
1.000000776513832346e+00 -1.703738374974345178e-05
1.000000609297588605e+00 -1.640956868110969138e-05
1.000000448249608986e+00 -1.580361075760378429e-05
1.000000293154890807e+00 -1.521879980411718236e-05
1.000000143805426900e+00 -1.465444677100669429e-05
9.999999999999974465e-01 -1.410988317797323881e-05
