8.964511619381618779e-01 0.000000000000000000e+00
8.964603257205832065e-01 1.832755842026678132e-03
8.964878170190961892e-01 3.665499832176519548e-03
8.965336355797417500e-01 5.498201497159685251e-03
8.965977807422889079e-01 7.330810057953647194e-03
8.966802512372504808e-01 9.163254445562599854e-03
8.967810449830940778e-01 1.099544332457315539e-02
8.969001588837315353e-01 1.282726512539862293e-02
8.970375886263779464e-01 1.465858808609993465e-02
8.971933284798805364e-01 1.648926030466542000e-02
8.973673710936260761e-01 1.831910980262403676e-02
8.975597072971449597e-01 2.014794460085726074e-02
8.977703259005377356e-01 2.197555280846362480e-02
8.979992134958589833e-01 2.380170272551653671e-02
8.982463542596023087e-01 2.562614296054088747e-02
8.985117297564361172e-01 2.744860256351640618e-02
8.987953187443510350e-01 2.926879117519626955e-02
8.990970969813850688e-01 3.108639919350765501e-02
8.994170370341014742e-01 3.290109795777676482e-02
8.997551080880006324e-01 3.471253995149452265e-02
9.001112757600553405e-01 3.652035902431025743e-02
9.004855019135651339e-01 3.832417063390950590e-02
9.008777444755311503e-01 4.012357210839843230e-02
9.012879572567598085e-01 4.191814292978117418e-02
9.017160897749092463e-01 4.370744503907793982e-02
9.021620870806972281e-01 4.549102316359062564e-02
9.026258895874941235e-01 4.726840516677920795e-02
9.031074329045296611e-01 4.903910242116632512e-02
9.036066476739457176e-01 5.080261020463908150e-02
9.041234594119299528e-01 5.255840812046663063e-02
9.046577883541694343e-01 5.430596054129894351e-02
9.052095493058653908e-01 5.604471707735723257e-02
9.057786514965511238e-01 5.777411306896901994e-02
9.063649984399575477e-01 5.949357010354167086e-02
9.069684877991710525e-01 6.120249655700673447e-02
9.075890112573274937e-01 6.290028815970449827e-02
9.082264543940874457e-01 6.458632858661313147e-02
9.088806965681344163e-01 6.625999007176061606e-02
9.095516108059373828e-01 6.792063404658962855e-02
9.102390636970155713e-01 6.956761180197677807e-02
9.109429152959398479e-01 7.120026517353714168e-02
9.116630190313023130e-01 7.281792724977440012e-02
9.123992216218790308e-01 7.441992310256487220e-02
9.131513630002071613e-01 7.600557053939191454e-02
9.139192762437902129e-01 7.757418087667435069e-02
9.147027875141394704e-01 7.912505973346058152e-02
9.155017160038504409e-01 8.065750784468735113e-02
9.163158738919063850e-01 8.217082189313076879e-02
9.171450663073908993e-01 8.366429535910573090e-02
9.179890913017817455e-01 8.513721938689987334e-02
9.188477398299887966e-01 8.658888366685939253e-02
9.197207957402855349e-01 8.801857733197622491e-02
9.206080357732745467e-01 8.942558986776079355e-02
9.215092295700129110e-01 9.080921203412035958e-02
9.224241396894099498e-01 9.216873679790188456e-02
9.233525216349991460e-01 9.350346027469917665e-02
9.242941238911674962e-01 9.481268267846798548e-02
9.252486879689140187e-01 9.609570927743975310e-02
9.262159484611928173e-01 9.735185135477467111e-02
9.271956331078790026e-01 9.858042717234877239e-02
9.281874628703820074e-01 9.978076293602713975e-02
9.291911520159114035e-01 1.009521937607368997e-01
9.302064082113858934e-01 1.020940646336196134e-01
9.312329326269563889e-01 1.032057313735127574e-01
9.322704200490987692e-01 1.042865615849849492e-01
9.333185590032115897e-01 1.053359356051293688e-01
9.343770318856385870e-01 1.063532474413042689e-01
9.354455151050153905e-01 1.073379056979994056e-01
9.365236792328229809e-01 1.082893344910022676e-01
9.376111891630117823e-01 1.092069743470382714e-01
9.387077042805418436e-01 1.100902830870649357e-01
9.398128786386666933e-01 1.109387366914113410e-01
9.409263611447706843e-01 1.117518301449711565e-01
9.420477957545504433e-01 1.125290782606798712e-01
9.431768216743159350e-01 1.132700164795347880e-01
9.443130735711667834e-01 1.139742016454500795e-01
9.454561817907849441e-01 1.146412127532782377e-01
9.466057725825658409e-01 1.152706516683735249e-01
9.477614683317971966e-01 1.158621438161231976e-01
9.489228877985755872e-01 1.164153388399270378e-01
9.500896463631401945e-01 1.169299112261660417e-01
9.512613562772840314e-01 1.174055608947660312e-01
9.524376269214942514e-01 1.178420137540319296e-01
9.536180650674563886e-01 1.182390222185024237e-01
9.548022751455476076e-01 1.185963656886537682e-01
9.559898595169313840e-01 1.189138509913637426e-01
9.571804187498564875e-01 1.191913127801334932e-01
9.583735518997533731e-01 1.194286138941547670e-01
9.595688567927118662e-01 1.196256456754033193e-01
9.607659303119167049e-01 1.197823282430351965e-01
9.619643686866111709e-01 1.198986107244612992e-01
9.631637677831522693e-01 1.199744714425762943e-01
9.643637233977178091e-01 1.200099180587207992e-01
9.655638315502195201e-01 1.200049876710597430e-01
9.667636887789771150e-01 1.199597468681652956e-01
9.679628924357028819e-01 1.198742917376987294e-01
9.691610409803488313e-01 1.197487478301921399e-01
9.703577342753678669e-01 1.195832700780373320e-01
9.715525738789411170e-01 1.193780426698954206e-01
9.727451633367285577e-01 1.191332788808460164e-01
9.739351084717006168e-01 1.188492208586991311e-01
9.751220176716165478e-01 1.185261393669958391e-01
9.763055021737185868e-01 1.181643334853245686e-01
9.774851763462187870e-01 1.177641302676787766e-01
9.786606579661631944e-01 1.173258843596780981e-01
9.798315684932662473e-01 1.168499775755682812e-01
9.809975333393179397e-01 1.163368184360057261e-01
9.821581821327778350e-01 1.157868416677191037e-01
9.833131489781794521e-01 1.152005076662237920e-01
9.844620727099825386e-01 1.145783019228437116e-01
9.856045971405223982e-01 1.139207344173702730e-01
9.867403713017199873e-01 1.132283389777584137e-01
9.878690496802301491e-01 1.125016726083253871e-01
9.889902924457207867e-01 1.117413147879789959e-01
9.901037656719907654e-01 1.109478667400577989e-01
9.912091415506514291e-01 1.101219506754165661e-01
9.923060985971119408e-01 1.092642090104357089e-01
9.933943218486264159e-01 1.083753035616736859e-01
9.944735030541784759e-01 1.074559147189160513e-01
9.955433408559952735e-01 1.065067405984041204e-01
9.966035409625022545e-01 1.055284961780500880e-01
9.976538163125477920e-01 1.045219124164636915e-01
9.986938872307450366e-01 1.034877353576284520e-01
9.997234815737957581e-01 1.024267252230731118e-01
1.000742334867681604e+00 1.013396554933857774e-01
1.001750190435624965e+00 1.002273119809154595e-01
1.002746799516740062e+00 9.909049189549723469e-02
1.003731921375314196e+00 9.793000290502409944e-02
1.004705323400676642e+00 9.674666219267025191e-02
1.005666781197630089e+00 9.554129551254796071e-02
1.006616078667438519e+00 9.431473624555243573e-02
1.007553008079381529e+00 9.306782445711742069e-02
1.008477370132902839e+00 9.180140595856842167e-02
1.009388974010396955e+00 9.051633137372029625e-02
1.010287637420695273e+00 8.921345521232261488e-02
1.011173186633326671e+00 8.789363495190881392e-02
1.012045456503645191e+00 8.655773012955494949e-02
1.012904290488931602e+00 8.520660144500043220e-02
1.013749540655587422e+00 8.384110987652702851e-02
1.014581067677558845e+00 8.246211581093361442e-02
1.015398740826134460e+00 8.107047818888356294e-02
1.016202437951279958e+00 7.966705366683857203e-02
1.016992045454678806e+00 7.825269579672816667e-02
1.017767458254663193e+00 7.682825422443820274e-02
1.018528579743228413e+00 7.539457390813433801e-02
1.019275321735333861e+00 7.395249435736808707e-02
1.020007604410701596e+00 7.250284889384452092e-02
1.020725356248335602e+00 7.104646393466082510e-02
1.021428513953988260e+00 6.958415829875561065e-02
1.022117022380810036e+00 6.811674253723924710e-02
1.022790834443424668e+00 6.664501828820583451e-02
1.023449911025677395e+00 6.516977765655874999e-02
1.024094220882307393e+00 6.369180261931323139e-02
1.024723740534804195e+00 6.221186445677201471e-02
1.025338454161704327e+00 6.073072320990353934e-02
1.025938353483595966e+00 5.924912716418701680e-02
1.026523437643094061e+00 5.776781236012473730e-02
1.027093713080054149e+00 5.628750213055950385e-02
1.027649193402295325e+00 5.480890666487448631e-02
1.028189899252098138e+00 5.333272260009368215e-02
1.028715858168748554e+00 5.185963263884415392e-02
1.029227104447395513e+00 5.039030519408620873e-02
1.029723678994488800e+00 4.892539406046461647e-02
1.030205629180062754e+00 4.746553811208329560e-02
1.030673008687129188e+00 4.601136102645731613e-02
1.031125877358439080e+00 4.456347103434988438e-02
1.031564301040870602e+00 4.312246069515819624e-02
1.031988351427697959e+00 4.168890669747054439e-02
1.032398105898989060e+00 4.026336968437814468e-02
1.032793647360378708e+00 3.884639410308864116e-02
1.033175064080456895e+00 3.743850807835414490e-02
1.033542449527009577e+00 3.604022330919511713e-02
1.033895902202338846e+00 3.465203498837229196e-02
1.034235525477891215e+00 3.327442174403213299e-02
1.034561427428409175e+00 3.190784560292711514e-02
1.034873720665821839e+00 3.055275197459024483e-02
1.035172522173077425e+00 2.920956965582368822e-02
1.035457953138121612e+00 2.787871085484429357e-02
1.035730138788210963e+00 2.656057123441373999e-02
1.035989208224751046e+00 2.525552997326842991e-02
1.036235294258836870e+00 2.396394984515358081e-02
1.036468533247668633e+00 2.268617731475753088e-02
1.036689064932009074e+00 2.142254264983576781e-02
1.036897032274838981e+00 2.017336004880965553e-02
1.037092581301363836e+00 1.893892778312212394e-02
1.037275860940515049e+00 1.771952835363178186e-02
1.037447022868081214e+00 1.651542866032763499e-02
1.037606221351601077e+00 1.532688018464913905e-02
1.037753613097139427e+00 1.415411918370024051e-02
1.037889357098062071e+00 1.299736689565159260e-02
1.038013614485916891e+00 1.185682975563192264e-02
1.038126548383524694e+00 1.073269962141771422e-02
1.038228323760371774e+00 9.625154008239688794e-03
1.038319107290394117e+00 8.534356332035088546e-03
1.038399067212233851e+00 7.460456160486272567e-03
1.038468373192041438e+00 6.403589471198654209e-03
1.038527196188893331e+00 5.363878916384387519e-03
1.038575708322886149e+00 4.341434093432403225e-03
1.038614082745963785e+00 3.336351820760329046e-03
1.038642493515526732e+00 2.348716418359394695e-03
1.038661115470867369e+00 1.378599992459589654e-03
1.038670124112471393e+00 4.260627237590182675e-04
1.038669695484216282e+00 -5.088468413214984436e-04
1.038660006058495622e+00 -1.426091496880029083e-03
1.038641232624290645e+00 -2.325645081775002451e-03
1.038613552178208721e+00 -3.207492182352144824e-03
1.038577141818498806e+00 -4.071627834124245775e-03
1.038532178642054271e+00 -4.918057222852727575e-03
1.038478839644405793e+00 -5.746795385461543615e-03
1.038417301622704514e+00 -6.557866911195426272e-03
1.038347741081690367e+00 -7.351305643416027741e-03
1.038270334142638029e+00 -8.127154382411088188e-03
1.038185256455267602e+00 -8.885464589573441319e-03
1.038092683112606274e+00 -9.626296093288499653e-03
1.037992788568780300e+00 -1.034971679685087707e-02
1.037885746559716660e+00 -1.105580238871302010e-02
1.037771730026729733e+00 -1.174463605535119512e-02
1.037650911042964363e+00 -1.241630819701691410e-02
1.037523460742667103e+00 -1.307091614662493628e-02
1.037389549253250554e+00 -1.370856389201236501e-02
1.037249345630118169e+00 -1.432936180178705568e-02
1.037103017794211768e+00 -1.493342635496766081e-02
1.036950732472242231e+00 -1.552087987460211600e-02
1.036792655139564312e+00 -1.609185026553622971e-02
1.036628949965652025e+00 -1.664647075648936769e-02
1.036459779762130662e+00 -1.718487964657989392e-02
1.036285305933321244e+00 -1.770722005642925284e-02
1.036105688429250993e+00 -1.821363968396010752e-02
1.035921085701080324e+00 -1.870429056499107665e-02
1.035731654658901713e+00 -1.917932883871806271e-02
1.035537550631857373e+00 -1.963891451816017486e-02
1.035338927330527348e+00 -2.008321126563664821e-02
1.035135936811538704e+00 -2.051238617333011119e-02
1.034928729444342554e+00 -2.092660954898083181e-02
1.034717453880108273e+00 -2.132605470674646397e-02
1.034502257022683613e+00 -2.171089776325205514e-02
1.034283284001567882e+00 -2.208131743884578224e-02
1.034060678146846879e+00 -2.243749486406711527e-02
1.033834580966036754e+00 -2.277961339132569818e-02
1.033605132122785708e+00 -2.310785841178126729e-02
1.033372469417380035e+00 -2.342241717740747159e-02
1.033136728769004087e+00 -2.372347862821532968e-02
1.032898044199702658e+00 -2.401123322460541054e-02
1.032656547819994053e+00 -2.428587278481151093e-02
1.032412369816083419e+00 -2.454759032739279451e-02
1.032165638438626187e+00 -2.479657991872581332e-02
1.031916479992991853e+00 -2.503303652544276725e-02
1.031665018830978831e+00 -2.525715587175758961e-02
1.031411377343931735e+00 -2.546913430161705863e-02
1.031155675957213580e+00 -2.566916864561014783e-02
1.030898033125985158e+00 -2.585745609256502944e-02
1.030638565332245626e+00 -2.603419406575988027e-02
1.030377387083087903e+00 -2.619958010367046813e-02
1.030114610910124240e+00 -2.635381174517482591e-02
1.029850347370037777e+00 -2.649708641913275584e-02
1.029584705046217463e+00 -2.662960133825581499e-02
1.029317790551431910e+00 -2.675155339718141012e-02
1.029049708531503127e+00 -2.686313907466305814e-02
1.028780561669937699e+00 -2.696455433978737354e-02
1.028510450693475242e+00 -2.705599456212720924e-02
1.028239474378517260e+00 -2.713765442573941658e-02
1.027967729558396437e+00 -2.720972784691493701e-02
1.027695311131450628e+00 -2.727240789558841444e-02
1.027422312069864008e+00 -2.732588672031417351e-02
1.027148823429241409e+00 -2.737035547671524266e-02
1.026874934358881886e+00 -2.740600425931216666e-02
1.026600732112716408e+00 -2.743302203663846445e-02
1.026326302060878826e+00 -2.745159658955001469e-02
1.026051727701878136e+00 -2.746191445263604369e-02
1.025777090675341618e+00 -2.746416085864012216e-02
1.025502470775299102e+00 -2.745851968580025407e-02
1.025227945963979259e+00 -2.744517340801802888e-02
1.024953592386090628e+00 -2.742430304776784580e-02
1.024679484383560490e+00 -2.739608813165823192e-02
1.024405694510704956e+00 -2.736070664855855261e-02
1.024132293549805173e+00 -2.731833501020561675e-02
1.023859350527065670e+00 -2.726914801420606341e-02
1.023586932728931087e+00 -2.721331880935188782e-02
1.023315105718738405e+00 -2.715101886316788685e-02
1.023043933353682933e+00 -2.708241793161145217e-02
1.022773477802076281e+00 -2.700768403084669381e-02
1.022503799560877891e+00 -2.692698341101656609e-02
1.022234957473477701e+00 -2.684048053193838212e-02
1.021967008747713512e+00 -2.674833804064982376e-02
1.021700008974103513e+00 -2.665071675073436841e-02
1.021434012144276871e+00 -2.654777562335680283e-02
1.021169070669586398e+00 -2.643967174994136735e-02
1.020905235399885091e+00 -2.632656033642690255e-02
1.020642555642454319e+00 -2.620859468903517092e-02
1.020381079181065465e+00 -2.608592620149047941e-02
1.020120852295163472e+00 -2.595870434363048776e-02
1.019861919779156301e+00 -2.582707665135003036e-02
1.019604324961800090e+00 -2.569118871782159058e-02
1.019348109725664697e+00 -2.555118418593791546e-02
1.019093314526669625e+00 -2.540720474192412551e-02
1.018839978413678127e+00 -2.525939011006847132e-02
1.018588139048137720e+00 -2.510787804852268601e-02
1.018337832723758885e+00 -2.495280434612467957e-02
1.018089094386219973e+00 -2.479430282019811152e-02
1.017841957652889207e+00 -2.463250531528502971e-02
1.017596454832555342e+00 -2.446754170276957407e-02
1.017352616945157440e+00 -2.429953988135233334e-02
1.017110473741505761e+00 -2.412862577833663549e-02
1.016870053722986444e+00 -2.395492335168966647e-02
1.016631384161241325e+00 -2.377855459284284115e-02
1.016394491117815990e+00 -2.359963953019746444e-02
1.016159399463770097e+00 -2.341829623330313540e-02
1.015926132899242607e+00 -2.323464081767789499e-02
1.015694713972964625e+00 -2.304878745024045369e-02
1.015465164101716500e+00 -2.286084835532629575e-02
1.015237503589720758e+00 -2.267093382126073725e-02
1.015011751647967531e+00 -2.247915220746331960e-02
1.014787926413465602e+00 -2.228560995205922796e-02
1.014566044968415737e+00 -2.209041157997451710e-02
1.014346123359299634e+00 -2.189365971149323173e-02
1.014128176615882282e+00 -2.169545507125550735e-02
1.013912218770121276e+00 -2.149589649767689320e-02
1.013698262874980438e+00 -2.129508095277012070e-02
1.013486321023143066e+00 -2.109310353235158489e-02
1.013276404365621497e+00 -2.089005747661568102e-02
1.013068523130258747e+00 -2.068603418106109912e-02
1.012862686640119581e+00 -2.048112320775401229e-02
1.012658903331767224e+00 -2.027541229691390626e-02
1.012457180773422172e+00 -2.006898737880859901e-02
1.012257525683001758e+00 -1.986193258594568661e-02
1.012059943946034712e+00 -1.965433026554840729e-02
1.011864440633451157e+00 -1.944626099230450586e-02
1.011671020019243139e+00 -1.923780358137733640e-02
1.011479685597993061e+00 -1.902903510166902359e-02
1.011290440102269983e+00 -1.882003088932598933e-02
1.011103285519887596e+00 -1.861086456147773016e-02
1.010918223111025638e+00 -1.840160803020015820e-02
1.010735253425209201e+00 -1.819233151669523429e-02
1.010554376318146153e+00 -1.798310356567909760e-02
1.010375590968418447e+00 -1.777399105997117673e-02
1.010198895894028004e+00 -1.756505923527720142e-02
1.010024288968793149e+00 -1.735637169515926587e-02
1.009851767438594061e+00 -1.714799042618643521e-02
1.009681327937466566e+00 -1.693997581325962579e-02
1.009512966503541165e+00 -1.673238665510470499e-02
1.009346678594826630e+00 -1.652528017992802023e-02
1.009182459104837060e+00 -1.631871206122867055e-02
1.009020302378057954e+00 -1.611273643376207737e-02
1.008860202225254410e+00 -1.590740590964950102e-02
1.008702151938615454e+00 -1.570277159462830571e-02
1.008546144306736947e+00 -1.549888310443787130e-02
1.008392171629437950e+00 -1.529578858133610886e-02
1.008240225732413675e+00 -1.509353471074167778e-02
1.008090297981719008e+00 -1.489216673799699346e-02
1.007942379298085944e+00 -1.469172848524719251e-02
1.007796460171069830e+00 -1.449226236843025907e-02
1.007652530673026847e+00 -1.429380941437351747e-02
1.007510580472918749e+00 -1.409640927799171543e-02
1.007370598849945731e+00 -1.390010025958193091e-02
1.007232574707005446e+00 -1.370491932221051638e-02
1.007096496583978373e+00 -1.351090210918729287e-02
1.006962352670837779e+00 -1.331808296162217096e-02
1.006830130820583147e+00 -1.312649493605935573e-02
1.006699818561997528e+00 -1.293616982218427115e-02
1.006571403112227703e+00 -1.274713816059828107e-02
1.006444871389185369e+00 -1.255942926065627303e-02
1.006320210023770256e+00 -1.237307121836210728e-02
1.006197405371914266e+00 -1.218809093431690201e-02
1.006076443526445097e+00 -1.200451413171508414e-02
1.005957310328770671e+00 -1.182236537438307797e-02
1.005839991380381937e+00 -1.164166808485548633e-02
1.005724472054175811e+00 -1.146244456248353243e-02
1.005610737505595598e+00 -1.128471600157054597e-02
1.005498772683591557e+00 -1.110850250952917680e-02
1.005388562341398506e+00 -1.093382312505503454e-02
1.005280091047132007e+00 -1.076069583631137500e-02
1.005173343194202706e+00 -1.058913759911945564e-02
1.005068303011549480e+00 -1.041916435514912524e-02
1.004964954573688951e+00 -1.025079105010420939e-02
1.004863281810584930e+00 -1.008403165189722742e-02
1.004763268517335550e+00 -9.918899168807936498e-03
1.004664898363678560e+00 -9.755405667620233381e-03
1.004568154903316080e+00 -9.593562291731879896e-03
1.004473021583057735e+00 -9.433379279231570574e-03
1.004379481751783487e+00 -9.274865980937808604e-03
1.004287518669226831e+00 -9.118030878394118785e-03
1.004197115514577021e+00 -8.962881601815089749e-03
1.004108255394903448e+00 -8.809424947977779335e-03
1.004020921353400375e+00 -8.657666898053046484e-03
1.003935096377454705e+00 -8.507612635371385179e-03
1.003850763406535007e+00 -8.359266563117865451e-03
1.003767905339905786e+00 -8.212632321950857558e-03
1.003686505044164123e+00 -8.067712807539217240e-03
1.003606545360602897e+00 -7.924510188012687945e-03
1.003528009112398811e+00 -7.783025921320327160e-03
1.003450879111627891e+00 -7.643260772491807312e-03
1.003375138166109126e+00 -7.505214830796531900e-03
1.003300769086076683e+00 -7.368887526795553540e-03
1.003227754690681595e+00 -7.234277649281370751e-03
1.003156077814326030e+00 -7.101383362100753202e-03
1.003085721312828804e+00 -6.970202220855828412e-03
1.003016668069424355e+00 -6.840731189478759140e-03
1.002948901000598081e+00 -6.712966656675417934e-03
1.002882403061756245e+00 -6.586904452233580641e-03
1.002817157252734459e+00 -6.462539863191243961e-03
1.002753146623144742e+00 -6.339867649860790946e-03
1.002690354277563589e+00 -6.218882061704826374e-03
1.002628763380561283e+00 -6.099576853059616652e-03
1.002568357161575552e+00 -5.981945298702188649e-03
1.002509118919630238e+00 -5.865980209257254559e-03
1.002451032027899647e+00 -5.751673946440253107e-03
1.002394079938122573e+00 -5.639018438132915347e-03
1.002338246184866444e+00 -5.528005193287894269e-03
1.002283514389642027e+00 -5.418625316659124100e-03
1.002229868264872703e+00 -5.310869523354699168e-03
1.002177291617719401e+00 -5.204728153209204483e-03
1.002125768353761659e+00 -5.100191184972549877e-03
1.002075282480538565e+00 -4.997248250312503505e-03
1.002025818110950484e+00 -4.895888647628255860e-03
1.001977359466522888e+00 -4.796101355672476377e-03
1.001929890880536078e+00 -4.697875046979466118e-03
1.001883396801021231e+00 -4.601198101097151404e-03
1.001837861793624107e+00 -4.506058617620791601e-03
1.001793270544340864e+00 -4.412444429026427840e-03
1.001749607862125968e+00 -4.320343113302230371e-03
1.001706858681374435e+00 -4.229742006376030657e-03
1.001665008064281270e+00 -4.140628214337493430e-03
1.001624041203079685e+00 -4.052988625453486302e-03
1.001583943422160061e+00 -3.966809921975372744e-03
1.001544700180071912e+00 -3.882078591737069245e-03
1.001506297071410811e+00 -3.798780939542857876e-03
1.001468719828592979e+00 -3.716903098344078241e-03
1.001431954323518614e+00 -3.636431040203948976e-03
1.001395986569126872e+00 -3.557350587049914244e-03
1.001360802720844045e+00 -3.479647421213032110e-03
1.001326389077928258e+00 -3.403307095754057841e-03
1.001292732084710924e+00 -3.328315044576000536e-03
1.001259818331738938e+00 -3.254656592323058525e-03
1.001227634556818735e+00 -3.182316964065964784e-03
1.001196167645964419e+00 -3.111281294773896727e-03
1.001165404634251965e+00 -3.041534638573220161e-03
1.001135332706582837e+00 -2.973061977793465486e-03
1.001105939198356998e+00 -2.905848231801039239e-03
1.001077211596059557e+00 -2.839878265621295899e-03
1.001049137537762146e+00 -2.775136898349703316e-03
1.001021704813540802e+00 -2.711608911352942231e-03
1.000994901365813039e+00 -2.649279056260890088e-03
1.000968715289596522e+00 -2.588132062750541241e-03
1.000943134832689818e+00 -2.528152646123014123e-03
1.000918148395779639e+00 -2.469325514674899566e-03
1.000893744532475038e+00 -2.411635376865292092e-03
1.000869911949270552e+00 -2.355066948279948766e-03
1.000846639505440949e+00 -2.299604958394097821e-03
1.000823916212869147e+00 -2.245234157135516002e-03
1.000801731235810177e+00 -2.191939321249569868e-03
1.000780073890591426e+00 -2.139705260468004362e-03
1.000758933645253590e+00 -2.088516823483330467e-03
1.000738300119130786e+00 -2.038358903730747452e-03
1.000718163082376266e+00 -1.989216444979601591e-03
1.000698512455431066e+00 -1.941074446736453050e-03
1.000679338308440913e+00 -1.893917969461887023e-03
1.000660630860620515e+00 -1.847732139603273319e-03
1.000642380479570548e+00 -1.802502154445728873e-03
1.000624577680544691e+00 -1.758213286783603599e-03
1.000607213125672690e+00 -1.714850889414856619e-03
1.000590277623137903e+00 -1.672400399460744315e-03
1.000573762126313548e+00 -1.630847342513288070e-03
1.000557657732858097e+00 -1.590177336613033581e-03
1.000541955683771134e+00 -1.550376096059656334e-03
1.000526647362413035e+00 -1.511429435058006879e-03
1.000511724293487781e+00 -1.473323271202223346e-03
1.000497178141992682e+00 -1.436043628800575756e-03
1.000483000712135029e+00 -1.399576642043731797e-03
1.000469183946218310e+00 -1.363908558019166512e-03
1.000455719923498688e+00 -1.329025739574458921e-03
1.000442600859013265e+00 -1.294914668032244847e-03
1.000429819102383266e+00 -1.261561945759610837e-03
1.000417367136590574e+00 -1.228954298594733124e-03
1.000405237576731832e+00 -1.197078578133581013e-03
1.000393423168749907e+00 -1.165921763879513564e-03
1.000381916788144920e+00 -1.135470965258608689e-03
1.000370711438664628e+00 -1.105713423503574362e-03
1.000359800250978592e+00 -1.076636513409089503e-03
1.000349176481333480e+00 -1.048227744961432485e-03
1.000338833510193925e+00 -1.020474764845249148e-03
1.000328764840868301e+00 -9.933653578303146010e-04
1.000318964098121599e+00 -9.668874480411372187e-04
1.000309425026775889e+00 -9.410291001122477210e-04
1.000300141490300110e+00 -9.157785202320079844e-04
1.000291107469389429e+00 -8.911240570777658821e-04
1.000282317060536386e+00 -8.670542026451682474e-04
1.000273764474593818e+00 -8.435575929744329980e-04
1.000265444035331575e+00 -8.206230087763645431e-04
1.000257350177986337e+00 -7.982393759608809834e-04
1.000249477447808122e+00 -7.763957660708019912e-04
1.000241820498601664e+00 -7.550813966236265230e-04
1.000234374091266032e+00 -7.342856313640089196e-04
1.000227133092330467e+00 -7.139979804296171188e-04
1.000220092472490885e+00 -6.942081004330345880e-04
1.000213247305144382e+00 -6.749057944623396144e-04
1.000206592764925295e+00 -6.560810120029710816e-04
1.000200124126241708e+00 -6.377238487834588614e-04
1.000193836761813948e+00 -6.198245465475716795e-04
1.000187726141216205e+00 -6.023734927554007332e-04
1.000181787829421021e+00 -5.853612202158693656e-04
1.000176017485347790e+00 -5.687784066531249459e-04
1.000170410860416137e+00 -5.526158742092373427e-04
1.000164963797104400e+00 -5.368645888855932448e-04
1.000159672227514340e+00 -5.215156599253411088e-04
1.000154532171941835e+00 -5.065603391392071433e-04
1.000149539737454685e+00 -4.919900201769647919e-04
1.000144691116478413e+00 -4.777962377468047235e-04
1.000139982585389387e+00 -4.639706667848145553e-04
1.000135410503117273e+00 -4.505051215767398565e-04
1.000130971309755923e+00 -4.373915548341591672e-04
1.000126661525184035e+00 -4.246220567271677643e-04
1.000122477747695360e+00 -4.121888538756248474e-04
1.000118416652639786e+00 -4.000843083009804888e-04
1.000114474991074198e+00 -3.883009163406578182e-04
1.000110649588425327e+00 -3.768313075269270440e-04
1.000106937343163249e+00 -3.656682434321664970e-04
1.000103335225487333e+00 -3.548046164823667964e-04
1.000099840276023277e+00 -3.442334487406929831e-04
1.000096449604533255e+00 -3.339478906628795150e-04
1.000093160388638047e+00 -3.239412198261915456e-04
1.000089969872552720e+00 -3.142068396336468775e-04
1.000086875365834294e+00 -3.047382779951507523e-04
1.000083874242144066e+00 -2.955291859871567693e-04
1.000080963938022149e+00 -2.865733364924255935e-04
1.000078141951676658e+00 -2.778646228214140795e-04
1.000075405841786225e+00 -2.693970573167862956e-04
1.000072753226316946e+00 -2.611647699424991158e-04
1.000070181781352874e+00 -2.531620068588746604e-04
1.000067689239941382e+00 -2.453831289850331087e-04
1.000065273390953191e+00 -2.378226105500200205e-04
1.000062932077956157e+00 -2.304750376339233806e-04
1.000060663198103938e+00 -2.233351067002378265e-04
1.000058464701040206e+00 -2.163976231206945914e-04
1.000056334587816398e+00 -2.096574996937385104e-04
1.000054270909824794e+00 -2.031097551577962224e-04
1.000052271767746914e+00 -1.967495127004421560e-04
1.000050335310516569e+00 -1.905719984645331687e-04
1.000048459734297346e+00 -1.845725400523462207e-04
1.000046643281476078e+00 -1.787465650287180946e-04
1.000044884239669862e+00 -1.730895994241508549e-04
1.000043180940749954e+00 -1.675972662388125326e-04
1.000041531759878533e+00 -1.622652839483280994e-04
1.000039935114562129e+00 -1.570894650122223451e-04
1.000038389463719035e+00 -1.520657143858433974e-04
1.000036893306761376e+00 -1.471900280365626872e-04
1.000035445182692939e+00 -1.424584914650157486e-04
1.000034043669220774e+00 -1.378672782321165859e-04
1.000032687381882557e+00 -1.334126484925472755e-04
1.000031374973187059e+00 -1.290909475353946821e-04
1.000030105131770597e+00 -1.248986043325763548e-04
1.000028876581567694e+00 -1.208321300956680957e-04
1.000027688080995292e+00 -1.168881168417179920e-04
1.000026538422152278e+00 -1.130632359686031487e-04
1.000025426430032338e+00 -1.093542368404581852e-04
1.000024350961751463e+00 -1.057579453836780635e-04
1.000023310905789664e+00 -1.022712626939713498e-04
1.000022305181245796e+00 -9.889116365491470572e-05
1.000021332737106583e+00 -9.561469556843430807e-05
1.000020392551529413e+00 -9.243897679761575910e-05
1.000019483631138240e+00 -8.936119542221997842e-05
1.000018605010333017e+00 -8.637860790725981463e-05
1.000017755750613135e+00 -8.348853778496923711e-05
1.000016934939912172e+00 -8.068837435047512211e-05
1.000016141691947746e+00 -7.797557137146031556e-05
1.000015375145582697e+00 -7.534764581208578391e-05
1.000014634464199359e+00 -7.280217657141952576e-05
1.000013918835086724e+00 -7.033680323660015672e-05
1.000013227468839583e+00 -6.794922485094413429e-05
1.000012559598769890e+00 -6.563719869718707620e-05
1.000011914480330777e+00 -6.339853909603157393e-05
1.000011291390552115e+00 -6.123111622015670508e-05
1.000010689627487404e+00 -5.913285492382744634e-05
1.000010108509672868e+00 -5.710173358822591243e-05
1.000009547375598329e+00 -5.513578298261074737e-05
1.000009005583188726e+00 -5.323308514139556488e-05
1.000008482509296748e+00 -5.139177225722273861e-05
1.000007977549206784e+00 -4.961002559009462635e-05
1.000007490116150199e+00 -4.788607439261060396e-05
1.000007019640829942e+00 -4.621819485134516590e-05
1.000006565570956907e+00 -4.460470904438951510e-05
1.000006127370795861e+00 -4.304398391506698938e-05
1.000005704520722238e+00 -4.153443026182086762e-05
1.000005296516788489e+00 -4.007450174426180280e-05
1.000004902870299750e+00 -3.866269390535132747e-05
1.000004523107400844e+00 -3.729754320968753015e-05
1.000004156768670827e+00 -3.597762609784901943e-05
1.000003803408728853e+00 -3.470155805674383323e-05
1.000003462595847381e+00 -3.346799270590084972e-05
1.000003133911575803e+00 -3.227562089963254249e-05
1.000002816950372742e+00 -3.112316984498978415e-05
1.000002511319246334e+00 -3.000940223542138951e-05
1.000002216637404073e+00 -2.893311540004367299e-05
1.000001932535910409e+00 -2.789314046841820014e-05
1.000001658657352799e+00 -2.688834155072913345e-05
1.000001394655516185e+00 -2.591761493324520979e-05
1.000001140195065030e+00 -2.497988828894535587e-05
1.000000894951233343e+00 -2.407411990318123574e-05
1.000000658609522475e+00 -2.319929791424467120e-05
1.000000430865406242e+00 -2.235443956870287490e-05
1.000000211424043384e+00 -2.153859049135961826e-05
9.999999999999974465e-01 -2.075082396969614296e-05
