8.963470495752270395e-01 0.000000000000000000e+00
8.963542624324734032e-01 1.442571084463351591e-03
8.963759009765198682e-01 2.885135436507627396e-03
8.964119650631043879e-01 4.327675745448303357e-03
8.964624543171720861e-01 5.770163164269107893e-03
8.965273680175426252e-01 7.212557316246951886e-03
8.966067049816596191e-01 8.654806304838790626e-03
8.967004634504567306e-01 1.009684672719661502e-02
8.968086409733789788e-01 1.153860369167549957e-02
8.969312342936001103e-01 1.297999083969785666e-02
8.970682392334820010e-01 1.442091037233476057e-02
8.972196505803252675e-01 1.586125308196233846e-02
8.973854619724629389e-01 1.730089838934785462e-02
8.975656657857536969e-01 1.873971438651604246e-02
8.977602530205344156e-01 2.017755788574166279e-02
8.979692131890940621e-01 2.161427447500897589e-02
8.981925342037366811e-01 2.304969858027286836e-02
8.984302022655017428e-01 2.448365353484975235e-02
8.986822017536155727e-01 2.591595165625906749e-02
8.989485151157499132e-01 2.734639433082811447e-02
8.992291227591665548e-01 2.877477210636423394e-02
8.995240029428301920e-01 3.020086479318873779e-02
8.998331316705745486e-01 3.162444157381678889e-02
9.001564825854099228e-01 3.304526112155627138e-02
9.004940268650620805e-01 3.446307172828693560e-02
9.008457331188362005e-01 3.587761144166834448e-02
9.012115672859007942e-01 3.728860821201187420e-02
9.015914925350898557e-01 3.869578004903759944e-02
9.019854691663223845e-01 4.009883518872209979e-02
9.023934545137421992e-01 4.149747227042719505e-02
9.028154028506808482e-01 4.289138052448319971e-02
9.032512652965494215e-01 4.428023997038279397e-02
9.037009897257658464e-01 4.566372162572360921e-02
9.041645206788256894e-01 4.704148772601861317e-02
9.046417992756263793e-01 4.841319195547384713e-02
9.051327631311537614e-01 4.977847968881277813e-02
9.056373462736428959e-01 5.113698824420546962e-02
9.061554790653231217e-01 5.248834714733913859e-02
9.066870881258606296e-01 5.383217840664440701e-02
9.072320962586081228e-01 5.516809679966862279e-02
9.077904223797742533e-01 5.649571017056427558e-02
9.083619814506233014e-01 5.781461973863644827e-02
9.089466844128151202e-01 5.912442041786898639e-02
9.095444381269950362e-01 6.042470114732402531e-02
9.101551453147412873e-01 6.171504523228444478e-02
9.107787045039772433e-01 6.299503069598313965e-02
9.114150099779529945e-01 6.426423064173722444e-02
9.120639517278994468e-01 6.552221362527918536e-02
9.127254154094557315e-01 6.676854403705086149e-02
9.133992823029681851e-01 6.800278249419973442e-02
9.140854292777569334e-01 6.922448624199077638e-02
9.147837287604421164e-01 7.043320956432073954e-02
9.154940487074194611e-01 7.162850420299568532e-02
9.162162525815708003e-01 7.280991978540640730e-02
9.169501993332919154e-01 7.397700426021081022e-02
9.176957433859156410e-01 7.512930434060681451e-02
9.184527346256031732e-01 7.626636595475427827e-02
9.192210183957741920e-01 7.738773470288005940e-02
9.200004354961388575e-01 7.849295632057613770e-02
9.207908221863920772e-01 7.958157714777755465e-02
9.215920101946231124e-01 8.065314460288407206e-02
9.224038267304907057e-01 8.170720766146788439e-02
9.232260945032046973e-01 8.274331733898834806e-02
9.240586317443534314e-01 8.376102717691495669e-02
9.249012522356060417e-01 8.475989373164048712e-02
9.257537653413157042e-01 8.573947706554843617e-02
9.266159760460411787e-01 8.669934123958193684e-02
9.274876849969992954e-01 8.763905480664578584e-02
9.283686885514522702e-01 8.855819130515893423e-02
9.292587788290286310e-01 8.945632975206171955e-02
9.301577437689686478e-01 9.033305513457078051e-02
9.310653671922780594e-01 9.118795889996424153e-02
9.319814288687664483e-01 9.202063944267149798e-02
9.329057045889402877e-01 9.283070258793472973e-02
9.338379662407124693e-01 9.361776207130402538e-02
9.347779818908826810e-01 9.438144001322427978e-02
9.357255158713357890e-01 9.512136738797005719e-02
9.366803288698989371e-01 9.583718448618423758e-02
9.376421780257879757e-01 9.652854137027792880e-02
9.386108170295700548e-01 9.719509832195226406e-02
9.395859962275582289e-01 9.783652628110765803e-02
9.405674627305496971e-01 9.845250727541329794e-02
9.415549605268093147e-01 9.904273483981794468e-02
9.425482305991957910e-01 9.960691442529373552e-02
9.435470110463177740e-01 1.001447637961169757e-01
9.445510372076034722e-01 1.006560134150039643e-01
9.455600417921571355e-01 1.011404068154355546e-01
9.465737550112727217e-01 1.015977009605218834e-01
9.475919047144660823e-01 1.020276665877778988e-01
9.486142165288817818e-01 1.024300885392011445e-01
9.496404140019250040e-01 1.028047660760659093e-01
9.506702187469624477e-01 1.031515131778719535e-01
9.517033505919312297e-01 1.034701588249116594e-01
9.527395277306895949e-01 1.037605472639464427e-01
9.537784668769375696e-01 1.040225382565119067e-01
9.548198834205323671e-01 1.042560073094009609e-01
9.558634915860175774e-01 1.044608458869051432e-01
9.569090045931816224e-01 1.046369616044265927e-01
9.579561348194581827e-01 1.047842784031065566e-01
9.590045939639764150e-01 1.049027367051503651e-01
9.600540932130665617e-01 1.049922935495641724e-01
9.611043434070242197e-01 1.050529227080546912e-01
9.621550552079333185e-01 1.050846147808797842e-01
9.632059392683467447e-01 1.050873772724750660e-01
9.642567064006213329e-01 1.050612346467195840e-01
9.653070677467036065e-01 1.050062283617414910e-01
9.663567349481605451e-01 1.049224168842035065e-01
9.674054203162509857e-01 1.048098756830461581e-01
9.684528370018316012e-01 1.046686972027058155e-01
9.694986991648923969e-01 1.044989908158629327e-01
9.705427221435182217e-01 1.043008827558146029e-01
9.715846226220721249e-01 1.040745160286035836e-01
9.726241187983998282e-01 1.038200503050739493e-01
9.736609305498552525e-01 1.035376617930608423e-01
9.746947795979493678e-01 1.032275430899586566e-01
9.757253896714279673e-01 1.028899030159480671e-01
9.767524866675862949e-01 1.025249664281977224e-01
9.777757988116319021e-01 1.021329740163909039e-01
9.787950568139109908e-01 1.017141820799609547e-01
9.798099940248177209e-01 1.012688622874517858e-01
9.808203465872088467e-01 1.007973014184510296e-01
9.818258535861534853e-01 1.002998010885736424e-01
9.828262571958490401e-01 9.977667745800251897e-02
9.838213028235436308e-01 9.922826092412004306e-02
9.848107392503065993e-01 9.865489579879076210e-02
9.857943187684981012e-01 9.805693997087974734e-02
9.867717973157927869e-01 9.743476455461419494e-02
9.877429346056180171e-01 9.678875352441736191e-02
9.887074942538764954e-01 9.611930333686360961e-02
9.896652439018263081e-01 9.542682254042136880e-02
9.906159553350001312e-01 9.471173137366750705e-02
9.915594045980519189e-01 9.397446135267084610e-02
9.924953721054265987e-01 9.321545484825585759e-02
9.934236427477540765e-01 9.243516465386854286e-02
9.943440059938787323e-01 9.163405354477588416e-02
9.952562559884400306e-01 9.081259382933795643e-02
9.961601916449297489e-01 8.997126689309750680e-02
9.970556167341568798e-01 8.911056273643604142e-02
9.979423399680605877e-01 8.823097950654769372e-02
9.988201750788171518e-01 8.733302302448274490e-02
9.996889408931961540e-01 8.641720630801172365e-02
1.000548461402127387e+00 8.548404909105808414e-02
1.001398565825447839e+00 8.453407734044320054e-02
1.002239088671806444e+00 8.356782277068143527e-02
1.003069869793708824e+00 8.258582235755541900e-02
1.003890754437696264e+00 8.158861785119277121e-02
1.004701593289654804e+00 8.057675528935498432e-02
1.005502242515261324e+00 7.955078451163725972e-02
1.006292563795579742e+00 7.851125867526501101e-02
1.007072424357824847e+00 7.745873377315821984e-02
1.007841697001321979e+00 7.639376815491909223e-02
1.008600260118693415e+00 7.531692205138180995e-02
1.009347997712310097e+00 7.422875710334517207e-02
1.010084799406054890e+00 7.312983589508997850e-02
1.010810560452447548e+00 7.202072149326341211e-02
1.011525181735186685e+00 7.090197699169180356e-02
1.012228569767172459e+00 6.977416506266179153e-02
1.012920636684076836e+00 6.863784751518772764e-02
1.013601300233532898e+00 6.749358486076040275e-02
1.014270483760021158e+00 6.634193588704885569e-02
1.014928116185534801e+00 6.518345724000311481e-02
1.015574131986110018e+00 6.401870301478154723e-02
1.016208471164310234e+00 6.284822435590188550e-02
1.016831079217761058e+00 6.167256906699029179e-02
1.017441907103830978e+00 6.049228123047756950e-02
1.018040911200560394e+00 5.930790083756671410e-02
1.018628053263943789e+00 5.811996342877061295e-02
1.019203300381669619e+00 5.692899974529366802e-02
1.019766624923431397e+00 5.573553539150585823e-02
1.020318004487917651e+00 5.454009050873288855e-02
1.020857421846599333e+00 5.334317946056121862e-02
1.021384864884426813e+00 5.214531052983226861e-02
1.021900326537557024e+00 5.094698562747586312e-02
1.022403804728228449e+00 4.974870001330912450e-02
1.022895302296904063e+00 4.855094202890355981e-02
1.023374826931803483e+00 4.735419284260007633e-02
1.023842391095947324e+00 4.615892620672915059e-02
1.024298011951833676e+00 4.496560822707149768e-02
1.024741711283870815e+00 4.377469714457302152e-02
1.025173515418688952e+00 4.258664312930720425e-02
1.025593455143452015e+00 4.140188808665791476e-02
1.026001565622292500e+00 4.022086547567607639e-02
1.026397886310989938e+00 3.904400013954493348e-02
1.026782460870015568e+00 3.787170814807055280e-02
1.027155337076059993e+00 3.670439665209691837e-02
1.027516566732165071e+00 3.554246374972836603e-02
1.027866205576576597e+00 3.438629836422631841e-02
1.028204313190433483e+00 3.323628013343227217e-02
1.028530952904407547e+00 3.209277931055475042e-02
1.028846191704408053e+00 3.095615667614448618e-02
1.029150100136461354e+00 2.982676346106947346e-02
1.029442752210873557e+00 2.870494128028968500e-02
1.029724225305784779e+00 2.759102207722021610e-02
1.029994600070218480e+00 2.648532807846132320e-02
1.030253960326729556e+00 2.538817175866443787e-02
1.030502392973750458e+00 2.429985581529452154e-02
1.030739987887733466e+00 2.322067315304121929e-02
1.030966837825184390e+00 2.215090687762414495e-02
1.031183038324679613e+00 2.109083029873124945e-02
1.031388687608958188e+00 2.004070694182355158e-02
1.031583886487173585e+00 1.900079056853459097e-02
1.031768738257393458e+00 1.797132520538872666e-02
1.031943348609424271e+00 1.695254518055885895e-02
1.032107825528045586e+00 1.594467516838130039e-02
1.032262279196723975e+00 1.494793024134326125e-02
1.032406821901885818e+00 1.396251592925679651e-02
1.032541567937814486e+00 1.298862828533213151e-02
1.032666633512242749e+00 1.202645395886278723e-02
1.032782136652703242e+00 1.107617027423509620e-02
1.032888197113700057e+00 1.013794531597539059e-02
1.032984936284759181e+00 9.211938019549299056e-03
1.033072477099414854e+00 8.298298267629289349e-03
1.033150943945184475e+00 7.397166991548720025e-03
1.033220462574583776e+00 6.508676277663223708e-03
1.033281160017227363e+00 5.632949478343273787e-03
1.033333164493062784e+00 4.770101327325128489e-03
1.033376605326777664e+00 3.920238059151119267e-03
1.033411612863421203e+00 3.083457532434313603e-03
1.033438318385276000e+00 2.259849356687021471e-03
1.033456854030015526e+00 1.449495022457279823e-03
1.033467352710177201e+00 6.524680345224445968e-04
1.033469948033983510e+00 -1.311659521057657917e-04
1.033464774227534244e+00 -9.013489936049936960e-04
1.033451966058397620e+00 -1.658030716429288298e-03
1.033431658760621374e+00 -2.401168174288207963e-03
1.033403987961182713e+00 -3.130725703240713059e-03
1.033369089607896640e+00 -3.846674775120450911e-03
1.033327099898797341e+00 -4.548993849502769651e-03
1.033278155213005922e+00 -5.237668224417449912e-03
1.033222392043096738e+00 -5.912689886004683301e-03
1.033159946928972506e+00 -6.574057357305324555e-03
1.033090956393253101e+00 -7.221775546369879617e-03
1.033015556878188024e+00 -7.855855593864091713e-03
1.032933884684093417e+00 -8.476314720342385117e-03
1.032846075909316985e+00 -9.083176073353783214e-03
1.032752266391733453e+00 -9.676468574538358430e-03
1.032652591651767260e+00 -1.025622676686562852e-02
1.032547186836941799e+00 -1.082249066215982235e-02
1.032436186667951894e+00 -1.137530558905041657e-02
1.032319725386253495e+00 -1.191472204147991064e-02
1.032197936703165286e+00 -1.244079552789444619e-02
1.032070953750474418e+00 -1.295358642123659726e-02
1.031938909032537488e+00 -1.345315980985346480e-02
1.031801934379868113e+00 -1.393958534942710444e-02
1.031660160904199319e+00 -1.441293711602833864e-02
1.031513718955008985e+00 -1.487329346038912710e-02
1.031362738077497010e+00 -1.532073686348291684e-02
1.031207346971998673e+00 -1.575535379349676454e-02
1.031047673454821734e+00 -1.617723456427353629e-02
1.030883844420491524e+00 -1.658647319529710923e-02
1.030715985805387591e+00 -1.698316727328831946e-02
1.030544222552756350e+00 -1.736741781547429878e-02
1.030368678579082875e+00 -1.773932913458892494e-02
1.030189476741802945e+00 -1.809900870565733441e-02
1.030006738808339151e+00 -1.844656703461285824e-02
1.029820585426440394e+00 -1.878211752879022090e-02
1.029631136095807697e+00 -1.910577636933456086e-02
1.029438509140985891e+00 -1.941766238556171323e-02
1.029242821685502074e+00 -1.971789693130111473e-02
1.029044189627229766e+00 -2.000660376324895143e-02
1.028842727614960761e+00 -2.028390892135541190e-02
1.028638549026161586e+00 -2.054994061126642207e-02
1.028431765945896137e+00 -2.080482908883687226e-02
1.028222489146891849e+00 -2.104870654672910332e-02
1.028010828070730076e+00 -2.128170700310740016e-02
1.027796890810139363e+00 -2.150396619243628502e-02
1.027580784092368527e+00 -2.171562145838768290e-02
1.027362613263622659e+00 -2.191681164885938768e-02
1.027142482274535640e+00 -2.210767701310480116e-02
1.026920493666663159e+00 -2.228835910097157549e-02
1.026696748559971173e+00 -2.245900066424461744e-02
1.026471346641301352e+00 -2.261974556008683468e-02
1.026244386153791321e+00 -2.277073865656909640e-02
1.026015963887229487e+00 -2.291212574027907262e-02
1.025786175169322689e+00 -2.304405342599695483e-02
1.025555113857857803e+00 -2.316666906842449608e-02
1.025322872333735313e+00 -2.328012067595241347e-02
1.025089541494854872e+00 -2.338455682644980868e-02
1.024855210750833523e+00 -2.348012658505813782e-02
1.024619968018535499e+00 -2.356697942397107184e-02
1.024383899718394941e+00 -2.364526514418067646e-02
1.024147090771510671e+00 -2.371513379916935157e-02
1.023909624597495016e+00 -2.377673562052622439e-02
1.023671583113056505e+00 -2.383022094546593736e-02
1.023433046731298424e+00 -2.387574014622714097e-02
1.023194094361713935e+00 -2.391344356132746665e-02
1.022954803410858871e+00 -2.394348142865124554e-02
1.022715249783685776e+00 -2.396600382034587765e-02
1.022475507885518553e+00 -2.398116057950239188e-02
1.022235650624653047e+00 -2.398910125859547715e-02
1.021995749415563370e+00 -2.398997505965807728e-02
1.021755874182698198e+00 -2.398393077616546229e-02
1.021516093364849942e+00 -2.397111673660362943e-02
1.021276473920080585e+00 -2.395168074969682495e-02
1.021037081331185092e+00 -2.392577005126898457e-02
1.020797979611680617e+00 -2.389353125271394263e-02
1.020559231312300863e+00 -2.385511029104933622e-02
1.020320897527983606e+00 -2.381065238052927982e-02
1.020083037905333834e+00 -2.376030196579101070e-02
1.019845710650547854e+00 -2.370420267651091387e-02
1.019608972537783265e+00 -2.364249728354555699e-02
1.019372878917960579e+00 -2.357532765653358106e-02
1.019137483727980964e+00 -2.350283472293457701e-02
1.018902839500347657e+00 -2.342515842848133176e-02
1.018668997373174401e+00 -2.334243769902217408e-02
1.018436007100570029e+00 -2.325481040373038669e-02
1.018203917063382979e+00 -2.316241331965804978e-02
1.017972774280294868e+00 -2.306538209761194863e-02
1.017742624419247344e+00 -2.296385122932955575e-02
1.017513511809192250e+00 -2.285795401593343837e-02
1.017285479452149977e+00 -2.274782253764275411e-02
1.017058569035564908e+00 -2.263358762472089322e-02
1.016832820944944871e+00 -2.251537882963864853e-02
1.016608274276773471e+00 -2.239332440043262720e-02
1.016384966851682670e+00 -2.226755125523900702e-02
1.016162935227874486e+00 -2.213818495798303490e-02
1.015942214714779857e+00 -2.200534969520500858e-02
1.015722839386943077e+00 -2.186916825400382972e-02
1.015504842098122973e+00 -2.172976200107952852e-02
1.015288254495596565e+00 -2.158725086285644482e-02
1.015073107034656585e+00 -2.144175330666909726e-02
1.014859428993292623e+00 -2.129338632299302911e-02
1.014647248487043685e+00 -2.114226540870321747e-02
1.014436592484014188e+00 -2.098850455134289653e-02
1.014227486820041602e+00 -2.083221621438590548e-02
1.014019956214006646e+00 -2.067351132347593906e-02
1.013814024283276494e+00 -2.051249925362627971e-02
1.013609713559271208e+00 -2.034928781736383696e-02
1.013407045503143866e+00 -2.018398325380153444e-02
1.013206040521565487e+00 -2.001669021862326203e-02
1.013006717982606109e+00 -1.984751177496583627e-02
1.012809096231701345e+00 -1.967654938518252974e-02
1.012613192607698664e+00 -1.950390290347295968e-02
1.012419023458971612e+00 -1.932967056936423650e-02
1.012226604159595755e+00 -1.915394900202839826e-02
1.012035949125577483e+00 -1.897683319542133387e-02
1.011847071831126987e+00 -1.879841651422848800e-02
1.011659984824967662e+00 -1.861879069060274824e-02
1.011474699746674810e+00 -1.843804582167998807e-02
1.011291227343035004e+00 -1.825627036785790538e-02
1.011109577484418764e+00 -1.807355115182377250e-02
1.010929759181159682e+00 -1.788997335831685881e-02
1.010751780599931982e+00 -1.770562053461131186e-02
1.010575649080119653e+00 -1.752057459170536929e-02
1.010401371150170702e+00 -1.733491580620274281e-02
1.010228952543928749e+00 -1.714872282287219565e-02
1.010058398216935549e+00 -1.696207265787118973e-02
1.009889712362698422e+00 -1.677504070261968266e-02
1.009722898428915938e+00 -1.658770072831004458e-02
1.009557959133654315e+00 -1.640012489103916116e-02
1.009394896481470960e+00 -1.621238373754876200e-02
1.009233711779476517e+00 -1.602454621156006176e-02
1.009074405653330730e+00 -1.583667966068879468e-02
1.008916978063166825e+00 -1.564884984392669529e-02
1.008761428319438158e+00 -1.546112093967555098e-02
1.008607755098681169e+00 -1.527355555431992272e-02
1.008455956459191283e+00 -1.508621473132460908e-02
1.008306029856603780e+00 -1.489915796084297778e-02
1.008157972159376969e+00 -1.471244318982227808e-02
1.008011779664171881e+00 -1.452612683259202862e-02
1.007867448111123609e+00 -1.434026378192163227e-02
1.007724972698999411e+00 -1.415490742053331780e-02
1.007584348100240002e+00 -1.397010963305657383e-02
1.007445568475878961e+00 -1.378592081841021819e-02
1.007308627490335784e+00 -1.360238990259828550e-02
1.007173518326079931e+00 -1.341956435190590734e-02
1.007040233698159870e+00 -1.323749018648141991e-02
1.006908765868595790e+00 -1.305621199429092549e-02
1.006779106660629086e+00 -1.287577294543159820e-02
1.006651247472828858e+00 -1.269621480679002622e-02
1.006525179293049188e+00 -1.251757795703196258e-02
1.006400892712234763e+00 -1.233990140190986164e-02
1.006278377938072399e+00 -1.216322278987466525e-02
1.006157624808484918e+00 -1.198757842797834074e-02
1.006038622804964033e+00 -1.181300329805372654e-02
1.005921361065740927e+00 -1.163953107315833686e-02
1.005805828398790736e+00 -1.146719413426882175e-02
1.005692013294668952e+00 -1.129602358721287260e-02
1.005579903939176623e+00 -1.112604927982545171e-02
1.005469488225854580e+00 -1.095729981931629210e-02
1.005360753768301141e+00 -1.078980258983575254e-02
1.005253687912315064e+00 -1.062358377022616998e-02
1.005148277747858199e+00 -1.045866835194599748e-02
1.005044510120839618e+00 -1.029508015715409862e-02
1.004942371644717447e+00 -1.013284185694173119e-02
1.004841848711917507e+00 -9.971974989699834008e-03
1.004742927505068328e+00 -9.812499979609395906e-03
1.004645594008050313e+00 -9.654436155242820949e-03
1.004549834016858378e+00 -9.497801768264335989e-03
1.004455633150276972e+00 -9.342614012217637445e-03
1.004362976860367018e+00 -9.188889041389152953e-03
1.004271850442764125e+00 -9.036641989735416658e-03
1.004182239046786940e+00 -8.885886989863270302e-03
1.004094127685355442e+00 -8.736637192051716766e-03
1.004007501244719380e+00 -8.588904783304486881e-03
1.003922344493995089e+00 -8.442701006422519139e-03
1.003838642094512457e+00 -8.298036179085756595e-03
1.003756378608970712e+00 -8.154919712933854370e-03
1.003675538510403475e+00 -8.013360132635576755e-03
1.003596106190953074e+00 -7.873365094936872824e-03
1.003518065970454565e+00 -7.734941407677816370e-03
1.003441402104830571e+00 -7.598095048768791111e-03
1.003366098794294725e+00 -7.462831185116537182e-03
1.003292140191368587e+00 -7.329154191490861413e-03
1.003219510408707826e+00 -7.197067669323041136e-03
1.003148193526742782e+00 -7.066574465427168106e-03
1.003078173601130940e+00 -6.937676690635905495e-03
1.003009434670024014e+00 -6.810375738342338246e-03
1.002941960761150275e+00 -6.684672302939839890e-03
1.002875735898712373e+00 -6.560566398152097543e-03
1.002810744110103514e+00 -6.438057375245660567e-03
1.002746969432440682e+00 -6.317143941117625561e-03
1.002684395918919114e+00 -6.197824176251274207e-03
1.002623007644986908e+00 -6.080095552532747624e-03
1.002562788714342679e+00 -5.963954950922041240e-03
1.002503723264757118e+00 -5.849398678971858348e-03
1.002445795473719592e+00 -5.736422488188089482e-03
1.002388989563913313e+00 -5.625021591225913727e-03
1.002333289808517991e+00 -5.515190678915760092e-03
1.002278680536344169e+00 -5.406923937113596035e-03
1.002225146136798806e+00 -5.300215063370243562e-03
1.002172671064686105e+00 -5.195057283414658382e-03
1.002121239844844469e+00 -5.091443367446336563e-03
1.002070837076620480e+00 -4.989365646232249082e-03
1.002021447438184110e+00 -4.888816027003924092e-03
1.001973055690685177e+00 -4.789786009150536969e-03
1.001925646682253923e+00 -4.692266699704083360e-03
1.001879205351848823e+00 -4.596248828612943711e-03
1.001833716732950963e+00 -4.501722763800366373e-03
1.001789165957110761e+00 -4.408678526004615808e-03
1.001745538257346135e+00 -4.317105803397748402e-03
1.001702818971395903e+00 -4.226993965980208219e-03
1.001660993544830625e+00 -4.138332079748625880e-03
1.001620047534022673e+00 -4.051108920634434452e-03
1.001579966608978411e+00 -3.965312988211110515e-03
1.001540736556033817e+00 -3.880932519168058936e-03
1.001502343280417318e+00 -3.797955500549364104e-03
1.001464772808680959e+00 -3.716369682755821247e-03
1.001428011291002340e+00 -3.636162592308860887e-03
1.001392045003361098e+00 -3.557321544375172118e-03
1.001356860349590816e+00 -3.479833655051016786e-03
1.001322443863309264e+00 -3.403685853405409752e-03
1.001288782209728945e+00 -3.328864893281523359e-03
1.001255862187352408e+00 -3.255357364855852517e-03
1.001223670729550985e+00 -3.183149705954843329e-03
1.001192194906033395e+00 -3.112228213128866421e-03
1.001161421924204209e+00 -3.042579052483573594e-03
1.001131339130414855e+00 -2.974188270268843335e-03
1.001101934011110250e+00 -2.907041803225672572e-03
1.001073194193873306e+00 -2.841125488691529852e-03
1.001045107448369054e+00 -2.776425074464830469e-03
1.001017661687192639e+00 -2.712926228429339299e-03
1.000990844966620275e+00 -2.650614547939449377e-03
1.000964645487269378e+00 -2.589475568967416087e-03
1.000939051594667006e+00 -2.529494775013764723e-03
1.000914051779731473e+00 -2.470657605782209353e-03
1.000889634679167806e+00 -2.412949465620549665e-03
1.000865789075779944e+00 -2.356355731729129193e-03
1.000842503898702329e+00 -2.300861762138552320e-03
1.000819768223552675e+00 -2.246452903458469839e-03
1.000797571272508124e+00 -2.193114498399343845e-03
1.000775902414307472e+00 -2.140831893069210321e-03
1.000754751164182332e+00 -2.089590444047553612e-03
1.000734107183717247e+00 -2.039375525238493712e-03
1.000713960280643411e+00 -1.990172534505588783e-03
1.000694300408566662e+00 -1.941966900090624261e-03
1.000675117666632863e+00 -1.894744086818856647e-03
1.000656402299131331e+00 -1.848489602093243570e-03
1.000638144695040532e+00 -1.803189001680270687e-03
1.000620335387516047e+00 -1.758827895290054032e-03
1.000602965053323912e+00 -1.715391951953457389e-03
1.000586024512221783e+00 -1.672866905199028864e-03
1.000569504726288805e+00 -1.631238558032613523e-03
1.000553396799206629e+00 -1.590492787722555795e-03
1.000537691975493582e+00 -1.550615550393449980e-03
1.000522381639693981e+00 -1.511592885431445364e-03
1.000507457315524373e+00 -1.473410919704153631e-03
1.000492910664978474e+00 -1.436055871598242682e-03
1.000478733487392358e+00 -1.399514054877837874e-03
1.000464917718471902e+00 -1.363771882366880250e-03
1.000451455429284930e+00 -1.328815869458621970e-03
1.000438338825218709e+00 -1.294632637455459282e-03
1.000425560244904144e+00 -1.261208916742329825e-03
1.000413112159110662e+00 -1.228531549796913879e-03
1.000400987169610456e+00 -1.196587494039898659e-03
1.000389178008015412e+00 -1.165363824528572144e-03
1.000377677534588061e+00 -1.134847736497026586e-03
1.000366478737027665e+00 -1.105026547746253357e-03
1.000355574729233421e+00 -1.075887700887417746e-03
1.000344958750045254e+00 -1.047418765441601425e-03
1.000334624161965280e+00 -1.019607439799297740e-03
1.000324564449859510e+00 -9.924415530429425442e-04
1.000314773219642905e+00 -9.659090666357529435e-04
1.000305244196947108e+00 -9.399980759801414981e-04
1.000295971225774183e+00 -9.146968118489575252e-04
1.000286948267135934e+00 -8.899936416927957438e-04
1.000278169397681438e+00 -8.658770708265961383e-04
1.000269628808312827e+00 -8.423357434987404843e-04
1.000261320802790843e+00 -8.193584438458311392e-04
1.000253239796331961e+00 -7.969340967363156914e-04
1.000245380314197297e+00 -7.750517685060978601e-04
1.000237736990274628e+00 -7.537006675892486901e-04
1.000230304565654427e+00 -7.328701450469066094e-04
1.000223077887201661e+00 -7.125496949974232568e-04
1.000216051906123615e+00 -6.927289549507854253e-04
1.000209221676534144e+00 -6.733977060503089883e-04
1.000202582354017045e+00 -6.545458732245693426e-04
1.000196129194187655e+00 -6.361635252524972320e-04
1.000189857551254224e+00 -6.182408747445346632e-04
1.000183762876579951e+00 -6.007682780427084368e-04
1.000177840717247024e+00 -5.837362350424405441e-04
1.000172086714621544e+00 -5.671353889388768433e-04
1.000166496602922894e+00 -5.509565259004752013e-04
1.000161066207795102e+00 -5.351905746725539592e-04
1.000155791444883979e+00 -5.198286061134604853e-04
1.000150668318418479e+00 -5.048618326659766453e-04
1.000145692919797602e+00 -4.902816077665360633e-04
1.000140861426183525e+00 -4.760794251947848377e-04
1.000136170099102051e+00 -4.622469183659723858e-04
1.000131615283049724e+00 -4.487758595686155570e-04
1.000127193404108938e+00 -4.356581591498341621e-04
1.000122900968572370e+00 -4.228858646507100945e-04
1.000118734561574962e+00 -4.104511598939778231e-04
1.000114690845735677e+00 -3.983463640263066544e-04
1.000110766559809905e+00 -3.865639305173904951e-04
1.000106958517350986e+00 -3.750964461180132463e-04
1.000103263605382597e+00 -3.639366297792126460e-04
1.000099678783082924e+00 -3.530773315346177736e-04
1.000096201080478808e+00 -3.425115313479896832e-04
1.000092827597153011e+00 -3.322323379279476280e-04
1.000089555500962568e+00 -3.222329875118169350e-04
1.000086382026769360e+00 -3.125068426204878082e-04
1.000083304475184232e+00 -3.030473907861286906e-04
1.000080320211322871e+00 -2.938482432545507081e-04
1.000077426663575464e+00 -2.849031336639747244e-04
1.000074621322389445e+00 -2.762059167019055355e-04
1.000071901739066016e+00 -2.677505667417738209e-04
1.000069265524569539e+00 -2.595311764609595250e-04
1.000066710348352261e+00 -2.515419554417668642e-04
1.000064233937191904e+00 -2.437772287568755643e-04
1.000061834074043920e+00 -2.362314355407498640e-04
1.000059508596907953e+00 -2.288991275484416352e-04
1.000057255397709399e+00 -2.217749677031822023e-04
1.000055072421194291e+00 -2.148537286341131258e-04
1.000052957663840170e+00 -2.081302912054650163e-04
1.000050909172780722e+00 -2.015996430384506450e-04
1.000048925044746184e+00 -1.952568770270977710e-04
1.000047003425017511e+00 -1.890971898492058232e-04
1.000045142506395868e+00 -1.831158804735707861e-04
1.000043340528188107e+00 -1.773083486645822223e-04
1.000041595775205128e+00 -1.716700934852579883e-04
1.000039906576777327e+00 -1.661967117997427022e-04
1.000038271305783599e+00 -1.608838967762590030e-04
1.000036688377695659e+00 -1.557274363914625795e-04
1.000035156249637902e+00 -1.507232119371155761e-04
1.000033673419461477e+00 -1.458671965299567961e-04
1.000032238424833020e+00 -1.411554536256117234e-04
1.000030849842339586e+00 -1.365841355373506626e-04
1.000029506286606695e+00 -1.321494819604689282e-04
1.000028206409432130e+00 -1.278478185030299994e-04
1.000026948898934176e+00 -1.236755552236791912e-04
1.000025732478714291e+00 -1.196291851772039499e-04
1.000024555907034651e+00 -1.157052829684848569e-04
1.000023417976009465e+00 -1.119005033154510398e-04
1.000022317510810943e+00 -1.082115796216235362e-04
1.000021253368890140e+00 -1.046353225588006637e-04
1.000020224439210459e+00 -1.011686186604108688e-04
1.000019229641496921e+00 -9.780842892603054011e-05
1.000018267925497861e+00 -9.455178743753672157e-05
1.000017338270260847e+00 -9.139579998733825673e-05
1.000016439683423020e+00 -8.833764271910274325e-05
1.000015571200513653e+00 -8.537456078137143907e-05
1.000014731884271368e+00 -8.250386699442955663e-05
1.000013920823973335e+00 -7.972294053077552873e-05
1.000013137134779129e+00 -7.702922560950932961e-05
1.000012379957085917e+00 -7.442023020493750553e-05
1.000011648455897628e+00 -7.189352476967028843e-05
1.000010941820207000e+00 -6.944674097246516034e-05
1.000010259262388734e+00 -6.707757045105005298e-05
1.000009600017606859e+00 -6.478376358013973005e-05
1.000008963343232526e+00 -6.256312825483913956e-05
1.000008348518275803e+00 -6.041352868960874010e-05
1.000007754842827890e+00 -5.833288423294863087e-05
1.000007181637515563e+00 -5.631916819794055470e-05
1.000006628242967599e+00 -5.437040670876994337e-05
1.000006094019291858e+00 -5.248467756333352515e-05
1.000005578345565027e+00 -5.066010911202231394e-05
1.000005080619331910e+00 -4.889487915275432246e-05
1.000004600256116705e+00 -4.718721384231666443e-05
1.000004136688944723e+00 -4.553538662406249413e-05
1.000003689367874538e+00 -4.393771717199445567e-05
1.000003257759541686e+00 -4.239257035125333081e-05
1.000002841346710802e+00 -4.089835519501773331e-05
1.000002439627839967e+00 -3.945352389780879183e-05
1.000002052116653495e+00 -3.805657082518195235e-05
1.000001678341725153e+00 -3.670603153977703320e-05
1.000001317846071380e+00 -3.540048184368693230e-05
1.000000970186752935e+00 -3.413853683709521485e-05
1.000000634934487431e+00 -3.291884999312308597e-05
1.000000311673269193e+00 -3.174011224881700304e-05
9.999999999999997780e-01 -3.060105111219928533e-05
