9.029798341579930998e-01 0.000000000000000000e+00
9.029949902017915253e-01 3.031206536538049064e-03
9.030404581644343454e-01 6.062372047956446006e-03
9.031162371668705058e-01 9.093391059202926563e-03
9.032223249239537122e-01 1.212408783886632924e-02
9.033587170423312829e-01 1.515421649742953146e-02
9.035254063195601315e-01 1.818346113562194222e-02
9.037223820449841183e-01 2.121143604930469245e-02
9.039496293029690710e-01 2.423768599726367282e-02
9.042071282791568354e-01 2.726168653820599738e-02
9.044948535704612214e-01 3.028284444315324647e-02
9.048127734995897731e-01 3.330049818929867872e-02
9.051608494349365763e-01 3.631391854124441099e-02
9.055390351167483809e-01 3.932230922535723261e-02
9.059472759905224937e-01 4.232480770277750881e-02
9.063855085486508534e-01 4.532048604638346662e-02
9.068536596813741024e-01 4.830835192675259071e-02
9.073516460381606530e-01 5.128734971187218217e-02
9.078793734006700422e-01 5.425636168503204793e-02
9.084367360685030590e-01 5.721420938498365805e-02
9.090236162589807600e-01 6.015965507207155644e-02
9.096398835222284651e-01 6.309140332363517845e-02
9.102853941728720200e-01 6.600810276154191192e-02
9.109599907396805918e-01 6.890834791424704786e-02
9.116635014345104704e-01 7.179068121528257851e-02
9.123957396419223320e-01 7.465359513955711901e-02
9.131565034308538609e-01 7.749553447830373476e-02
9.139455750897365061e-01 8.031489875294313407e-02
9.147627206864445970e-01 8.311004476753813819e-02
9.156076896544581567e-01 8.587928929890409346e-02
9.164802144066086509e-01 8.862091192280997787e-02
9.173800099777588146e-01 9.133315797406042769e-02
9.183067736977403861e-01 9.401424163759111718e-02
9.192601848958438238e-01 9.666234916704252722e-02
9.202399046381140035e-01 9.927564222660319182e-02
9.212455754986600409e-01 1.018522613512361508e-01
9.222768213661369785e-01 1.043903295197250169e-01
9.233332472864960172e-01 1.068879558343029529e-01
9.244144393430356876e-01 1.093432392999621888e-01
9.255199645747129722e-01 1.117542726958874605e-01
9.266493709335957840e-01 1.141191465308185882e-01
9.278021872822522775e-01 1.164359530735283588e-01
9.289779234317812051e-01 1.187027904490070007e-01
9.301760702210917220e-01 1.209177667903774261e-01
9.313960996379370139e-01 1.230790044360300650e-01
9.326374649821002061e-01 1.251846441609670013e-01
9.338996010710166606e-01 1.272328494308856972e-01
9.351819244880015258e-01 1.292218106671167710e-01
9.364838338731303891e-01 1.311497495101618949e-01
9.378047102566956505e-01 1.330149230692598550e-01
9.391439174350353358e-01 1.348156281451448890e-01
9.405008023884012802e-01 1.365502054129537068e-01
9.418746957404025011e-01 1.382170435520898855e-01
9.432649122584261248e-01 1.398145833097674262e-01
9.446707513943070067e-01 1.413413214849321420e-01
9.460914978643831796e-01 1.427958148193012866e-01
9.475264222679424808e-01 1.441766837823698355e-01
9.489747817429347032e-01 1.454826162374060483e-01
9.504358206576956070e-01 1.467123709757007510e-01
9.519087713373027837e-01 1.478647811066426121e-01
9.533928548230609090e-01 1.489387572915664149e-01
9.548872816634960126e-01 1.499332908097601724e-01
9.563912527351234871e-01 1.508474564455195843e-01
9.579039600911485319e-01 1.516804151857021055e-01
9.594245878361523650e-01 1.524314167178551505e-01
9.609523130247237255e-01 1.530998017196714411e-01
9.624863065819061481e-01 1.536850039312549487e-01
9.640257342432494436e-01 1.541865520024598424e-01
9.655697575121802156e-01 1.546040711083888075e-01
9.671175346323428457e-01 1.549372843270006295e-01
9.686682215725057610e-01 1.551860137736752465e-01
9.702209730215790584e-01 1.553501814885138166e-01
9.717749433912559187e-01 1.554298100731046073e-01
9.733292878237583823e-01 1.554250230744584627e-01
9.748831632021524030e-01 1.553360451148038668e-01
9.764357291606889921e-01 1.551632017669264119e-01
9.779861490926281542e-01 1.549069191757332653e-01
9.795335911530166362e-01 1.545677234277164080e-01
9.810772292539107209e-01 1.541462396709714355e-01
9.826162440495657124e-01 1.536431909893960779e-01
9.841498239091580613e-01 1.530593970356405042e-01
9.856771658746525944e-01 1.523957724283015458e-01
9.871974766014893765e-01 1.516533249197428990e-01
9.887099732798315666e-01 1.508331533417762715e-01
9.902138845341929008e-01 1.499364453372507289e-01
9.917084512993464829e-01 1.489644748863639678e-01
9.931929276705102616e-01 1.479185996372275602e-01
9.946665817259016107e-01 1.468002580508819821e-01
9.961286963198585642e-01 1.456109663715669245e-01
9.975785698448377259e-01 1.443523154336016912e-01
9.990155169607128904e-01 1.430259673167197654e-01
1.000438869289920429e+00 1.416336518621273133e-01
1.001847976077121283e+00 1.401771630619174647e-01
1.003242204812177407e+00 1.386583553347679465e-01
1.004620941815371760e+00 1.370791397010810431e-01
1.005983592783932234e+00 1.354414798708887258e-01
1.007329583299054088e+00 1.337473882579460760e-01
1.008658359292750939e+00 1.319989219334703201e-01
1.009969387473996782e+00 1.301981785329546504e-01
1.011262155713757327e+00 1.283472921293955238e-01
1.012536173388640437e+00 1.264484290861224991e-01
1.013790971683028230e+00 1.245037839022119924e-01
1.015026103849677730e+00 1.225155750632047763e-01
1.016241145428907977e+00 1.204860409095326601e-01
1.017435694426610304e+00 1.184174355346977042e-01
1.018609371451437706e+00 1.163120247248393552e-01
1.019761819811643377e+00 1.141720819508756091e-01
1.020892705572148396e+00 1.119998844239168539e-01
1.022001717572523338e+00 1.097977092241298469e-01
1.023088567406664540e+00 1.075678295126773626e-01
1.024152989365044952e+00 1.053125108357816087e-01
1.025194740340499733e+00 1.030340075293593866e-01
1.026213599698595935e+00 1.007345592320589983e-01
1.027209369113703419e+00 9.841638751389643336e-02
1.028181872371957795e+00 9.608169262704589764e-02
1.029130955142367965e+00 9.373265038469036359e-02
1.030056484717373433e+00 9.137140917318579969e-02
1.030958349724209855e+00 8.900008710214143970e-02
1.031836459808481710e+00 8.662076929637096967e-02
1.032690745291377832e+00 8.423550533302950893e-02
1.033521156801995744e+00 8.184630682662147327e-02
1.034327664886264264e+00 7.945514516394765192e-02
1.035110259593971405e+00 7.706394939045897730e-02
1.035868950045416792e+00 7.467460424890150217e-02
1.036603763979214721e+00 7.228894837057446565e-02
1.037314747282769956e+00 6.990877261898309492e-02
1.038001963506951286e+00 6.753581858515100844e-02
1.038665493366470516e+00 6.517177723336635420e-02
1.039305434227463909e+00 6.281828769567093795e-02
1.039921899583754916e+00 6.047693621296520300e-02
1.040515018523249235e+00 5.814925522019324944e-02
1.041084935185890625e+00 5.583672257269316208e-02
1.041631808214573018e+00 5.354076091044795982e-02
1.042155810200369181e+00 5.126273715665250613e-02
1.042657127123400862e+00 4.900396214672141093e-02
1.043135957790634283e+00 4.676569038360218339e-02
1.043592513271841771e+00 4.454911991502637225e-02
1.044027016334926783e+00 4.235539232812877974e-02
1.044439700881762523e+00 4.018559285669040526e-02
1.044830811385645708e+00 3.804075059611371906e-02
1.045200602331417095e+00 3.592183882111871923e-02
1.045549337659253064e+00 3.382977540105358560e-02
1.045877290213074629e+00 3.176542330764408478e-02
1.046184741194476464e+00 2.972959120995962920e-02
1.046471979623018189e+00 2.772303415135043275e-02
1.046739301803674582e+00 2.574645430310782551e-02
1.046987010802182594e+00 2.380050178961763338e-02
1.047215415928976601e+00 2.188577557981316937e-02
1.047424832232348280e+00 2.000282443978845109e-02
1.047615580001417079e+00 1.815214794150274424e-02
1.047787984279447304e+00 1.633419752259280752e-02
1.047942374387998310e+00 1.454937759240819244e-02
1.048079083462347239e+00 1.279804667949632768e-02
1.048198447998572425e+00 1.108051861588660314e-02
1.048300807412647417e+00 9.397063753655034851e-03
1.048386503611841158e+00 7.747910209392167881e-03
1.048455880578686328e+00 6.133245132345518068e-03
1.048509283967729688e+00 4.553215992162895458e-03
1.048547060715242285e+00 3.007931882323352114e-03
1.048569558662025614e+00 1.497464835507252793e-03
1.048577126189417008e+00 2.185114732505691673e-05
1.048570111868559751e+00 -1.418907295005063848e-03
1.048548864122970325e+00 -2.824841682268542254e-03
1.048513730904406582e+00 -4.196014954219579735e-03
1.048465059382006181e+00 -5.532520474792232412e-03
1.048403195644641572e+00 -6.834480714277346020e-03
1.048328484416406026e+00 -8.102045941014501124e-03
1.048241268785126357e+00 -9.335392924979311544e-03
1.048141889943771110e+00 -1.053472365548012088e-02
1.048030686944601664e+00 -1.170026407501482610e-02
1.047907996465896829e+00 -1.283226283117868544e-02
1.047774152591060659e+00 -1.393099004835793298e-02
1.047629486599907622e+00 -1.499673612079217670e-02
1.047474326771904218e+00 -1.602981052844116780e-02
1.047308998201132546e+00 -1.703054067694887916e-02
1.047133822622728694e+00 -1.799927076286021721e-02
1.046949118250539046e+00 -1.893636066511305421e-02
1.046755199625725385e+00 -1.984218486370110598e-02
1.046552377476045681e+00 -2.071713138628122550e-02
1.046340958585524561e+00 -2.156160078338233491e-02
1.046121245674227929e+00 -2.237600513276225694e-02
1.045893537287845509e+00 -2.316076707335339505e-02
1.045658127696784900e+00 -2.391631886913831578e-02
1.045415306804476030e+00 -2.464310150320192516e-02
1.045165360064583604e+00 -2.534156380211803269e-02
1.044908568406823113e+00 -2.601216159074455289e-02
1.044645208171077977e+00 -2.665535687742326409e-02
1.044375551049511852e+00 -2.727161706950703354e-02
1.044099864036375225e+00 -2.786141421906932966e-02
1.043818409385204760e+00 -2.842522429858777150e-02
1.043531444573116307e+00 -2.896352650633516809e-02
1.043239222271898470e+00 -2.947680260115784559e-02
1.042941990325610968e+00 -2.996553626627190825e-02
1.042639991734402916e+00 -3.043021250166326117e-02
1.042333464644265684e+00 -3.087131704463653287e-02
1.042022642342441907e+00 -3.128933581802146452e-02
1.041707753258214852e+00 -3.168475440551239697e-02
1.041389020968813250e+00 -3.205805755358741294e-02
1.041066664210164694e+00 -3.240972869942798651e-02
1.040740896892242695e+00 -3.274024952423752743e-02
1.040411928118757157e+00 -3.305009953133814654e-02
1.040079962210940900e+00 -3.333975564840851308e-02
1.039745198735197551e+00 -3.360969185321236591e-02
1.039407832534376075e+00 -3.386037882215629791e-02
1.039068053762449484e+00 -3.409228360100716865e-02
1.038726047922377438e+00 -3.430586929709340122e-02
1.038381995906942468e+00 -3.450159479231057480e-02
1.038036074042355983e+00 -3.467991447624990675e-02
1.037688454134433558e+00 -3.484127799876815534e-02
1.037339303517151423e+00 -3.498613004131926468e-02
1.036988785103397870e+00 -3.511491010637149413e-02
1.036637057437743259e+00 -3.522805232423840277e-02
1.036284274751057888e+00 -3.532598527665839483e-02
1.035930587016811844e+00 -3.540913183646485218e-02
1.035576140008901413e+00 -3.547790902269729735e-02
1.035221075360849285e+00 -3.553272787051366122e-02
1.034865530626234875e+00 -3.557399331527400649e-02
1.034509639340214893e+00 -3.560210409017731947e-02
1.034153531082002919e+00 -3.561745263684489016e-02
1.033797331538179876e+00 -3.562042502825627649e-02
1.033441162566717031e+00 -3.561140090345701198e-02
1.033085142261594758e+00 -3.559075341347063548e-02
1.032729385017908896e+00 -3.555884917786166638e-02
1.032374001597359259e+00 -3.551604825141032457e-02
1.032019099194025014e+00 -3.546270410037427601e-02
1.031664781500329919e+00 -3.539916358782752709e-02
1.031311148773111697e+00 -3.532576696758122498e-02
1.030958297899710940e+00 -3.524284788620631742e-02
1.030606322464001856e+00 -3.515073339269277064e-02
1.030255312812289104e+00 -3.504974395529526776e-02
1.029905356119002802e+00 -3.494019348513006940e-02
1.029556536452125748e+00 -3.482238936610274060e-02
1.029208934838290235e+00 -3.469663249076116590e-02
1.028862629327490064e+00 -3.456321730168292888e-02
1.028517695057350911e+00 -3.442243183802059375e-02
1.028174204316912421e+00 -3.427455778684275478e-02
1.027832226609872723e+00 -3.411987053892270166e-02
1.027491828717256084e+00 -3.395863924864055139e-02
1.027153074759461049e+00 -3.379112689767813787e-02
1.026816026257654224e+00 -3.361759036219934965e-02
1.026480742194476381e+00 -3.343828048322167179e-02
1.026147279074029139e+00 -3.325344213989748360e-02
1.025815690981117134e+00 -3.306331432543602872e-02
1.025486029639717023e+00 -3.286813022540924917e-02
1.025158344470653571e+00 -3.266811729819653343e-02
1.024832682648461502e+00 -3.246349735733482234e-02
1.024509089157414676e+00 -3.225448665555197963e-02
1.024187606846708176e+00 -3.204129597027195048e-02
1.023868276484778184e+00 -3.182413069039109060e-02
1.023551136812749007e+00 -3.160319090413503396e-02
1.023236224596996369e+00 -3.137867148781561116e-02
1.022923574680820069e+00 -3.115076219531678556e-02
1.022613220035217818e+00 -3.091964774814794439e-02
1.022305191808757785e+00 -3.068550792591182713e-02
1.021999519376543208e+00 -3.044851765704303242e-02
1.021696230388270621e+00 -3.020884710968136169e-02
1.021395350815377467e+00 -2.996666178255238261e-02
1.021096904997283117e+00 -2.972212259573526333e-02
1.020800915686721932e+00 -2.947538598120539796e-02
1.020507404094172843e+00 -2.922660397304656724e-02
1.020216389931389189e+00 -2.897592429723415408e-02
1.019927891454033064e+00 -2.872349046089767502e-02
1.019641925503419477e+00 -2.846944184097709510e-02
1.019358507547378556e+00 -2.821391377219357663e-02
1.019077651720240230e+00 -2.795703763426106783e-02
1.018799370861952269e+00 -2.769894093827076145e-02
1.018523676556338131e+00 -2.743974741218573044e-02
1.018250579168504144e+00 -2.717957708538819989e-02
1.017980087881407592e+00 -2.691854637222675095e-02
1.017712210731593236e+00 -2.665676815451540824e-02
1.017446954644110502e+00 -2.639435186294101718e-02
1.017184325466622852e+00 -2.613140355733950537e-02
1.016924328002719147e+00 -2.586802600580570544e-02
1.016666966044441400e+00 -2.560431876260518824e-02
1.016412242404037602e+00 -2.534037824486028503e-02
1.016160158944955594e+00 -2.507629780798583882e-02
1.015910716612088205e+00 -2.481216781985363592e-02
1.015663915461282985e+00 -2.454807573366748000e-02
1.015419754688129839e+00 -2.428410615953395524e-02
1.015178232656039903e+00 -2.402034093471660386e-02
1.014939346923628305e+00 -2.375685919256400463e-02
1.014703094271413919e+00 -2.349373743010472332e-02
1.014469470727850320e+00 -2.323104957430442014e-02
1.014238471594700819e+00 -2.296886704698275841e-02
1.014010091471770680e+00 -2.270725882838974669e-02
1.013784324281010729e+00 -2.244629151944322124e-02
1.013561163290004785e+00 -2.218602940263101828e-02
1.013340601134855357e+00 -2.192653450158310938e-02
1.013122629842479583e+00 -2.166786663932068410e-02
1.012907240852329638e+00 -2.141008349519064879e-02
1.012694425037550472e+00 -2.115324066049547105e-02
1.012484172725587106e+00 -2.089739169282963521e-02
1.012276473718255687e+00 -2.064258816913525432e-02
1.012071317311289853e+00 -2.038887973749048052e-02
1.011868692313375506e+00 -2.013631416764549709e-02
1.011668587064687097e+00 -1.988493740032181920e-02
1.011470989454936076e+00 -1.963479359529156712e-02
1.011275886940944835e+00 -1.938592517825420483e-02
1.011083266563758576e+00 -1.913837288652900717e-02
1.010893114965305095e+00 -1.889217581358218490e-02
1.010705418404615585e+00 -1.864737145240827343e-02
1.010520162773617336e+00 -1.840399573778590814e-02
1.010337333612508548e+00 -1.816208308742863972e-02
1.010156916124728355e+00 -1.792166644205186316e-02
1.009978895191531167e+00 -1.768277730437733952e-02
1.009803255386175103e+00 -1.744544577709711969e-02
1.009629980987737374e+00 -1.720970059981893549e-02
1.009459055994564203e+00 -1.697556918501539128e-02
1.009290464137366783e+00 -1.674307765299943782e-02
1.009124188891971752e+00 -1.651225086594878058e-02
1.008960213491736368e+00 -1.628311246100194037e-02
1.008798520939637067e+00 -1.605568488244873970e-02
1.008639094020040927e+00 -1.582998941303805432e-02
1.008481915310168286e+00 -1.560604620442554609e-02
1.008326967191254253e+00 -1.538387430678414894e-02
1.008174231859419567e+00 -1.516349169759988527e-02
1.008023691336256356e+00 -1.494491530967553654e-02
1.007875327479138550e+00 -1.472816105836450250e-02
1.007729121991263188e+00 -1.451324386805699813e-02
1.007585056431430148e+00 -1.430017769794054289e-02
1.007443112223569193e+00 -1.408897556705644184e-02
1.007303270666018324e+00 -1.387964957867370529e-02
1.007165512940563001e+00 -1.367221094400157197e-02
1.007029820121239982e+00 -1.346667000526147358e-02
1.006896173182915355e+00 -1.326303625813899517e-02
1.006764553009639407e+00 -1.306131837363598558e-02
1.006634940402787226e+00 -1.286152421934266821e-02
1.006507316088988357e+00 -1.266366088014918463e-02
1.006381660727853067e+00 -1.246773467841562864e-02
1.006257954919498099e+00 -1.227375119361922770e-02
1.006136179211879922e+00 -1.208171528149690373e-02
1.006016314107938792e+00 -1.189163109270103581e-02
1.005898340072557628e+00 -1.170350209098578072e-02
1.005782237539342150e+00 -1.151733107094090984e-02
1.005667986917225809e+00 -1.133312017528962344e-02
1.005555568596903981e+00 -1.115087091176638137e-02
1.005444962957100286e+00 -1.097058416959032119e-02
1.005336150370672144e+00 -1.079226023554934882e-02
1.005229111210555137e+00 -1.061589880970956017e-02
1.005123825855553932e+00 -1.044149902076414727e-02
1.005020274695980431e+00 -1.026905944103548990e-02
1.004918438139143833e+00 -1.009857810114367198e-02
1.004818296614696127e+00 -9.930052504354171250e-03
1.004719830579834161e+00 -9.763479640617033634e-03
1.004623020524365140e+00 -9.598856000309361272e-03
1.004527846975633576e+00 -9.436177587692488877e-03
1.004434290503317451e+00 -9.275439934094771924e-03
1.004342331724091819e+00 -9.116638110830460953e-03
1.004251951306165846e+00 -8.959766741864686954e-03
1.004163129973694168e+00 -8.804820016234142163e-03
1.004075848511064351e+00 -8.651791700232634719e-03
1.003990087767065331e+00 -8.500675149370227196e-03
1.003905828658935739e+00 -8.351463320114303063e-03
1.003823052176296304e+00 -8.204148781420464442e-03
1.003741739384968801e+00 -8.058723726060772544e-03
1.003661871430681751e+00 -7.915179981756470876e-03
1.003583429542665773e+00 -7.773509022121934987e-03
1.003506395037141008e+00 -7.633701977426211698e-03
1.003430749320697757e+00 -7.495749645178195059e-03
1.003356473893571188e+00 -7.359642500541085583e-03
1.003283550352814135e+00 -7.225370706581479147e-03
1.003211960395366864e+00 -7.092924124358085912e-03
1.003141685821027806e+00 -6.962292322854765625e-03
1.003072708535325264e+00 -6.833464588762273341e-03
1.003005010552291409e+00 -6.706429936112790445e-03
1.002938573997142147e+00 -6.581177115771060827e-03
1.002873381108861706e+00 -6.457694624785660642e-03
1.002809414242693986e+00 -6.335970715603676806e-03
1.002746655872543746e+00 -6.215993405151821333e-03
1.002685088593286977e+00 -6.097750483786766595e-03
1.002624695122991794e+00 -5.981229524117266313e-03
1.002565458305052726e+00 -5.866417889700400665e-03
1.002507361110238415e+00 -5.753302743614088777e-03
1.002450386638653601e+00 -5.641871056907812355e-03
1.002394518121618283e+00 -5.532109616933311193e-03
1.002339738923462731e+00 -5.424005035556835226e-03
1.002286032543242555e+00 -5.317543757254383427e-03
1.002233382616372070e+00 -5.212712067091195868e-03
1.002181772916179270e+00 -5.109496098586625672e-03
1.002131187355382202e+00 -5.007881841465389172e-03
1.002081609987488964e+00 -4.907855149296056450e-03
1.002033025008121081e+00 -4.809401747017542916e-03
1.001985416756263181e+00 -4.712507238354247258e-03
1.001938769715438049e+00 -4.617157113120379588e-03
1.001893068514809970e+00 -4.523336754413946441e-03
1.001848297930216125e+00 -4.431031445700765563e-03
1.001804442885128266e+00 -4.340226377788819305e-03
1.001761488451544446e+00 -4.250906655693176446e-03
1.001719419850813697e+00 -4.163057305391673277e-03
1.001678222454392531e+00 -4.076663280471464097e-03
1.001637881784536166e+00 -3.991709468666540875e-03
1.001598383514925139e+00 -3.908180698286248082e-03
1.001559713471227298e+00 -3.826061744534807463e-03
1.001521857631598511e+00 -3.745337335721838842e-03
1.001484802127120100e+00 -3.665992159363830154e-03
1.001448533242177641e+00 -3.588010868176503762e-03
1.001413037414778495e+00 -3.511378085958009702e-03
1.001378301236812929e+00 -3.436078413362873840e-03
1.001344311454256397e+00 -3.362096433566622022e-03
1.001311054967317205e+00 -3.289416717821007797e-03
1.001278518830527764e+00 -3.218023830899771707e-03
1.001246690252782789e+00 -3.147902336434879253e-03
1.001215556597324641e+00 -3.079036802143185047e-03
1.001185105381676710e+00 -3.011411804943499738e-03
1.001155324277526626e+00 -2.945011935964047135e-03
1.001126201110558611e+00 -2.879821805440323668e-03
1.001097723860239430e+00 -2.815826047503397923e-03
1.001069880659555489e+00 -2.753009324858715721e-03
1.001042659794703971e+00 -2.691356333355501840e-03
1.001016049704739341e+00 -2.630851806446883687e-03
1.000990038981175445e+00 -2.571480519540896969e-03
1.000964616367544302e+00 -2.513227294242559827e-03
1.000939770758913827e+00 -2.456077002487247474e-03
1.000915491201364249e+00 -2.400014570565631427e-03
1.000891766891424339e+00 -2.345024983040483457e-03
1.000868587175470337e+00 -2.291093286555688589e-03
1.000845941549086016e+00 -2.238204593537847058e-03
1.000823819656386782e+00 -2.186344085790886769e-03
1.000802211289308907e+00 -2.135497017984148115e-03
1.000781106386863240e+00 -2.085648721034444666e-03
1.000760495034356712e+00 -2.036784605382643137e-03
1.000740367462580771e+00 -1.988890164165348952e-03
1.000720714046969162e+00 -1.941950976282321058e-03
1.000701525306725737e+00 -1.895952709360287751e-03
1.000682791903922064e+00 -1.850881122613865859e-03
1.000664504642568620e+00 -1.806722069604336806e-03
1.000646654467656882e+00 -1.763461500897062564e-03
1.000629232464177232e+00 -1.721085466618372650e-03
1.000612229856110647e+00 -1.679580118912786047e-03
1.000595638005396859e+00 -1.638931714301471426e-03
1.000579448410878758e+00 -1.599126615942887165e-03
1.000563652707225692e+00 -1.560151295796579143e-03
1.000548242663834575e+00 -1.521992336691146324e-03
1.000533210183711219e+00 -1.484636434297423877e-03
1.000518547302333250e+00 -1.448070399007962824e-03
1.000504246186492807e+00 -1.412281157723917517e-03
1.000490299133123262e+00 -1.377255755550488465e-03
1.000476698568109724e+00 -1.342981357402090598e-03
1.000463437045082227e+00 -1.309445249518452785e-03
1.000450507244196263e+00 -1.276634840892878131e-03
1.000437901970897547e+00 -1.244537664613922477e-03
1.000425614154675458e+00 -1.213141379121773517e-03
1.000413636847803156e+00 -1.182433769380637854e-03
1.000401963224067048e+00 -1.152402747968463929e-03
1.000390586577485363e+00 -1.123036356085352176e-03
1.000379500321017412e+00 -1.094322764482022611e-03
1.000368697985263511e+00 -1.066250274309730670e-03
1.000358173217157587e+00 -1.038807317893035561e-03
1.000347919778651118e+00 -1.011982459426847289e-03
1.000337931545391745e+00 -9.857643955991871737e-04
1.000328202505395669e+00 -9.601419561411156855e-04
1.000318726757714272e+00 -9.351041043052885516e-04
1.000309498511097184e+00 -9.106399372746178155e-04
1.000300512082651139e+00 -8.867386865025196326e-04
1.000291761896495712e+00 -8.633897179862425053e-04
1.000283242482416846e+00 -8.405825324747734579e-04
1.000274948474519032e+00 -8.183067656128281079e-04
1.000266874609874845e+00 -7.965521880224337358e-04
1.000259015727176237e+00 -7.753087053236173802e-04
1.000251366765383620e+00 -7.545663580957136978e-04
1.000243922762377391e+00 -7.343153217808091708e-04
1.000236678853610117e+00 -7.145459065308359904e-04
1.000229630270759618e+00 -6.952485569998311139e-04
1.000222772340386035e+00 -6.764138520828711157e-04
1.000216100482590464e+00 -6.580325046031906301e-04
1.000209610209677802e+00 -6.400953609489872008e-04
1.000203297124822921e+00 -6.225934006614106857e-04
1.000197156920741293e+00 -6.055177359752271287e-04
1.000191185378364711e+00 -5.888596113136406124e-04
1.000185378365522126e+00 -5.726104027387471720e-04
1.000179731835626251e+00 -5.567616173590866132e-04
1.000174241826365718e+00 -5.413048926957450633e-04
1.000168904458404784e+00 -5.262319960084540409e-04
1.000163715934089703e+00 -5.115348235831145875e-04
1.000158672536161530e+00 -4.972053999821669833e-04
1.000153770626477590e+00 -4.832358772592097100e-04
1.000149006644740712e+00 -4.696185341392586907e-04
1.000144377107236693e+00 -4.563457751660216313e-04
1.000139878605580401e+00 -4.434101298175476468e-04
1.000135507805471002e+00 -4.308042515915955022e-04
1.000131261445456499e+00 -4.185209170620468773e-04
1.000127136335708045e+00 -4.065530249076735074e-04
1.000123129356803364e+00 -3.948935949145492659e-04
1.000119237458521271e+00 -3.835357669533799346e-04
1.000115457658645512e+00 -3.724727999330031862e-04
1.000111787041780165e+00 -3.616980707312939013e-04
1.000108222758175236e+00 -3.512050731046877723e-04
1.000104762022563376e+00 -3.409874165775179304e-04
1.000101402113007687e+00 -3.310388253123370508e-04
1.000098140369761524e+00 -3.213531369623778789e-04
1.000094974194138953e+00 -3.119243015072827811e-04
1.000091901047397425e+00 -3.027463800732120027e-04
1.000088918449632658e+00 -2.938135437384185758e-04
1.000086023978684402e+00 -2.851200723253553208e-04
1.000083215269055970e+00 -2.766603531803582473e-04
1.000080490010844647e+00 -2.684288799419268581e-04
1.000077845948684763e+00 -2.604202512986014250e-04
1.000075280880703854e+00 -2.526291697374123137e-04
1.000072792657491050e+00 -2.450504402838561604e-04
1.000070379181077662e+00 -2.376789692343291179e-04
1.000068038403930881e+00 -2.305097628819259776e-04
1.000065768327960569e+00 -2.235379262364900379e-04
1.000063567003538045e+00 -2.167586617397768264e-04
1.000061432528528416e+00 -2.101672679765713620e-04
1.000059363047335559e+00 -2.037591383825760672e-04
1.000057356749960435e+00 -1.975297599498641041e-04
1.000055411871071609e+00 -1.914747119306696801e-04
1.000053526689088867e+00 -1.855896645402651569e-04
1.000051699525280835e+00 -1.798703776596517583e-04
1.000049928742874350e+00 -1.743126995387688513e-04
1.000048212746177168e+00 -1.689125655009044975e-04
1.000046549979713761e+00 -1.636659966489681470e-04
1.000044938927374227e+00 -1.585690985742646152e-04
1.000043378111575842e+00 -1.536180600683865766e-04
1.000041866092436837e+00 -1.488091518388222681e-04
1.000040401466964601e+00 -1.441387252288528638e-04
1.000038982868254989e+00 -1.396032109422941749e-04
1.000037608964705171e+00 -1.351991177736157476e-04
1.000036278459239591e+00 -1.309230313439507028e-04
1.000034990088547238e+00 -1.267716128434892499e-04
1.000033742622332689e+00 -1.227415977807286133e-04
1.000032534862579148e+00 -1.188297947390333146e-04
1.000031365642823467e+00 -1.150330841409395581e-04
1.000030233827444492e+00 -1.113484170206190918e-04
1.000029138310962740e+00 -1.077728138048989550e-04
1.000028078017352273e+00 -1.043033631032151188e-04
1.000027051899365471e+00 -1.009372205068600987e-04
1.000026058937868445e+00 -9.767160739786669740e-05
1.000025098141190005e+00 -9.450380976785270647e-05
1.000024168544480396e+00 -9.143117704713430382e-05
1.000023269209083354e+00 -8.845112094439913273e-05
1.000022399221919267e+00 -8.556111429721348816e-05
1.000021557694878771e+00 -8.275868993362221933e-05
1.000020743764229003e+00 -8.004143954508404738e-05
1.000019956590030956e+00 -7.740701257096956034e-05
1.000019195355566604e+00 -7.485311509483432140e-05
1.000018459266778903e+00 -7.237750875266469968e-05
1.000017747551720682e+00 -6.997800965327966743e-05
1.000017059460016178e+00 -6.765248731105797015e-05
1.000016394262331465e+00 -6.539886359114622551e-05
1.000015751249856866e+00 -6.321511166729057787e-05
1.000015129733798691e+00 -6.109925499242113190e-05
1.000014529044881639e+00 -5.904936628210625887e-05
1.000013948532860741e+00 -5.706356651098134033e-05
1.000013387566044409e+00 -5.514002392224479077e-05
1.000012845530826366e+00 -5.327695305030255227e-05
1.000012321831227569e+00 -5.147261375663115504e-05
1.000011815888447675e+00 -4.972531027891848016e-05
1.000011327140425843e+00 -4.803339029353093228e-05
1.000010855041411295e+00 -4.639524399134551839e-05
1.000010399061542543e+00 -4.480930316697538765e-05
1.000009958686435940e+00 -4.327404032140803636e-05
1.000009533416782670e+00 -4.178796777806600353e-05
1.000009122767955505e+00 -4.034963681229112101e-05
1.000008726269623338e+00 -3.895763679424474909e-05
1.000008343465374150e+00 -3.761059434520824948e-05
1.000007973912347081e+00 -3.630717250725988386e-05
1.000007617180872277e+00 -3.504606992629687927e-05
1.000007272854118501e+00 -3.382602004836383208e-05
1.000006940527749411e+00 -3.264579032924175847e-05
1.000006619809587383e+00 -3.150418145724526837e-05
1.000006310319284886e+00 -3.040002658916888915e-05
1.000006011688003627e+00 -2.933219059931732779e-05
1.000005723558101245e+00 -2.829956934154864582e-05
1.000005445582824670e+00 -2.730108892425355875e-05
1.000005177426011471e+00 -2.633570499818878568e-05
1.000004918761798089e+00 -2.540240205707720815e-05
1.000004669274334734e+00 -2.450019275088271488e-05
1.000004428657506717e+00 -2.362811721166303182e-05
1.000004196614663998e+00 -2.278524239189944577e-05
1.000003972858355183e+00 -2.197066141519815900e-05
1.000003757110069502e+00 -2.118349293925415354e-05
1.000003549099984790e+00 -2.042288053096473331e-05
1.000003348566720796e+00 -1.968799205357645683e-05
1.000003155257100040e+00 -1.897801906574594067e-05
1.000002968925913560e+00 -1.829217623239197480e-05
1.000002789335691977e+00 -1.762970074721354147e-05
1.000002616256484345e+00 -1.698985176674575439e-05
1.000002449465640320e+00 -1.637190985582321075e-05
1.000002288747599222e+00 -1.577517644431810392e-05
1.000002133893683975e+00 -1.519897329501828478e-05
1.000001984701900604e+00 -1.464264198250865031e-05
1.000001840976741940e+00 -1.410554338291744925e-05
1.000001702528998004e+00 -1.358705717438761729e-05
1.000001569175569927e+00 -1.308658134813180752e-05
1.000001440739289649e+00 -1.260353172992859451e-05
1.000001317048743177e+00 -1.213734151191621706e-05
1.000001197938100050e+00 -1.168746079453932387e-05
1.000001083246945921e+00 -1.125335613850337435e-05
1.000000972820120460e+00 -1.083451012659068677e-05
1.000000866507559261e+00 -1.043042093519163902e-05
1.000000764164139744e+00 -1.004060191540407740e-05
1.000000665649531717e+00 -9.664581183553759441e-06
1.000000570828051716e+00 -9.301901220988491279e-06
1.000000479568521339e+00 -8.952118482998541876e-06
1.000000391744129136e+00 -8.614803016716038471e-06
1.000000307232296937e+00 -8.289538087846167903e-06
1.000000225914549512e+00 -7.975919816083308273e-06
1.000000147676387341e+00 -7.673556819065555963e-06
1.000000072407163820e+00 -7.382069864721589025e-06
9.999999999999652500e-01 -7.101091531864339905e-06
