9.008593141474444677e-01 0.000000000000000000e+00
9.008724462992226956e-01 2.626428799270117635e-03
9.009118426364171039e-01 5.252828877570404550e-03
9.009775025436134177e-01 7.879126391814251368e-03
9.010694244209654924e-01 1.050519830618420504e-02
9.011876051925367115e-01 1.313087245050064897e-02
9.013320398153695789e-01 1.575592760804928744e-02
9.015027207895957018e-01 1.838009363651282174e-02
9.016996376699361049e-01 2.100305162562472738e-02
9.019227765789764595e-01 2.362443409512535869e-02
9.021721197226381106e-01 2.624382523655195004e-02
9.024476449083005392e-01 2.886076120233414463e-02
9.027493250660657553e-01 3.147473044559468552e-02
9.030771277736880931e-01 3.408517411397050251e-02
9.034310147857252948e-01 3.669148650067215189e-02
9.038109415674999703e-01 3.929301555588889105e-02
9.042168568344891577e-01 4.188906346152243554e-02
9.046487020977893589e-01 4.447888727209411974e-02
9.051064112163336173e-01 4.706169962451769995e-02
9.055899099565601906e-01 4.963666951926319626e-02
9.060991155602607927e-01 5.220292317525563469e-02
9.066339363213545832e-01 5.475954496065683214e-02
9.071942711723581798e-01 5.730557840146778548e-02
9.077800092813376187e-01 5.984002726966463487e-02
9.083910296601459544e-01 6.236185675234227205e-02
9.090272007847622904e-01 6.486999470308717208e-02
9.096883802285598009e-01 6.736333297653498975e-02
9.103744143093381869e-01 6.984072884678976800e-02
9.110851377509615601e-01 7.230100651009067902e-02
9.118203733604445249e-01 7.474295867180967556e-02
9.125799317213290074e-01 7.716534821755041684e-02
9.133636109041904927e-01 7.956690996779601510e-02
9.141711961951051180e-01 8.194635251522171260e-02
9.150024598428979639e-01 8.430236014344937023e-02
9.158571608259800101e-01 8.663359482567556391e-02
9.167350446395624575e-01 8.893869830125437914e-02
9.176358431040179120e-01 9.121629422796245779e-02
9.185592741951313922e-01 9.346499040731737207e-02
9.195050418969574757e-01 9.568338107996415820e-02
9.204728360779683705e-01 9.787004928778936241e-02
9.214623323911408370e-01 1.000235692990691372e-01
9.224731921985934724e-01 1.021425090926104118e-01
9.235050625213425679e-01 1.042254328965020321e-01
9.245575760146980127e-01 1.062709037767599063e-01
9.256303509697754173e-01 1.082774862708266589e-01
9.267229913415443443e-01 1.102437490605752690e-01
9.278350868037816834e-01 1.121682676791685845e-01
9.289662128312371481e-01 1.140496272458450810e-01
9.301159308092614708e-01 1.158864252224369867e-01
9.312837881710814836e-01 1.176772741851820209e-01
9.324693185628418757e-01 1.194208046051663391e-01
9.336720420364661432e-01 1.211156676305350510e-01
9.348914652703194106e-01 1.227605378634298861e-01
9.361270818175840835e-01 1.243541161244626075e-01
9.373783723821874636e-01 1.258951321974088600e-01
9.386448051220468436e-01 1.273823475467115440e-01
9.399258359793223327e-01 1.288145580003169088e-01
9.412209090372933851e-01 1.301905963903308983e-01
9.425294569033999537e-01 1.315093351439790836e-01
9.438509011179129216e-01 1.327696888173811318e-01
9.451846525876261840e-01 1.339706165647110148e-01
9.465301120438859295e-01 1.351111245354066903e-01
9.478866705242026125e-01 1.361902681922184943e-01
9.492537098766179460e-01 1.372071545430441908e-01
9.506306032859304089e-01 1.381609442796887521e-01
9.520167158208155955e-01 1.390508538169098751e-01
9.534114050008111185e-01 1.398761572253640895e-01
9.548140213820757172e-01 1.406361880523523955e-01
9.562239091607698249e-01 1.413303410245781710e-01
9.576404067928512287e-01 1.419580736274713706e-01
9.590628476290257165e-01 1.425189075560015506e-01
9.604905605635432053e-01 1.430124300322951347e-01
9.619228706954863206e-01 1.434382949857891387e-01
9.633591000011569871e-01 1.437962240920906964e-01
9.647985680161311750e-01 1.440860076671692247e-01
9.662405925255194150e-01 1.443075054139813795e-01
9.676844902609456067e-01 1.444606470191178160e-01
9.691295776027349929e-01 1.445454325975615295e-01
9.705751712857828561e-01 1.445619329841578704e-01
9.720205891075688331e-01 1.445102898709143546e-01
9.734651506367710816e-01 1.443907157897705018e-01
9.749081779209359810e-01 1.442034939410021255e-01
9.763489961916627102e-01 1.439489778679481635e-01
9.777869345657717037e-01 1.436275909792681660e-01
9.792213267409400901e-01 1.432398259204527291e-01
9.806515116843075308e-01 1.427862437968146769e-01
9.820768343125809707e-01 1.422674732506832851e-01
9.834966461621950096e-01 1.416842093960050120e-01
9.849103060481203542e-01 1.410372126140189697e-01
9.863171807099517796e-01 1.403273072141227595e-01
9.877166454439494370e-01 1.395553799644708992e-01
9.891080847197546433e-01 1.387223784972526353e-01
9.904908927805547991e-01 1.378293095939772117e-01
9.918644742255238178e-01 1.368772373564490497e-01
9.932282445734263998e-01 1.358672812694437237e-01
9.945816308063334388e-01 1.348006141613950770e-01
9.959240718924615710e-01 1.336784600696737657e-01
9.972550192872171593e-01 1.325020920172773897e-01
9.985739374115927269e-01 1.312728297079603368e-01
9.998803041071379072e-01 1.299920371470084934e-01
1.001173611066795921e+00 1.286611201950085270e-01
1.002453364240974532e+00 1.272815240620734090e-01
1.003719084218292146e+00 1.258547307500664514e-01
1.004970306580518669e+00 1.243822564504141054e-01
1.006206582231303548e+00 1.228656489051142969e-01
1.007427477698361384e+00 1.213064847385326162e-01
1.008632575408861642e+00 1.197063667675342391e-01
1.009821473937841718e+00 1.180669212974251453e-01
1.010993788229540113e+00 1.163897954110739014e-01
1.012149149791615743e+00 1.146766542584558152e-01
1.013287206862295564e+00 1.129291783537056948e-01
1.014407624550558662e+00 1.111490608865857294e-01
1.015510084949535097e+00 1.093380050550722959e-01
1.016594287223363091e+00 1.074977214255410374e-01
1.017659947667812759e+00 1.056299253267860561e-01
1.018706799745043856e+00 1.037363342838471258e-01
1.019734594092924107e+00 1.018186654973407407e-01
1.020743098509392377e+00 9.987863337369856653e-02
1.021732097912398718e+00 9.791794711141177388e-02
1.022701394276007925e+00 9.593830834806389707e-02
1.023650806543295433e+00 9.394140887261041850e-02
1.024580170516710131e+00 9.192892840703116575e-02
1.025489338726616184e+00 8.990253246114451868e-02
1.026378180278763041e+00 8.786387026403176537e-02
1.027246580681466792e+00 8.581457277517687277e-02
1.028094441653311764e+00 8.375625077808418473e-02
1.028921680912211922e+00 8.169049305879462486e-02
1.029728231946690720e+00 7.961886467138211410e-02
1.030514043770257793e+00 7.754290529217694461e-02
1.031279080659777359e+00 7.546412766413373996e-02
1.032023321878736910e+00 7.338401613243916710e-02
1.032746761386330148e+00 7.130402527213997033e-02
1.033449407533278741e+00 6.922557860826651643e-02
1.034131282745319957e+00 6.715006742863152689e-02
1.034792423195283417e+00 6.507884968919910862e-02
1.035432878464684014e+00 6.301324901164621906e-02
1.036052711195748710e+00 6.095455377247823575e-02
1.036651996734788916e+00 5.890401628281246443e-02
1.037230822767818639e+00 5.686285205770944678e-02
1.037789288949308997e+00 5.483223917371122386e-02
1.038327506524952648e+00 5.281331771303975076e-02
1.038845597949295874e+00 5.080718929271647866e-02
1.039343696499079206e+00 4.881491667668694939e-02
1.039821945883105059e+00 4.683752346887111451e-02
1.040280499849431717e+00 4.487599388491206320e-02
1.040719521790668622e+00 4.293127260026166625e-02
1.041139184348123470e+00 4.100426467212230086e-02
1.041539669015527192e+00 3.909583553265816996e-02
1.041921165743037392e+00 3.720681105079806650e-02
1.042283872542189460e+00 3.533797765987321815e-02
1.042627995092443527e+00 3.349008254826868480e-02
1.042953746349939204e+00 3.166383391021439925e-02
1.043261346159048308e+00 2.985990125380168225e-02
1.043551020867280243e+00 2.807891576328261016e-02
1.043823002944071154e+00 2.632147071269248101e-02
1.044077530603951587e+00 2.458812192782898476e-02
1.044314847434565152e+00 2.287938829362539533e-02
1.044535202029974297e+00 2.119575230396826201e-02
1.044738847629665068e+00 1.953766065103230629e-02
1.044926041763630575e+00 1.790552485123578577e-02
1.045097045903884636e+00 1.629972190495803525e-02
1.045252125122730469e+00 1.472059498720654745e-02
1.045391547758078632e+00 1.316845416647317683e-02
1.045515585086083554e+00 1.164357714907747823e-02
1.045624511001340018e+00 1.014621004635894372e-02
1.045718601704854533e+00 8.676568162148685925e-03
1.045798135399982787e+00 7.234836798024253147e-03
1.045863391996498581e+00 5.821172073928233652e-03
1.045914652822935498e+00 4.435701761811608815e-03
1.045952200347321615e+00 3.078526130045989868e-03
1.045976317906401443e+00 1.749718796434363054e-03
1.045987289443424340e+00 4.493275877373971786e-04
1.045985399254550474e+00 -8.226245962787517331e-04
1.045970931743913646e+00 -2.066138916177248999e-03
1.045944171187354721e+00 -3.281239725381508363e-03
1.045905401504827470e+00 -4.467973703624802603e-03
1.045854906041458143e+00 -5.626408992950252680e-03
1.045792967357226377e+00 -6.756634337802360814e-03
1.045719867025217686e+00 -7.858758230661372357e-03
1.045635885438386925e+00 -8.932908064582819815e-03
1.045541301624756336e+00 -9.979229293916827559e-03
1.045436393070960257e+00 -1.099788460439540469e-02
1.045321435554037892e+00 -1.198905309369121402e-02
1.045196702981363135e+00 -1.295292946346836629e-02
1.045062467238593751e+00 -1.388972322386481870e-02
1.044918998045508474e+00 -1.479965791126712331e-02
1.044766562819597899e+00 -1.568297032016165160e-02
1.044605426547262406e+00 -1.653990974977217338e-02
1.044435851662467662e+00 -1.737073726612189603e-02
1.044258097932700080e+00 -1.817572498008877130e-02
1.044072422352059437e+00 -1.895515534195621118e-02
1.043879079041321489e+00 -1.970932045289731926e-02
1.043678319154800027e+00 -2.043852139376937244e-02
1.043470390793832081e+00 -2.114306757153659386e-02
1.043255538926711079e+00 -2.182327608358331644e-02
1.043034005314885215e+00 -2.247947110012633171e-02
1.042806028445241173e+00 -2.311198326488467583e-02
1.042571843468289128e+00 -2.372114911411716751e-02
1.042331682142065841e+00 -2.430731051409275312e-02
1.042085772781569553e+00 -2.487081411701606501e-02
1.041834340213544818e+00 -2.541201083539048819e-02
1.041577605736430989e+00 -2.593125533476345682e-02
1.041315787085291378e+00 -2.642890554476355972e-02
1.041049098401541917e+00 -2.690532218830633468e-02
1.040777750207296792e+00 -2.736086832881519035e-02
1.040501949384153191e+00 -2.779590893527582318e-02
1.040221899156236862e+00 -2.821081046491653171e-02
1.039937799077333302e+00 -2.860594046328304024e-02
1.039649845021932917e+00 -2.898166718145467682e-02
1.039358229180019633e+00 -2.933835921012896766e-02
1.039063140055434209e+00 -2.967638513028385272e-02
1.038764762467651037e+00 -2.999611318011059444e-02
1.038463277556804343e+00 -3.029791093789617126e-02
1.038158862791807469e+00 -3.058214502052125291e-02
1.037851691981410918e+00 -3.084918079722874171e-02
1.037541935288047501e+00 -3.109938211830832328e-02
1.037229759244318039e+00 -3.133311105833423010e-02
1.036915326771972401e+00 -3.155072767358670094e-02
1.036598797203247990e+00 -3.175258977328197785e-02
1.036280326304428012e+00 -3.193905270423143955e-02
1.035960066301488069e+00 -3.211046914854721185e-02
1.035638165907701191e+00 -3.226718893400948307e-02
1.035314770353078506e+00 -3.240955885670954856e-02
1.034990021415522765e+00 -3.253792251558247639e-02
1.034664057453579478e+00 -3.265262015844387633e-02
1.034337013440671083e+00 -3.275398853914666952e-02
1.034009021000706241e+00 -3.284236078547602550e-02
1.033680208444957449e+00 -3.291806627740345714e-02
1.033350700810106604e+00 -3.298143053532454072e-02
1.033020619897358827e+00 -3.303277511790892601e-02
1.032690084312531953e+00 -3.307241752919576339e-02
1.032359209507030195e+00 -3.310067113457284410e-02
1.032028107819615625e+00 -3.311784508528332893e-02
1.031696888518891742e+00 -3.312424425110967185e-02
1.031365657846423201e+00 -3.312016916089086105e-02
1.031034519060409993e+00 -3.310591595053537922e-02
1.030703572479847896e+00 -3.308177631819935599e-02
1.030372915529100375e+00 -3.304803748630636556e-02
1.030042642782819540e+00 -3.300498217009254637e-02
1.029712846011148208e+00 -3.295288855236826187e-02
1.029383614225146681e+00 -3.289203026419502268e-02
1.029055033722382051e+00 -3.282267637118419651e-02
1.028727188132630310e+00 -3.274509136513166496e-02
1.028400158463633751e+00 -3.265953516071060103e-02
1.028074023146869687e+00 -3.256626309695231231e-02
1.027748858083279870e+00 -3.246552594325304714e-02
1.027424736688919316e+00 -3.235756990965264757e-02
1.027101729940481434e+00 -3.224263666113870441e-02
1.026779906420660859e+00 -3.212096333573780105e-02
1.026459332363318433e+00 -3.199278256616330807e-02
1.026140071698411482e+00 -3.185832250479682382e-02
1.025822186096659205e+00 -3.171780685178813425e-02
1.025505735013912512e+00 -3.157145488606615674e-02
1.025190775735199677e+00 -3.141948149906078486e-02
1.024877363418422282e+00 -3.126209723094296178e-02
1.024565551137676556e+00 -3.109950830919770356e-02
1.024255389926178372e+00 -3.093191668935173569e-02
1.023946928818771251e+00 -3.075952009768470261e-02
1.023640214893997147e+00 -3.058251207575961306e-02
1.023335293315714045e+00 -3.040108202661505679e-02
1.023032207374244384e+00 -3.021541526246833767e-02
1.022730998527038082e+00 -3.002569305378514214e-02
1.022431706438840404e+00 -2.983209267957766947e-02
1.022134369021349798e+00 -2.963478747879941602e-02
1.021839022472357916e+00 -2.943394690271073505e-02
1.021545701314360732e+00 -2.922973656809525755e-02
1.021254438432634304e+00 -2.902231831121292530e-02
1.020965265112767639e+00 -2.881185024238101453e-02
1.020678211077646447e+00 -2.859848680107987540e-02
1.020393304523884881e+00 -2.838237881148544806e-02
1.020110572157699291e+00 -2.816367353833565054e-02
1.019830039230221974e+00 -2.794251474304275049e-02
1.019551729572253373e+00 -2.771904273996860651e-02
1.019275665628450511e+00 -2.749339445278430397e-02
1.019001868490952534e+00 -2.726570347084024751e-02
1.018730357932442043e+00 -2.703610010547710316e-02
1.018461152438643991e+00 -2.680471144621218715e-02
1.018194269240263683e+00 -2.657166141674002086e-02
1.017929724344366349e+00 -2.633707083068960800e-02
1.017667532565200261e+00 -2.610105744708487649e-02
1.017407707554466301e+00 -2.586373602545828654e-02
1.017150261831039293e+00 -2.562521838057121512e-02
1.016895206810144225e+00 -2.538561343669803322e-02
1.016642552831991120e+00 -2.514502728143410554e-02
1.016392309189875442e+00 -2.490356321899104414e-02
1.016144484157747163e+00 -2.466132182294558661e-02
1.015899085017256231e+00 -2.441840098841131096e-02
1.015656118084278470e+00 -2.417489598360520603e-02
1.015415588734929653e+00 -2.393089950078377062e-02
1.015177501431072882e+00 -2.368650170652582612e-02
1.014941859745326802e+00 -2.344179029134167702e-02
1.014708666385581548e+00 -2.319685051859059557e-02
1.014477923219027966e+00 -2.295176527269077171e-02
1.014249631295709220e+00 -2.270661510660803781e-02
1.014023790871601216e+00 -2.246147828861167622e-02
1.013800401431228293e+00 -2.221643084828751891e-02
1.013579461709823715e+00 -2.197154662180037660e-02
1.013360969715040305e+00 -2.172689729639960127e-02
1.013144922748220322e+00 -2.148255245416317086e-02
1.012931317425231903e+00 -2.123857961497728486e-02
1.012720149696878957e+00 -2.099504427874989559e-02
1.012511414868893178e+00 -2.075200996685799479e-02
1.012305107621515265e+00 -2.050953826282980730e-02
1.012101222028673364e+00 -2.026768885226422692e-02
1.011899751576765816e+00 -2.002651956199098457e-02
1.011700689183056001e+00 -1.978608639847617007e-02
1.011504027213687484e+00 -1.954644358547865529e-02
1.011309757501325457e+00 -1.930764360096396542e-02
1.011117871362433362e+00 -1.906973721328298135e-02
1.010928359614191363e+00 -1.883277351662365762e-02
1.010741212591063531e+00 -1.859679996574470709e-02
1.010556420161021096e+00 -1.836186241000085928e-02
1.010373971741430177e+00 -1.812800512666992714e-02
1.010193856314607785e+00 -1.789527085359245845e-02
1.010016062443056306e+00 -1.766370082113533080e-02
1.009840578284381341e+00 -1.743333478349098214e-02
1.009667391605899134e+00 -1.720421104932450332e-02
1.009496489798942020e+00 -1.697636651178106859e-02
1.009327859892865664e+00 -1.674983667786655514e-02
1.009161488568766307e+00 -1.652465569721444164e-02
1.008997362172912693e+00 -1.630085639025228086e-02
1.008835466729900876e+00 -1.607847027578124949e-02
1.008675787955533698e+00 -1.585752759798237863e-02
1.008518311269434919e+00 -1.563805735286322510e-02
1.008363021807401338e+00 -1.542008731415872233e-02
1.008209904433497339e+00 -1.520364405870006964e-02
1.008058943751900305e+00 -1.498875299126544401e-02
1.007910124118498008e+00 -1.477543836892633231e-02
1.007763429652246634e+00 -1.456372332490317792e-02
1.007618844246291667e+00 -1.435362989194398017e-02
1.007476351578858065e+00 -1.414517902523933744e-02
1.007335935123912618e+00 -1.393839062488731045e-02
1.007197578161604934e+00 -1.373328355792128794e-02
1.007061263788489036e+00 -1.352987567991387891e-02
1.006926974927532470e+00 -1.332818385616963211e-02
1.006794694337913798e+00 -1.312822398251916288e-02
1.006664404624616038e+00 -1.293001100572704377e-02
1.006536088247815597e+00 -1.273355894352552406e-02
1.006409727532075138e+00 -1.253888090428591749e-02
1.006285304675339720e+00 -1.234598910633918044e-02
1.006162801757741754e+00 -1.215489489695693696e-02
1.006042200750218552e+00 -1.196560877100387617e-02
1.005923483522944473e+00 -1.177814038927216950e-02
1.005806631853580768e+00 -1.159249859650821057e-02
1.005691627435347790e+00 -1.140869143914166259e-02
1.005578451884920010e+00 -1.122672618272647915e-02
1.005467086750149397e+00 -1.104660932910321754e-02
1.005357513517617596e+00 -1.086834663329163883e-02
1.005249713620020469e+00 -1.069194312012223570e-02
1.005143668443388538e+00 -1.051740310061500747e-02
1.005039359334143567e+00 -1.034473018811345180e-02
1.004936767605996151e+00 -1.017392731418140413e-02
1.004835874546684549e+00 -1.000499674427002446e-02
1.004736661424558974e+00 -9.837940093161893010e-03
1.004639109495011118e+00 -9.672758340198846574e-03
1.004543200006754233e+00 -9.509451844299863024e-03
1.004448914207952459e+00 -9.348020358774968355e-03
1.004356233352204031e+00 -9.188463045940842289e-03
1.004265138704378835e+00 -9.030778491543467110e-03
1.004175611546312519e+00 -8.874964718992862586e-03
1.004087633182360051e+00 -8.721019203414670518e-03
1.004001184944808278e+00 -8.568938885523024601e-03
1.003916248199152150e+00 -8.418720185318898444e-03
1.003832804349233498e+00 -8.270359015617807091e-03
1.003750834842246586e+00 -8.123850795410503256e-03
1.003670321173609326e+00 -7.979190463060026675e-03
1.003591244891705037e+00 -7.836372489338218686e-03
1.003513587602493429e+00 -7.695390890304584265e-03
1.003437330973994124e+00 -7.556239240030133107e-03
1.003362456740643616e+00 -7.418910683168611873e-03
1.003288946707527218e+00 -7.283397947377329845e-03
1.003216782754487335e+00 -7.149693355589567707e-03
1.003145946840109826e+00 -7.017788838140368371e-03
1.003076421005590690e+00 -6.887675944747317924e-03
1.003008187378482186e+00 -6.759345856347742654e-03
1.002941228176322364e+00 -6.632789396793592820e-03
1.002875525710147819e+00 -6.507997044405107803e-03
1.002811062387892305e+00 -6.384958943384221042e-03
1.002747820717670990e+00 -6.263664915088518366e-03
1.002685783310953038e+00 -6.144104469166423652e-03
1.002624932885624043e+00 -6.026266814554174719e-03
1.002565252268938334e+00 -5.910140870335030966e-03
1.002506724400364035e+00 -5.795715276461053597e-03
1.002449332334321097e+00 -5.682978404337689186e-03
1.002393059242814966e+00 -5.571918367271323953e-03
1.002337888417965006e+00 -5.462523030779862544e-03
1.002283803274432117e+00 -5.354780022766340852e-03
1.002230787351744423e+00 -5.248676743555496550e-03
1.002178824316523498e+00 -5.144200375793180242e-03
1.002127897964611769e+00 -5.041337894208418151e-03
1.002077992223104008e+00 -4.940076075237912964e-03
1.002029091152282447e+00 -4.840401506512723509e-03
1.001981178947457973e+00 -4.742300596206828339e-03
1.001934239940718729e+00 -4.645759582247265332e-03
1.001888258602587012e+00 -4.550764541385502945e-03
1.001843219543586017e+00 -4.457301398129710074e-03
1.001799107515718434e+00 -4.365355933537557603e-03
1.001755907413857560e+00 -4.274913793869200389e-03
1.001713604277052472e+00 -4.185960499100080563e-03
1.001672183289749052e+00 -4.098481451293210440e-03
1.001631629782927746e+00 -4.012461942830590662e-03
1.001591929235159828e+00 -3.927887164503444418e-03
1.001553067273583286e+00 -3.844742213460971073e-03
1.001515029674800550e+00 -3.763012101017332127e-03
1.001477802365697611e+00 -3.682681760316623611e-03
1.001441371424188986e+00 -3.603736053855611989e-03
1.001405723079886512e+00 -3.526159780864041460e-03
1.001370843714695535e+00 -3.449937684542363041e-03
1.001336719863340274e+00 -3.375054459156765722e-03
1.001303338213817895e+00 -3.301494756991440321e-03
1.001270685607783983e+00 -3.229243195158039165e-03
1.001238749040870957e+00 -3.158284362262346340e-03
1.001207515662940972e+00 -3.088602824928218370e-03
1.001176972778272667e+00 -3.020183134178899831e-03
1.001147107845686834e+00 -2.953009831675872197e-03
1.001117908478608598e+00 -2.887067455815442787e-03
1.001089362445070963e+00 -2.822340547683327948e-03
1.001061457667657972e+00 -2.758813656867548352e-03
1.001034182223391911e+00 -2.696471347129990748e-03
1.001007524343563215e+00 -2.635298201937060283e-03
1.000981472413506879e+00 -2.575278829849891784e-03
1.000956014972324670e+00 -2.516397869774642578e-03
1.000931140712556289e+00 -2.458639996073448426e-03
1.000906838479799665e+00 -2.401989923536676161e-03
1.000883097272282640e+00 -2.346432412217156534e-03
1.000859906240386676e+00 -2.291952272127142747e-03
1.000837254686123945e+00 -2.238534367798784841e-03
1.000815132062570223e+00 -2.186163622708968239e-03
1.000793527973254049e+00 -2.134825023569415000e-03
1.000772432171503468e+00 -2.084503624482999737e-03
1.000751834559751252e+00 -2.035184550967277656e-03
1.000731725188802157e+00 -1.986853003846278994e-03
1.000712094257059981e+00 -1.939494263011667073e-03
1.000692932109719324e+00 -1.893093691054408348e-03
1.000674229237920709e+00 -1.847636736768147733e-03
1.000655976277871506e+00 -1.803108938525529092e-03
1.000638164009933995e+00 -1.759495927528743724e-03
1.000620783357681232e+00 -1.716783430935634120e-03
1.000603825386922274e+00 -1.674957274862719746e-03
1.000587281304697873e+00 -1.634003387266554953e-03
1.000571142458249074e+00 -1.593907800704864701e-03
1.000555400333956735e+00 -1.554656654978943224e-03
1.000540046556257279e+00 -1.516236199658834837e-03
1.000525072886532252e+00 -1.478632796492852048e-03
1.000510471221975450e+00 -1.441832921703018909e-03
1.000496233594436735e+00 -1.405823168168055925e-03
1.000482352169245193e+00 -1.370590247495556691e-03
1.000468819244012098e+00 -1.336120991985030463e-03
1.000455627247414547e+00 -1.302402356483513095e-03
1.000442768737960897e+00 -1.269421420135474765e-03
1.000430236402739981e+00 -1.237165388028772014e-03
1.000418023056153238e+00 -1.205621592738418280e-03
1.000406121638632850e+00 -1.174777495769961221e-03
1.000394525215345887e+00 -1.144620688904279598e-03
1.000383226974884909e+00 -1.115138895445622925e-03
1.000372220227946807e+00 -1.086319971374736376e-03
1.000361498406001193e+00 -1.058151906408925143e-03
1.000351055059947480e+00 -1.030622824970924174e-03
1.000340883858763519e+00 -1.003720987068450025e-03
1.000330978588146236e+00 -9.774347890863191880e-04
1.000321333149143399e+00 -9.517527644930257871e-04
1.000311941556780271e+00 -9.266635844636764456e-04
1.000302797938679600e+00 -9.021560584211831338e-04
1.000293896533676508e+00 -8.782191344976200340e-04
1.000285231690429599e+00 -8.548418999176495784e-04
1.000276797866028744e+00 -8.320135813059227137e-04
1.000268589624599525e+00 -8.097235449203587674e-04
1.000260601635905688e+00 -7.879612968132046567e-04
1.000252828673951599e+00 -7.667164829217720931e-04
1.000245265615582246e+00 -7.459788890907421153e-04
1.000237907439085250e+00 -7.257384410279235686e-04
1.000230749222791760e+00 -7.059852041953413107e-04
1.000223786143680682e+00 -6.867093836375217893e-04
1.000217013475983130e+00 -6.679013237488333390e-04
1.000210426589791091e+00 -6.495515079817269430e-04
1.000204020949667871e+00 -6.316505584977113877e-04
1.000197792113263207e+00 -6.141892357628813423e-04
1.000191735729932807e+00 -5.971584380898049696e-04
1.000185847539362127e+00 -5.805492011275605437e-04
1.000180123370195684e+00 -5.643526973016946367e-04
1.000174559138672370e+00 -5.485602352058591494e-04
1.000169150847266764e+00 -5.331632589468642946e-04
1.000163894583338209e+00 -5.181533474448668606e-04
1.000158786517785448e+00 -5.035222136903927002e-04
1.000153822903710354e+00 -4.892617039598725487e-04
1.000149000075089001e+00 -4.753637969913484824e-04
1.000144314445451377e+00 -4.618206031219867537e-04
1.000139762506569996e+00 -4.486243633890103495e-04
1.000135340827157160e+00 -4.357674485956417976e-04
1.000131046051572214e+00 -4.232423583436222968e-04
1.000126874898539020e+00 -4.110417200338502080e-04
1.000122824159872303e+00 -3.991582878366565709e-04
1.000118890699216001e+00 -3.875849416332107574e-04
1.000115071450790927e+00 -3.763146859295237270e-04
1.000111363418154653e+00 -3.653406487444904962e-04
1.000107763672971384e+00 -3.546560804733874081e-04
1.000104269353794484e+00 -3.442543527282133919e-04
1.000100877664859889e+00 -3.341289571562374035e-04
1.000097585874891948e+00 -3.242735042380875672e-04
1.000094391315921261e+00 -3.146817220666901630e-04
1.000091291382114500e+00 -3.053474551083392818e-04
1.000088283528617117e+00 -2.962646629471507023e-04
1.000085365270408255e+00 -2.874274190141250847e-04
1.000082534181168770e+00 -2.788299093020192836e-04
1.000079787892162564e+00 -2.704664310671951993e-04
1.000077124091129699e+00 -2.623313915195889180e-04
1.000074540521194155e+00 -2.544193065019143755e-04
1.000072034979783808e+00 -2.467247991591884010e-04
1.000069605317564170e+00 -2.392425985996357043e-04
1.000067249437385231e+00 -2.319675385480050704e-04
1.000064965293242736e+00 -2.248945559923001109e-04
1.000062750889251229e+00 -2.180186898249004881e-04
1.000060604278633303e+00 -2.113350794790219375e-04
1.000058523562719515e+00 -2.048389635614362265e-04
1.000056506889964503e+00 -1.985256784823452992e-04
1.000054552454975543e+00 -1.923906570832763457e-04
1.000052658497554869e+00 -1.864294272638383505e-04
1.000050823301756209e+00 -1.806376106081539765e-04
1.000049045194955077e+00 -1.750109210117542144e-04
1.000047322546931738e+00 -1.695451633096973392e-04
1.000045653768969256e+00 -1.642362319066481048e-04
1.000044037312964651e+00 -1.590801094096272201e-04
1.000042471670553379e+00 -1.540728652641164579e-04
1.000040955372248019e+00 -1.492106543941793505e-04
1.000039486986590065e+00 -1.444897158472333292e-04
1.000038065119315478e+00 -1.399063714440847443e-04
1.000036688412534014e+00 -1.354570244348141041e-04
1.000035355543921201e+00 -1.311381581610757520e-04
1.000034065225924307e+00 -1.269463347253526741e-04
1.000032816204981190e+00 -1.228781936676844673e-04
1.000031607260752686e+00 -1.189304506503640322e-04
1.000030437205367884e+00 -1.150998961510763777e-04
1.000029304882682268e+00 -1.113833941649315705e-04
1.000028209167549198e+00 -1.077778809158222027e-04
1.000027148965104029e+00 -1.042803635775150974e-04
1.000026123210060902e+00 -1.008879190048664809e-04
1.000025130866022405e+00 -9.759769247552967065e-05
1.000024170924801226e+00 -9.440689644250486665e-05
1.000023242405754909e+00 -9.131280929786118460e-05
1.000022344355132375e+00 -8.831277414794235588e-05
1.000021475845433105e+00 -8.540419760034913960e-05
1.000020635974778083e+00 -8.258454856297341444e-05
1.000019823866292512e+00 -7.985135705534146164e-05
1.000019038667500748e+00 -7.720221303250667129e-05
1.000018279549732769e+00 -7.463476522171534286e-05
1.000017545707542199e+00 -7.214671997205281161e-05
1.000016836358135874e+00 -6.973584011726135753e-05
1.000016150740814513e+00 -6.739994385190579485e-05
1.000015488116424933e+00 -6.513690362104765158e-05
1.000014847766822479e+00 -6.294464502357430605e-05
1.000014228994345444e+00 -6.082114572931500781e-05
1.000013631121299484e+00 -5.876443441006212336e-05
1.000013053489453130e+00 -5.677258968460251008e-05
1.000012495459543072e+00 -5.484373907785075559e-05
1.000011956410790326e+00 -5.297605799416374070e-05
1.000011435740427279e+00 -5.116776870490346896e-05
1.000010932863232949e+00 -4.941713935030355852e-05
1.000010447211079789e+00 -4.772248295568320509e-05
1.000009978232489827e+00 -4.608215646204156867e-05
1.000009525392199894e+00 -4.449455977105468856e-05
1.000009088170736860e+00 -4.295813480448697452e-05
1.000008666064002405e+00 -4.147136457801924622e-05
1.000008258582866238e+00 -4.003277228948587375e-05
1.000007865252769079e+00 -3.864092042150435636e-05
1.000007485613333635e+00 -3.729440985847182010e-05
1.000007119217986018e+00 -3.599187901789452576e-05
1.000006765633583594e+00 -3.473200299600824582e-05
1.000006424440052832e+00 -3.351349272763966383e-05
1.000006095230035585e+00 -3.233509416025144914e-05
1.000005777608542035e+00 -3.119558744210646943e-05
1.000005471192613626e+00 -3.009378612447989905e-05
1.000005175610992225e+00 -2.902853637784135032e-05
1.000004890503798372e+00 -2.799871622192302238e-05
1.000004615522216200e+00 -2.700323476958392280e-05
1.000004350328186353e+00 -2.604103148437464740e-05
1.000004094594105997e+00 -2.511107545170178544e-05
1.000003848002536389e+00 -2.421236466348610192e-05
1.000003610245917551e+00 -2.334392531620373530e-05
1.000003381026288940e+00 -2.250481112219524150e-05
1.000003160055018547e+00 -2.169410263412303194e-05
1.000002947052537117e+00 -2.091090658245374235e-05
1.000002741748079904e+00 -2.015435522583834853e-05
1.000002543879434880e+00 -1.942360571425933525e-05
1.000002353192696480e+00 -1.871783946481091437e-05
1.000002169442026023e+00 -1.803626154997532347e-05
1.000001992389418559e+00 -1.737810009825530911e-05
1.000001821804474833e+00 -1.674260570702038815e-05
1.000001657464179905e+00 -1.612905086742199694e-05
1.000001499152686657e+00 -1.553672940123051755e-05
1.000001346661105517e+00 -1.496495590944510810e-05
1.000001199787299289e+00 -1.441306523252547743e-05
1.000001058335683091e+00 -1.388041192209312615e-05
1.000000922117030289e+00 -1.336636972394811618e-05
1.000000790948283091e+00 -1.287033107224614131e-05
1.000000664652367810e+00 -1.239170659467959769e-05
1.000000543058015445e+00 -1.192992462850536515e-05
1.000000425999587383e+00 -1.148443074726123295e-05
1.000000313316904643e+00 -1.105468729801226471e-05
1.000000204855083119e+00 -1.064017294896787397e-05
1.000000100464372155e+00 -1.024038224731004954e-05
9.999999999999978906e-01 -9.854825187072899109e-06
