0.0 0.4696 1.0000
2.0 0.4844 0.9692
3.0 0.4999 0.9170
3.10 0.5019 0.9153
3.20 0.5039 0.9137
3.30 0.5060 0.9122
3.40 0.5081 0.9109
3.50 0.5102 0.9096
3.60 0.5124 0.9084
3.70 0.5147 0.9073
3.80 0.5170 0.9062
3.90 0.5193 0.9053
4.00 0.5216 0.9044
4.10 0.5240 0.9036
4.20 0.5264 0.9028
4.30 0.5288 0.9021
4.40 0.5313 0.9015
4.50 0.5338 0.9009
4.60 0.5363 0.9003
4.70 0.5388 0.8998
4.80 0.5414 0.8994
4.90 0.5439 0.8990
5.00 0.5465 0.8986
5.10 0.5491 0.8982
5.20 0.5518 0.8979
5.30 0.5544 0.8976
5.40 0.5570 0.8974
5.50 0.5597 0.8972
5.60 0.5624 0.8969
5.70 0.5651 0.8968
5.80 0.5678 0.8966
5.90 0.5705 0.8965
6.00 0.5732 0.8963
6.10 0.5760 0.8962
6.20 0.5787 0.8962
6.30 0.5814 0.8961
6.40 0.5842 0.8960
6.50 0.5869 0.8960
6.60 0.5897 0.8960
6.70 0.5925 0.8959
6.80 0.5952 0.8959
6.90 0.5980 0.8959
7.00 0.6008 0.8959
7.10 0.6036 0.8960
7.20 0.6064 0.8960
7.30 0.6091 0.8960
7.40 0.6119 0.8961
7.50 0.6147 0.8961
7.60 0.6175 0.8962
7.70 0.6203 0.8962
7.80 0.6231 0.8963
7.90 0.6259 0.8964
8.00 0.6286 0.8965
8.10 0.6314 0.8965
8.20 0.6342 0.8966
8.30 0.6370 0.8967
8.40 0.6398 0.8968
8.50 0.6425 0.8969
8.60 0.6453 0.8970
8.70 0.6481 0.8971
8.80 0.6509 0.8972
8.90 0.6536 0.8973
9.00 0.6564 0.8974
9.10 0.6591 0.8975
9.20 0.6619 0.8976
9.30 0.6647 0.8977
9.40 0.6674 0.8978
9.50 0.6701 0.8980
9.60 0.6729 0.8981
9.70 0.6756 0.8982
9.80 0.6784 0.8983
9.90 0.6811 0.8984
10.00 0.6838 0.8985
10.10 0.6865 0.8986
10.20 0.6892 0.8988
10.30 0.6920 0.8989
10.40 0.6947 0.8990
10.50 0.6974 0.8991
10.60 0.7001 0.8992
10.70 0.7027 0.8994
10.80 0.7054 0.8995
10.90 0.7081 0.8996
11.00 0.7108 0.8997
11.10 0.7135 0.8998
11.20 0.7161 0.8999
11.30 0.7188 0.9001
11.40 0.7214 0.9002
11.50 0.7241 0.9003
11.60 0.7267 0.9004
11.70 0.7294 0.9005
11.80 0.7320 0.9006
11.90 0.7346 0.9007
12.00 0.7372 0.9009
12.10 0.7399 0.9010
12.20 0.7425 0.9011
12.30 0.7451 0.9012
12.40 0.7477 0.9013
12.50 0.7503 0.9014
12.60 0.7529 0.9015
12.70 0.7554 0.9016
12.80 0.7580 0.9017
12.90 0.7606 0.9018
13.00 0.7631 0.9020
13.10 0.7657 0.9021
13.20 0.7683 0.9022
13.30 0.7708 0.9023
13.40 0.7733 0.9024
13.50 0.7759 0.9025
13.60 0.7784 0.9026
13.70 0.7809 0.9027
13.80 0.7835 0.9028
13.90 0.7860 0.9029
14.00 0.7885 0.9030
14.10 0.7910 0.9031
14.20 0.7935 0.9032
14.30 0.7960 0.9033
14.40 0.7985 0.9034
14.50 0.8009 0.9035
14.60 0.8034 0.9036
14.70 0.8059 0.9037
14.80 0.8084 0.9037
14.90 0.8108 0.9038
15.00 0.8133 0.9039
15.10 0.8157 0.9040
15.20 0.8182 0.9041
15.30 0.8206 0.9042
15.40 0.8230 0.9043
15.50 0.8254 0.9044
15.60 0.8279 0.9045
15.70 0.8303 0.9045
15.80 0.8327 0.9046
15.90 0.8351 0.9047
16.00 0.8375 0.9048
16.10 0.8399 0.9049
16.20 0.8423 0.9050
16.30 0.8447 0.9050
16.40 0.8470 0.9051
16.50 0.8494 0.9052
16.60 0.8518 0.9053
16.70 0.8541 0.9054
16.80 0.8565 0.9054
16.90 0.8588 0.9055
17.00 0.8612 0.9056
17.10 0.8635 0.9057
17.20 0.8659 0.9057
17.30 0.8682 0.9058
17.40 0.8705 0.9059
17.50 0.8729 0.9060
17.60 0.8752 0.9060
17.70 0.8775 0.9061
17.80 0.8798 0.9062
17.90 0.8821 0.9062
18.00 0.8844 0.9063
18.10 0.8867 0.9064
18.20 0.8890 0.9065
18.30 0.8912 0.9065
18.40 0.8935 0.9066
18.50 0.8958 0.9067
18.60 0.8981 0.9067
18.70 0.9003 0.9068
18.80 0.9026 0.9069
18.90 0.9048 0.9069
19.00 0.9071 0.9070
19.10 0.9093 0.9070
19.20 0.9116 0.9071
19.30 0.9138 0.9072
19.40 0.9160 0.9072
19.50 0.9183 0.9073
19.60 0.9205 0.9074
19.70 0.9227 0.9074
19.80 0.9249 0.9075
19.90 0.9271 0.9075
20.00 0.9293 0.9076
