3.798461285457093162e+00
3.798395987066681911e+00
3.798200091992963046e+00
3.797873600766869640e+00
3.797416514768774398e+00
3.796828836653078021e+00
3.796110570772621262e+00
3.795261723602865622e+00
3.794282304165749409e+00
3.793172324453140121e+00
3.791931799849790785e+00
3.790560749555704767e+00
3.789059197007797586e+00
3.787427170300738499e+00
3.785664702606865717e+00
3.783771832595034468e+00
3.781748604848266471e+00
3.779595070280064917e+00
3.777311286549246638e+00
3.774897318473127150e+00
3.772353238438911571e+00
3.769679126813119119e+00
3.766875072348858211e+00
3.763941172590792306e+00
3.760877534277589529e+00
3.757684273741679792e+00
3.754361517306117779e+00
3.750909401678342636e+00
3.747328074340638526e+00
3.743617693937069113e+00
3.739778430656679031e+00
3.735810466612734082e+00
3.731713996217769669e+00
3.727489226554222768e+00
3.723136377740406289e+00
3.718655683291586911e+00
3.714047390475920807e+00
3.709311760665011004e+00
3.704449069678817708e+00
3.699459608124687549e+00
3.694343681730241524e+00
3.689101611669856506e+00
3.683733734884490296e+00
3.678240404394590435e+00
3.672621989605822979e+00
3.666878876607354343e+00
3.661011468462437080e+00
3.655020185491022922e+00
3.648905465544150850e+00
3.642667764269848174e+00
3.636307555370273281e+00
3.629825330849860698e+00
3.623221601254199342e+00
3.616496895899386832e+00
3.609651763091622723e+00
3.602686770336773314e+00
3.595602504539681110e+00
3.588399572192967124e+00
3.581078599555096442e+00
3.573640232817463236e+00
3.566085138260290499e+00
3.558414002397101150e+00
3.550627532107559325e+00
3.542726454758470478e+00
3.534711518312743106e+00
3.526583491426108274e+00
3.518343163531419737e+00
3.509991344910358801e+00
3.501528866752362745e+00
3.492956581200628463e+00
3.484275361385039016e+00
3.475486101441859432e+00
3.466589716520086739e+00
3.457587142774324107e+00
3.448479337344071638e+00
3.439267278319329435e+00
3.429951964692435684e+00
3.420534416296052704e+00
3.411015673727243680e+00
3.401396798257585452e+00
3.391678871729276512e+00
3.381862996437218438e+00
3.371950294997051234e+00
3.361941910199143013e+00
3.351839004848551795e+00
3.341642761590979838e+00
3.331354382724756480e+00
3.320975089998915220e+00
3.310506124397424088e+00
3.299948745909643932e+00
3.289304233287126511e+00
3.278573883786846555e+00
3.267759012900996574e+00
3.256860954073480308e+00
3.245881058403260244e+00
3.234820694334711977e+00
3.223681247335182132e+00
3.212464119559923503e+00
3.201170729504623225e+00
3.189802511645747352e+00
3.178360916068921682e+00
3.166847408085600613e+00
3.155263467838290925e+00
3.143610589894581864e+00
3.131890282830284367e+00
3.120104068801960562e+00
3.108253483109154836e+00
3.096340073746648436e+00
3.084365400947062241e+00
3.072331036714140762e+00
3.060238564347082857e+00
3.048089577956266005e+00
3.035885681970734495e+00
3.023628490637835231e+00
3.011319627515379072e+00
2.998960724956730495e+00
2.986553423589218159e+00
2.974099371786282475e+00
2.961600225133770081e+00
2.949057645890798440e+00
2.936473302445614220e+00
2.923848868766880216e+00
2.911186023850823812e+00
2.898486451164681288e+00
2.885751838086891397e+00
2.872983875344468974e+00
2.860184256448018214e+00
2.847354677124817268e+00
2.834496834750441785e+00
2.821612427779363941e+00
2.808703155174972821e+00
2.795770715839473120e+00
2.782816808044105805e+00
2.769843128860124626e+00
2.756851373590986753e+00
2.743843235206174569e+00
2.730820403777107774e+00
2.717784565915547290e+00
2.704737404214941243e+00
2.691680596695117167e+00
2.678615816250738746e+00
2.665544730103934778e+00
2.652468999261501814e+00
2.639390277977069932e+00
2.626310213218619793e+00
2.613230444141731557e+00
2.600152601568925359e+00
2.587078307475459304e+00
2.574009174481937112e+00
2.560946805354059386e+00
2.547892792509855564e+00
2.534848717534706974e+00
2.521816150704485615e+00
2.508796650517090665e+00
2.495791763232678928e+00
2.482803022422861883e+00
2.469831948529138010e+00
2.456880048430801544e+00
2.443948815022580767e+00
2.431039726802220358e+00
2.418154247468232931e+00
2.405293825528019180e+00
2.392459893916543567e+00
2.379653869625749429e+00
2.366877153344868479e+00
2.354131129111792120e+00
2.341417163975626714e+00
2.328736607670571779e+00
2.316090792301227275e+00
2.303481032039439214e+00
2.290908622832766639e+00
2.278374842124645472e+00
2.265880948586316279e+00
2.253428181860572810e+00
2.241017762317354389e+00
2.228650890821231911e+00
2.216328748510785651e+00
2.204052496589885557e+00
2.191823276130880238e+00
2.179642207889641359e+00
2.167510392132480312e+00
2.155428908474863459e+00
2.143398815731888618e+00
2.131421151780462431e+00
2.119496933433109298e+00
2.107627156323325757e+00
2.095812794802404788e+00
2.084054801847616822e+00
2.072354108981649734e+00
2.060711626203194591e+00
2.049128241928546146e+00
2.037604822944094174e+00
2.026142214369563987e+00
2.014741239631868019e+00
2.003402700449400164e+00
1.992127376826634988e+00
1.980916027058851947e+00
1.969769387746820311e+00
1.958688173821269807e+00
1.947673078576964256e+00
1.936724773716190118e+00
1.925843909401480758e+00
1.915031114317365279e+00
1.904286995740962052e+00
1.893612139621198898e+00
1.883007110666471640e+00
1.872472452440520740e+00
1.862008687466322421e+00
1.851616317337780648e+00
1.841295822839012164e+00
1.831047664070994729e+00
1.820872280585378089e+00
1.810770091525227166e+00
1.800741495772492318e+00
1.790786872101967742e+00
1.780906579341540175e+00
1.771100956538496973e+00
1.761370323131670634e+00
1.751714979129213479e+00
1.742135205291772904e+00
1.732631263320856929e+00
1.723203396052174430e+00
1.713851827653728233e+00
1.704576763828456798e+00
1.695378392021208436e+00
1.686256881629839111e+00
1.677212384220226671e+00
1.668245033744999661e+00
1.659354946765768890e+00
1.650542222678671678e+00
1.641806943943024955e+00
1.633149176312896689e+00
1.624568969071396918e+00
1.616066355267506971e+00
1.607641351955254594e+00
1.599293960435054451e+00
1.591024166497039261e+00
1.582831940666195480e+00
1.574717238449141021e+00
1.566680000582367338e+00
1.558720153281787146e+00
1.550837608493417896e+00
1.543032264145051347e+00
1.535304004398749811e+00
1.527652699904010980e+00
1.520078208051471202e+00
1.512580373226985131e+00
1.505159027065952282e+00
1.497813988707753730e+00
1.490545065050160600e+00
1.483352051003592464e+00
1.476234729745100172e+00
1.469192872971940789e+00
1.462226241154645168e+00
1.455334583789448244e+00
1.448517639649986144e+00
1.441775137038136201e+00
1.435106794033915723e+00
1.428512318744327825e+00
1.421991409551061292e+00
1.415543755356953426e+00
1.409169035831129957e+00
1.402866921652731858e+00
1.396637074753143137e+00
1.390479148556653666e+00
1.384392788219473092e+00
1.378377630867020809e+00
1.372433305829430239e+00
1.366559434875196821e+00
1.360755632442908425e+00
1.355021505870996679e+00
1.349356655625456813e+00
1.343760675525470294e+00
1.338233152966897155e+00
1.332773669143567874e+00
1.327381799266351026e+00
1.322057112779931209e+00
1.316799173577275939e+00
1.311607540211739087e+00
1.306481766106770692e+00
1.301421399763203812e+00
1.296425984964075795e+00
1.291495060976963982e+00
1.286628162753810090e+00
1.281824821128197289e+00
1.277084563010073781e+00
1.272406911577883992e+00
1.267791386468104964e+00
1.263237503962158836e+00
1.258744777170691886e+00
1.254312716215211898e+00
1.249940828407054561e+00
1.245628618423693545e+00
1.241375588482362957e+00
1.237181238511000148e+00
1.233045066316499350e+00
1.228966567750264804e+00
1.224945236871076926e+00
1.220980566105252407e+00
1.217072046404111596e+00
1.213219167398748688e+00
1.209421417552104083e+00
1.205678284308351556e+00
1.201989254239600236e+00
1.198353813189911188e+00
1.194771446416645455e+00
1.191241638729148011e+00
1.187763874624774063e+00
1.184337638422267469e+00
1.180962414392508375e+00
1.177637686886627844e+00
1.174362940461521010e+00
1.171137660002752101e+00
1.167961330844880630e+00
1.164833438889210981e+00
1.161753470718991377e+00
1.158720913712068423e+00
1.155735256151023238e+00
1.152795987330792693e+00
1.149902597663812420e+00
1.147054578782677803e+00
1.144251423640360033e+00
1.141492626607986560e+00
1.138777683570205923e+00
1.136106092018162483e+00
1.133477351140093070e+00
1.130890961909573056e+00
1.128346427171430300e+00
1.125843251725353600e+00
1.123380942407204097e+00
1.120959008168066262e+00
1.118576960151056232e+00
1.116234311765904819e+00
1.113930578761346935e+00
1.111665279295333431e+00
1.109437934003091319e+00
1.107248066063062364e+00
1.105095201260729354e+00
1.102978868050367822e+00
1.100898597614746066e+00
1.098853923922785025e+00
1.096844383785219756e+00
1.094869516908277385e+00
1.092928865945395955e+00
1.091021976547015715e+00
1.089148397408460367e+00
1.087307680315936720e+00
1.085499380190683372e+00
1.083723055131277091e+00
1.081978266454148629e+00
1.080264578732303082e+00
1.078581559832300085e+00
1.076928780949488074e+00
1.075305816641551226e+00
1.073712244860366649e+00
1.072147646982213098e+00
1.070611607836354784e+00
1.069103715732013571e+00
1.067623562483777322e+00
1.066170743435450374e+00
1.064744857482376128e+00
1.063345507092267272e+00
1.061972298324557418e+00
1.060624840848296557e+00
1.059302747958633217e+00
1.058005636591895948e+00
1.056733127339288592e+00
1.055484844459255278e+00
1.054260415888506275e+00
1.053059473251749312e+00
1.051881651870151257e+00
1.050726590768544577e+00
1.049593932681407882e+00
1.048483324057650989e+00
1.047394415064217377e+00
1.046326859588539993e+00
1.045280315239865088e+00
1.044254443349470263e+00
1.043248908969809818e+00
1.042263380872593626e+00
1.041297531545839927e+00
1.040351037189915173e+00
1.039423577712587532e+00
1.038514836723114509e+00
1.037624501525396425e+00
1.036752263110206851e+00
1.035897816146527539e+00
1.035060858972012943e+00
1.034241093582601190e+00
1.033438225621300388e+00
1.032651964366167130e+00
1.031882022717494518e+00
1.031128117184243687e+00
1.030389967869730139e+00
1.029667298456590219e+00
1.028959836191044364e+00
1.028267311866483791e+00
1.027589459806396821e+00
1.026926017846657713e+00
1.026276727317196658e+00
1.025641333023070478e+00
1.025019583224953346e+00
1.024411229619069275e+00
1.023816027316583943e+00
1.023233734822478480e+00
1.022664114013911885e+00
1.022106930118110046e+00
1.021561951689780923e+00
1.021028950588088957e+00
1.020507701953190294e+00
1.019997984182370088e+00
1.019499578905769477e+00
1.019012270961746403e+00
1.018535848371871833e+00
1.018070102315582037e+00
1.017614827104504016e+00
1.017169820156467841e+00
1.016734881969228121e+00
1.016309816093901253e+00
1.015894429108141539e+00
1.015488530589068628e+00
1.015091933085957132e+00
1.014704452092712872e+00
1.014325906020141055e+00
1.013956116168023502e+00
1.013594906697024234e+00
1.013242104600423854e+00
1.012897539675716052e+00
1.012561044496056439e+00
1.012232454381598146e+00
1.011911607370711730e+00
1.011598344191109389e+00
1.011292508230883458e+00
1.010993945509472303e+00
1.010702504648561817e+00
1.010418036842943401e+00
1.010140395831323756e+00
1.009869437867113584e+00
1.009605021689197857e+00
1.009347008492698983e+00
1.009095261899744633e+00
1.008849647930244897e+00
1.008610034972702740e+00
1.008376293755046449e+00
1.008148297315512254e+00
1.007925920973579359e+00
1.007709042300953373e+00
1.007497541092638338e+00
1.007291299338066493e+00
1.007090201192328838e+00
1.006894132947493192e+00
1.006702983004017060e+00
1.006516641842282844e+00
1.006335001994238976e+00
1.006157958015165166e+00
1.005985406455573106e+00
1.005817245833235507e+00
1.005653376605365690e+00
1.005493701140939944e+00
1.005338123693177987e+00
1.005186550372183740e+00
1.005038889117750411e+00
1.004895049672341223e+00
1.004754943554241331e+00
1.004618484030893821e+00
1.004485586092425331e+00
1.004356166425354413e+00
1.004230143386504404e+00
1.004107436977106582e+00
1.003987968817115828e+00
1.003871662119724117e+00
1.003758441666090517e+00
1.003648233780284338e+00
1.003540966304446114e+00
1.003436568574165078e+00
1.003334971394083786e+00
1.003236107013730338e+00
1.003139909103572425e+00
1.003046312731308731e+00
1.002955254338393054e+00
1.002866671716788671e+00
1.002780503985967853e+00
1.002696691570143850e+00
1.002615176175745582e+00
1.002535900769136790e+00
1.002458809554578778e+00
1.002383847952432294e+00
1.002310962577612985e+00
1.002240101218290436e+00
1.002171212814833900e+00
1.002104247439009832e+00
1.002039156273422105e+00
1.001975891591212697e+00
1.001914406736000407e+00
1.001854656102077801e+00
1.001796595114854416e+00
1.001740180211552644e+00
1.001685368822152311e+00
1.001632119350584826e+00
1.001580391156180472e+00
1.001530144535360600e+00
1.001481340703580303e+00
1.001433941777519321e+00
1.001387910757524091e+00
1.001343211510289377e+00
1.001299808751792364e+00
1.001257668030470560e+00
1.001216755710638395e+00
1.001177038956155618e+00
1.001138485714331727e+00
1.001101064700072651e+00
1.001064745380265464e+00
1.001029497958405790e+00
1.000995293359456140e+00
1.000962103214942278e+00
1.000929899848281845e+00
1.000898656260350572e+00
1.000868346115271201e+00
1.000838943726434449e+00
1.000810424042746893e+00
1.000782762635110457e+00
1.000755935683111497e+00
1.000729919961943049e+00
1.000704692829544440e+00
1.000680232213956078e+00
1.000656516600890944e+00
1.000633525021521697e+00
1.000611237040479162e+00
1.000589632744056434e+00
1.000568692728624809e+00
1.000548398089256441e+00
1.000528730408547062e+00
1.000509671745638540e+00
1.000491204625443942e+00
1.000473312028069994e+00
1.000455977378429839e+00
1.000439184536052517e+00
1.000422917785076748e+00
1.000407161824440339e+00
1.000391901758247881e+00
1.000377123086324760e+00
1.000362811694955001e+00
1.000348953847790323e+00
1.000335536176944151e+00
1.000322545674249053e+00
1.000309969682698252e+00
1.000297795888047681e+00
1.000286012310587447e+00
1.000274607297078733e+00
1.000263569512851447e+00
1.000252887934063972e+00
1.000242551840119232e+00
1.000232550806237297e+00
1.000222874696180764e+00
1.000213513655130004e+00
1.000204458102708971e+00
1.000195698726154436e+00
1.000187226473633118e+00
1.000179032547696689e+00
1.000171108398881126e+00
1.000163445719437938e+00
1.000156036437203078e+00
1.000148872709602399e+00
1.000141946917780356e+00
1.000135251660862590e+00
1.000128779750343311e+00
1.000122524204600349e+00
1.000116478243524121e+00
1.000110635283275817e+00
1.000104988931157290e+00
1.000099532980602168e+00
1.000094261406272667e+00
1.000089168359277192e+00
1.000084248162493417e+00
1.000079495305998378e+00
1.000074904442604939e+00
1.000070470383506160e+00
1.000066188094013153e+00
1.000062052689401959e+00
1.000058059430853685e+00
1.000054203721489898e+00
1.000050481102506161e+00
1.000046887249397276e+00
1.000043417968266901e+00
1.000040069192239756e+00
1.000036836977945542e+00
1.000033717502101460e+00
1.000030707058168211e+00
1.000027802053094605e+00
1.000024999004141879e+00
1.000022294535783063e+00
1.000019685376684508e+00
1.000017168356757802e+00
1.000014740404290059e+00
1.000012398543146164e+00
1.000010139890038952e+00
1.000007961651868893e+00
1.000005861123137718e+00
1.000003835683419995e+00
1.000001882794906205e+00
1.000000000000005773e+00
