7.351464736225072727e+01
7.350946566294166473e+01
7.349392061891252581e+01
7.346801252359661305e+01
7.343174213975382258e+01
7.338511093372981975e+01
7.332812130918586035e+01
7.326077684006952495e+01
7.318308250256983172e+01
7.309504490577300828e+01
7.299667252070878476e+01
7.288797590745191712e+01
7.276896793991801360e+01
7.263966402796948785e+01
7.250008233642437006e+01
7.235024400053930549e+01
7.219017333751791909e+01
7.201989805357737850e+01
7.183944944608930427e+01
7.164886260029635423e+01
7.144817658009310435e+01
7.123743461234995777e+01
7.101668426424983238e+01
7.078597761310325609e+01
7.054537140810364804e+01
7.029492722348537370e+01
7.003471160254999006e+01
6.976479619203205118e+01
6.948525786628528067e+01
6.919617884078240877e+01
6.889764677443706375e+01
6.858975486027590307e+01
6.827260190401048590e+01
6.794629239008440891e+01
6.761093653480000398e+01
6.726665032615983364e+01
6.691355555009457134e+01
6.655177980278503469e+01
6.618145648882837406e+01
6.580272480504049781e+01
6.541572970973302859e+01
6.502062187735126031e+01
6.461755763840889699e+01
6.420669890470777830e+01
6.378821307988305023e+01
6.336227295536939152e+01
6.292905659193792900e+01
6.248874718701011943e+01
6.204153292800953778e+01
6.158760683206874376e+01
6.112716657246286189e+01
6.066041429219565373e+01
6.018755640521658279e+01
5.970880338579838309e+01
5.922436954665367637e+01
5.873447280641612878e+01
5.823933444715533625e+01
5.773917886263633648e+01
5.723423329807221194e+01
5.672472758215248945e+01
5.621089385216141920e+01
5.569296627302625069e+01
5.517118075115849507e+01
5.464577464396972317e+01
5.411698646595716156e+01
5.358505559226391313e+01
5.305022196062356699e+01
5.251272577259960173e+01
5.197280719502563073e+01
5.143070606254434551e+01
5.088666158212998170e+01
5.034091204046200119e+01
4.979369451499667321e+01
4.924524458955806949e+01
4.869579607524109832e+01
4.814558073738734834e+01
4.759482802935850998e+01
4.704376483379449780e+01
4.649261521200170932e+01
4.594160016207403885e+01
4.539093738630366914e+01
4.484084106839170403e+01
4.429152166092024601e+01
4.374318568349818293e+01
4.319603553194265544e+01
4.265026929880754381e+01
4.210608060551997767e+01
4.156365844633499051e+01
4.102318704426884466e+01
4.048484571912240426e+01
3.994880876765748923e+01
3.941524535594298584e+01
3.888431942384148243e+01
3.835618960156423185e+01
3.783100913818038435e+01
3.730892584192690720e+01
3.679008203212816142e+01
3.627461450249919039e+01
3.576265449557434550e+01
3.525432768797250560e+01
3.474975418618289069e+01
3.424904853253035952e+01
3.375231972095719613e+01
3.325967122223811145e+01
3.277120101822870879e+01
3.228700164473268330e+01
3.180716024256139818e+01
3.133175861634946102e+01
3.086087330068313506e+01
3.039457563309328592e+01
2.993293183346149533e+01
2.947600308938799429e+01
2.902384564707042358e+01
2.857651090724637299e+01
2.813404552575662265e+01
2.769649151829309730e+01
2.726388636890296979e+01
2.683626314182958694e+01
2.641365059628126843e+01
2.599607330373067526e+01
2.558355176735938841e+01
2.517610254327609809e+01
2.477373836315026878e+01
2.437646825791792438e+01
2.398429768223114422e+01
2.359722863933829728e+01
2.321525980609757767e+01
2.283838665784225341e+01
2.246660159283221603e+01
2.209989405604231294e+01
2.173825066205335688e+01
2.138165531682841092e+01
2.103008933817158166e+01
2.068353157468249037e+01
2.034195852303441399e+01
2.000534444341870710e+01
1.967366147301247636e+01
1.934687973734024879e+01
1.902496745941386180e+01
1.870789106654769895e+01
1.839561529475866664e+01
1.808810329067240374e+01
1.778531671086830457e+01
1.748721581860722551e+01
1.719375957789520015e+01
1.690490574484724107e+01
1.662061095632354224e+01
1.634083081581955099e+01
1.606551997659942899e+01
1.579463222206976347e+01
1.552812054339760728e+01
1.526593721438347728e+01
1.500803386360590963e+01
1.475436154385975129e+01
1.450487079891547104e+01
1.425951172763148911e+01
1.401823404545572238e+01
1.378098714335626340e+01
1.354772014422471571e+01
1.331838195679865500e+01
1.309292132715222579e+01
1.287128688780664199e+01
1.265342720451397796e+01
1.243929082076959070e+01
1.222882630010991001e+01
1.202198226625348454e+01
1.181870744114416460e+01
1.161895068095602213e+01
1.142266101011990642e+01
1.122978765343207641e+01
1.104028006630530889e+01
1.085408796322275826e+01
1.067116134445484654e+01
1.049145052109871656e+01
1.031490613849971538e+01
1.014147919811328435e+01
9.971121077865550575e+00
9.803783551069225055e+00
9.639418803951322445e+00
9.477979451847804881e+00
9.319418554119330622e+00
9.163689627840955865e+00
9.010746660318082135e+00
8.860544120478758501e+00
8.713036969192533121e+00
8.568180668563311286e+00
8.425931190243726832e+00
8.286245022816284944e+00
8.149079178285807856e+00
8.014391197726022043e+00
7.882139156122177859e+00
7.752281666449717612e+00
7.624777883028492020e+00
7.499587504189933362e+00
7.376670774293697441e+00
7.255988485129234000e+00
7.137501976735752152e+00
7.021173137673663689e+00
6.906964404778722866e+00
6.794838762429257883e+00
6.684759741355496665e+00
6.576691417018954766e+00
6.470598407588664003e+00
6.366445871539998969e+00
6.264199504900712867e+00
6.163825538167765572e+00
6.065290732917502758e+00
5.968562378130908286e+00
5.873608286254277111e+00
5.780396789015369130e+00
5.688896733013562468e+00
5.599077475102104628e+00
5.510908877579429266e+00
5.424361303205913032e+00
5.339405610061453089e+00
5.256013146258669444e+00
5.174155744525727130e+00
5.093805716671907291e+00
5.014935847948850167e+00
4.937519391318908824e+00
4.861530061642628908e+00
4.786942029795268283e+00
4.713729916723240265e+00
4.641868787449504374e+00
4.571334145037231345e+00
4.502101924520196974e+00
4.434148486807983680e+00
4.367450612573383850e+00
4.301985496129431041e+00
4.237730739302404182e+00
4.174664345307423474e+00
4.112764712632236197e+00
4.052010628934773706e+00
3.992381264959891762e+00
3.933856168479628934e+00
3.876415258261892482e+00
3.820038818071572972e+00
3.764707490707979609e+00
3.710402272082113928e+00
3.657104505337353650e+00
3.604795875016420847e+00
3.553458401277449497e+00
3.503074434162070538e+00
3.453626647917441339e+00
3.405098035374860110e+00
3.357471902386626184e+00
3.310731862323221364e+00
3.264861830632265871e+00
3.219846019460688602e+00
3.175668932341646489e+00
3.132315358947183714e+00
3.089770369907669956e+00
3.048019311698950240e+00
3.007047801598023540e+00
2.966841722707841189e+00
2.927387219051718503e+00
2.888670690737947133e+00
2.850678789194850182e+00
2.813398412476530552e+00
2.776816700639536784e+00
2.740921031190523216e+00
2.705699014604833419e+00
2.671138489916038417e+00
2.637227520376338230e+00
2.603954389187474572e+00
2.571307595302109839e+00
2.539275849295186571e+00
2.507848069305138150e+00
2.477013377044312126e+00
2.446761093878412563e+00
2.417080736974262400e+00
2.387962015515527447e+00
2.359394826985779403e+00
2.331369253518406737e+00
2.303875558312629579e+00
2.276904182115123465e+00
2.250445739766475661e+00
2.224491016811870558e+00
2.199030966175297586e+00
2.174056704896605297e+00
2.149559510930432626e+00
2.125530820006650501e+00
2.101962222551269299e+00
2.078845460667038125e+00
2.056172425173161233e+00
2.033935152703122640e+00
2.012125822859965218e+00
1.990736755427998217e+00
1.969760407640509303e+00
1.949189371502217494e+00
1.929016371165935606e+00
1.909234260362556945e+00
1.889836019883432083e+00
1.870814755114518668e+00
1.852163693621150298e+00
1.833876182783003017e+00
1.815945687478070170e+00
1.798365787815026540e+00
1.781130176913075847e+00
1.764232658728475123e+00
1.747667145926984134e+00
1.731427657801299702e+00
1.715508318232640939e+00
1.699903353696059938e+00
1.684607091307988025e+00
1.669613956915915853e+00
1.654918473228923936e+00
1.640515257988616860e+00
1.626399022179366050e+00
1.612564568277357502e+00
1.599006788537514989e+00
1.585720663317689905e+00
1.572701259439085675e+00
1.559943728582471323e+00
1.547443305719389706e+00
1.535195307577354562e+00
1.523195131138804115e+00
1.511438252172523811e+00
1.499920223797361452e+00
1.488636675077208427e+00
1.477583309646593346e+00
1.466755904366419783e+00
1.456150308008848482e+00
1.445762439970977198e+00
1.435588289016465291e+00
1.425623912044544639e+00
1.415865432885683450e+00
1.406309041123472214e+00
1.396950990941916437e+00
1.387787599997650778e+00
1.378815248316376696e+00
1.370030377213135031e+00
1.361429488235535556e+00
1.353009142129672604e+00
1.344765957827998681e+00
1.336696611458653816e+00
1.328797835375735259e+00
1.321066417209907584e+00
1.313499198938989476e+00
1.306093075977862172e+00
1.298844996287167541e+00
1.291751959500584856e+00
1.284811016069870027e+00
1.278019266427410150e+00
1.271373860165743164e+00
1.264871995233716406e+00
1.258510917148617958e+00
1.252287918224077368e+00
1.246200336813283904e+00
1.240245556566947016e+00
1.234421005705846897e+00
1.228724156307399173e+00
1.223152523605951503e+00
1.217703665306420158e+00
1.212375180910858941e+00
1.207164711057749473e+00
1.202069936873513489e+00
1.197088579335974456e+00
1.192218398649527611e+00
1.187457193631549002e+00
1.182802801109901658e+00
1.178253095331130984e+00
1.173805987379081817e+00
1.169459424603727093e+00
1.165211390059831986e+00
1.161059901955217022e+00
1.157003013108539369e+00
1.153038810416041171e+00
1.149165414327239398e+00
1.145380978329318289e+00
1.141683688439832034e+00
1.138071762707764556e+00
1.134543450722500291e+00
1.131097033130592955e+00
1.127730821160215724e+00
1.124443156152919787e+00
1.121232409102712158e+00
1.118096980202104129e+00
1.115035298395151031e+00
1.112045820937099361e+00
1.109127032960660841e+00
1.106277447048646279e+00
1.103495602812853305e+00
1.100780066479155606e+00
1.098129430478499646e+00
1.095542313043676108e+00
1.093017357811894241e+00
1.090553233433016134e+00
1.088148633183051661e+00
1.085802274583207216e+00
1.083512899024153153e+00
1.081279271395320318e+00
1.079100179719326036e+00
1.076974434791379220e+00
1.074900869823476324e+00
1.072878340093283311e+00
1.070905722597918164e+00
1.068981915712107433e+00
1.067105838850879840e+00
1.065276432136786244e+00
1.063492656071435727e+00
1.061753491211238076e+00
1.060057937847499021e+00
1.058405015690563555e+00
1.056793763558026900e+00
1.055223239067075713e+00
1.053692518330701988e+00
1.052200695657869778e+00
1.050746883257529518e+00
1.049330210946345598e+00
1.047949825860387874e+00
1.046604892170262424e+00
1.045294590800045942e+00
1.044018119149830781e+00
1.042774690821797634e+00
1.041563535349793179e+00
1.040383897932401602e+00
1.039235039169422725e+00
1.038116234801917948e+00
1.037026775455315075e+00
1.035965966386117820e+00
1.034933127231774330e+00
1.033927591763829312e+00
1.032948707644254061e+00
1.031995836185097826e+00
1.031068352111139452e+00
1.030165643325761993e+00
1.029287110679910411e+00
1.028432167744121495e+00
1.027600240583556479e+00
1.026790767536098770e+00
1.026003198993411081e+00
1.025236997184950649e+00
1.024491635964900782e+00
1.023766600602061372e+00
1.023061387572531400e+00
1.022375504355387932e+00
1.021708469230969474e+00
1.021059811082219326e+00
1.020429069198626415e+00
1.019815793083002520e+00
1.019219542260947353e+00
1.018639886093098523e+00
1.018076403589970091e+00
1.017528683229524500e+00
1.016996322777342421e+00
1.016478929109420060e+00
1.015976118037600129e+00
1.015487514137515257e+00
1.015012750579041612e+00
1.014551468959451697e+00
1.014103319138873971e+00
1.013667959078362379e+00
1.013245054680327106e+00
1.012834279631451340e+00
1.012435315248058298e+00
1.012047850323849474e+00
1.011671580979879970e+00
1.011306210517127546e+00
1.010951449271174862e+00
1.010607014469263820e+00
1.010272630089667611e+00
1.009948026723292980e+00
1.009632941437467846e+00
1.009327117642055738e+00
1.009030304957597268e+00
1.008742259085849913e+00
1.008462741682157882e+00
1.008191520230329319e+00
1.007928367919262769e+00
1.007673063521849377e+00
1.007425391275893034e+00
1.007185140767056009e+00
1.006952106813814751e+00
1.006726089354396558e+00
1.006506893335690433e+00
1.006294328604194099e+00
1.006088209798631006e+00
1.005888356244791115e+00
1.005694591851998165e+00
1.005506745011577552e+00
1.005324648497120110e+00
1.005148139366434767e+00
1.004977058865538675e+00
1.004811252334184113e+00
1.004650569113262115e+00
1.004494862453869652e+00
1.004343989428109651e+00
1.004197810841500615e+00
1.004056191147174593e+00
1.003918998361558845e+00
1.003786103981819222e+00
1.003657382904707740e+00
1.003532713347189187e+00
1.003411976768463498e+00
1.003295057793570644e+00
1.003181844138481216e+00
1.003072226536688927e+00
1.002966098667261718e+00
1.002863357084333717e+00
1.002763901148009840e+00
1.002667632956613764e+00
1.002574457280429376e+00
1.002484281496757834e+00
1.002397015526201196e+00
1.002312571770422656e+00
1.002230865051114916e+00
1.002151812550257315e+00
1.002075333751591302e+00
1.002001350383429079e+00
1.001929786362572017e+00
1.001860567739474961e+00
1.001793622644600035e+00
1.001728881235890434e+00
1.001666275647372650e+00
1.001605739938949080e+00
1.001547210047221137e+00
1.001490623737360419e+00
1.001435920556241976e+00
1.001383041786259476e+00
1.001331930400608083e+00
1.001282531019142219e+00
1.001234789865602437e+00
1.001188654725497784e+00
1.001144074905178538e+00
1.001101001191680329e+00
1.001059385813642955e+00
1.001019182402955954e+00
1.000980345957469098e+00
1.000942832804412319e+00
1.000906600564800630e+00
1.000871608118583111e+00
1.000837815570679190e+00
1.000805184217750776e+00
1.000773676515815280e+00
1.000743256048693075e+00
1.000713887497003185e+00
1.000685536608187487e+00
1.000658170167012084e+00
1.000631755966954861e+00
1.000606262782230527e+00
1.000581660340452039e+00
1.000557919296054088e+00
1.000535011204362057e+00
1.000512908496190567e+00
1.000491584453275351e+00
1.000471013184127234e+00
1.000451169600594437e+00
1.000432029395034172e+00
1.000413569018005600e+00
1.000395765656553637e+00
1.000378597213031684e+00
1.000362042284551611e+00
1.000346080142784366e+00
1.000330690714513526e+00
1.000315854562476181e+00
1.000301552866929899e+00
1.000287767407418427e+00
1.000274480545324973e+00
1.000261675206634004e+00
1.000249334865283446e+00
1.000237443526966086e+00
1.000225985713272481e+00
1.000214946446344344e+00
1.000204311233906074e+00
1.000194066054725495e+00
1.000184197344381243e+00
1.000174691981531749e+00
1.000165537274489314e+00
1.000156720948252032e+00
1.000148231131707366e+00
1.000140056345399042e+00
1.000132185489493342e+00
1.000124607832138635e+00
1.000117312998158647e+00
1.000110290957978210e+00
1.000103532017015517e+00
1.000097026805183198e+00
1.000090766266881426e+00
1.000084741651091624e+00
1.000078944501864298e+00
1.000073366649066653e+00
1.000068000199418217e+00
1.000062837527679438e+00
1.000057871268189347e+00
1.000053094306655455e+00
1.000048499772113741e+00
1.000044081029149989e+00
1.000039831670388901e+00
1.000035745509181950e+00
1.000031816572447552e+00
1.000028039093861398e+00
1.000024407507082769e+00
1.000020916439303909e+00
1.000017560704961506e+00
1.000014335299627355e+00
1.000011235394042686e+00
1.000008256328422274e+00
1.000005393606866022e+00
1.000002642891932192e+00
9.999999999994532152e-01
