4.723025510296068319e+01
4.722756174434312726e+01
4.721948168880423680e+01
4.720601504693934203e+01
4.718716210624648255e+01
4.716292341945766253e+01
4.713329989271368703e+01
4.709829287351602289e+01
4.705790423838166703e+01
4.701213648011920299e+01
4.696099279463760467e+01
4.690447716719148019e+01
4.684259445796008237e+01
4.677535048685007268e+01
4.670275211740598564e+01
4.662480733970581070e+01
4.654152535211306940e+01
4.645291664175131530e+01
4.635899306356186145e+01
4.625976791780019681e+01
4.615525602582279419e+01
4.604547380401177747e+01
4.593043933568154102e+01
4.581017244080872075e+01
4.568469474342480652e+01
4.555402973650862464e+01
4.541820284421572040e+01
4.527724148128061898e+01
4.513117510942907273e+01
4.498003529063809225e+01
4.482385573708393878e+01
4.466267235762054355e+01
4.449652330063462102e+01
4.432544899312798492e+01
4.414949217588262087e+01
4.396869793456996689e+01
4.378311372667258183e+01
4.359278940409403447e+01
4.339777723134073284e+01
4.319813189916904150e+01
4.299391053360015746e+01
4.278517270021637842e+01
4.257198040366296254e+01
4.235439808229220660e+01
4.213249259789822787e+01
4.190633322050440768e+01
4.167599160817862725e+01
4.144154178186547455e+01
4.120306009523891788e+01
4.096062519959362191e+01
4.071431800380779720e+01
4.046422162942580059e+01
4.021042136092373909e+01
3.995300459123640735e+01
3.969206076263951388e+01
3.942768130309547558e+01
3.915995955818672769e+01
3.888899071877435176e+01
3.861487174453434790e+01
3.833770128353772577e+01
3.805757958805351393e+01
3.777460842676669728e+01
3.748889099361502275e+01
3.720053181345985394e+01
3.690963664481663642e+01
3.661631237988046905e+01
3.632066694209071755e+01
3.602280918148635891e+01
3.572284876811101384e+01
3.542089608373164822e+01
3.511706211214030304e+01
3.481145832831147402e+01
3.450419658669028422e+01
3.419538900888839805e+01
3.388514787106413451e+01
3.357358549126351477e+01
3.326081411699615842e+01
3.294694581331730632e+01
3.263209235168346822e+01
3.231636509984364380e+01
3.199987491302250220e+01
3.168273202664445876e+01
3.136504595084013758e+01
3.104692536696754956e+01
3.072847802637115322e+01
3.040981065159132868e+01
3.009102884022621183e+01
2.977223697163601912e+01
2.945353811666800325e+01
2.913503395056767431e+01
2.881682466922894648e+01
2.849900890892256911e+01
2.818168366962869698e+01
2.786494424208583709e+01
2.754888413865449692e+01
2.723359502808007448e+01
2.691916667422573539e+01
2.660568687883217365e+01
2.629324142834791544e+01
2.598191404485987377e+01
2.567178634114168290e+01
2.536293777982356445e+01
2.505544563667602276e+01
2.474938496798712606e+01
2.444482858200185760e+01
2.414184701438112413e+01
2.384050850762734086e+01
2.354087899441378440e+01
2.324302208474550469e+01
2.294699905687096475e+01
2.265286885185544108e+01
2.236068807171961836e+01
2.207051098104045650e+01
2.178238951190456518e+01
2.149637327209936899e+01
2.121250955642219438e+01
2.093084336098309706e+01
2.065141740037369544e+01
2.037427212757134143e+01
2.009944575644533060e+01
1.982697428672992856e+01
1.955689153132812663e+01
1.928922914580856229e+01
1.902401665995853719e+01
1.876128151125552179e+01
1.850104908012090377e+01
1.824334272682028057e+01
1.798818382987648690e+01
1.773559182586325988e+01
1.748558425044967635e+01
1.723817678056819247e+01
1.699338327758168532e+01
1.675121583132841607e+01
1.651168480492674817e+01
1.627479888022532606e+01
1.604056510378798350e+01
1.580898893330675392e+01
1.558007428433994868e+01
1.535382357727707792e+01
1.513023778443588974e+01
1.490931647720172037e+01
1.469105787312313538e+01
1.447545888288271243e+01
1.426251515706573869e+01
1.405222113265426742e+01
1.384457007917801796e+01
1.363955414445832837e+01
1.343716439988486755e+01
1.323739088516990492e+01
1.304022265252823765e+01
1.284564781023520119e+01
1.265365356551923526e+01
1.246422626674884171e+01
1.227735144487795438e+01
1.209301385411692742e+01
1.191119751179996200e+01
1.173188573742308805e+01
1.155506119083003114e+01
1.138070590952626659e+01
1.120880134510459136e+01
1.103932839876833860e+01
1.087226745594082189e+01
1.070759841995241501e+01
1.054530074479884405e+01
1.038535346696664874e+01
1.022773523632376858e+01
1.007242434607536552e+01
9.919398761786704100e+00
9.768636149476870756e+00
9.620113902788405724e+00
9.473809169239924444e+00
9.329698875569651051e+00
9.187759752179443851e+00
9.047968356690097025e+00
8.910301096619463124e+00
8.774734251196234069e+00
8.641243992322982237e+00
8.509806404702839444e+00
8.380397505145003478e+00
8.252993261064684560e+00
8.127569608194015416e+00
8.004102467520423758e+00
7.882567761469964296e+00
7.762941429352824940e+00
7.645199442089058550e+00
7.529317816232438787e+00
7.415272627310671716e+00
7.303040022500259631e+00
7.192596232654328681e+00
7.083917583701996534e+00
6.976980507437375856e+00
6.871761551716747185e+00
6.768237390081986327e+00
6.666384830828434360e+00
6.566180825535051113e+00
6.467602477074590794e+00
6.370627047121510067e+00
6.275231963174603855e+00
6.181394825111746982e+00
6.089093411293268865e+00
5.998305684230595958e+00
5.909009795836373868e+00
5.821184092271786348e+00
5.734807118406877180e+00
5.649857621908805250e+00
5.566314556973259720e+00
5.484157087713253276e+00
5.403364591219718349e+00
5.323916660307570936e+00
5.245793105960901315e+00
5.168973959490159586e+00
5.093439474414413581e+00
5.019170128080738813e+00
4.946146623033039980e+00
4.874349888141880527e+00
4.803761079506647214e+00
4.734361581141032893e+00
4.666133005452508087e+00
4.599057193526016718e+00
4.533116215221885348e+00
4.468292369097542682e+00
4.404568182162355683e+00
4.341926409474491599e+00
4.280350033588592673e+00
4.219822263862404554e+00
4.160326535630582079e+00
4.101846509253318729e+00
4.044366069047208079e+00
3.987869322105618952e+00
3.932340597015436146e+00
3.877764442476683282e+00
3.824125625831524378e+00
3.771409131508649981e+00
3.719600159388998684e+00
3.668684123098275407e+00
3.618646648231842455e+00
3.569473570516917604e+00
3.521150933917198245e+00
3.473664988684459054e+00
3.427002189361857187e+00
3.381149192742963994e+00
3.336092855790840694e+00
3.291820233521064676e+00
3.248318576852374573e+00
3.205575330428593439e+00
3.163578130415067413e+00
3.122314802273133516e+00
3.081773358515434325e+00
3.041941996445108209e+00
3.002809095881726620e+00
2.964363216876425788e+00
2.926593097418955125e+00
2.889487651138817004e+00
2.853035965002927110e+00
2.817227297011795528e+00
2.782051073896308235e+00
2.747496888817023919e+00
2.713554499067702075e+00
2.680213823784849403e+00
2.647464941664845473e+00
2.615298088690138023e+00
2.583703655865871696e+00
2.552672186968497847e+00
2.522194376307181685e+00
2.492261066499668498e+00
2.462863246263317762e+00
2.433992048222449078e+00
2.405638746732991606e+00
2.377794755725254561e+00
2.350451626565596364e+00
2.323601045937824239e+00
2.297234833744953519e+00
2.271344941032017672e+00
2.245923447930434413e+00
2.220962561624507003e+00
2.196454614340589195e+00
2.172392061359266435e+00
2.148767479050934348e+00
2.125573562935286098e+00
2.102803125764808101e+00
2.080449095632660228e+00
2.058504514105219840e+00
2.036962534379397560e+00
2.015816419464933062e+00
1.995059540391784125e+00
1.974685374442844532e+00
1.954687503411791205e+00
1.935059611886431163e+00
1.915795485557322042e+00
1.896889009551821825e+00
1.878334166793512505e+00
1.860125036386823361e+00
1.842255792027025496e+00
1.824720700435285226e+00
1.807514119818879994e+00
1.790630498356189371e+00
1.774064372706657178e+00
1.757810366545280889e+00
1.741863189121611200e+00
1.726217633843045718e+00
1.710868576882230707e+00
1.695810975808332621e+00
1.681039868242017121e+00
1.666550370533826264e+00
1.652337676465809313e+00
1.638397055976086314e+00
1.624723853906105742e+00
1.611313488770379276e+00
1.598161451548323786e+00
1.585263304498015113e+00
1.572614679991544806e+00
1.560211279371715776e+00
1.548048871829640127e+00
1.536123293303212289e+00
1.524430445395851041e+00
1.512966294315392535e+00
1.501726869832779254e+00
1.490708264260224958e+00
1.479906631448486554e+00
1.469318185803038856e+00
1.458939201318721679e+00
1.448766010632584811e+00
1.438795004094647334e+00
1.429022628856154942e+00
1.419445387975108996e+00
1.410059839538642112e+00
1.400862595802096600e+00
1.391850322344208024e+00
1.383019737238371016e+00
1.374367610239437987e+00
1.365890761985900870e+00
1.357586063217013361e+00
1.349450434004640709e+00
1.341480842999414502e+00
1.333674306691040146e+00
1.326027888682323352e+00
1.318538698976627899e+00
1.311203893278575006e+00
1.304020672307546702e+00
1.296986281123754692e+00
1.290098008466706414e+00
1.283353186105540500e+00
1.276749188201182994e+00
1.270283430679955750e+00
1.263953370618298822e+00
1.257756505638493172e+00
1.251690373314980675e+00
1.245752550591134433e+00
1.239940653206114352e+00
1.234252335131673206e+00
1.228685288018599886e+00
1.223237240652593538e+00
1.217905958419260637e+00
1.212689242778177245e+00
1.207584930745599694e+00
1.202590894385721088e+00
1.197705040310210078e+00
1.192925309185875138e+00
1.188249675250214299e+00
1.183676145834613447e+00
1.179202760895083690e+00
1.174827592550360178e+00
1.170548744626972892e+00
1.166364352211445965e+00
1.162272581209137234e+00
1.158271627909795765e+00
1.154359718559450299e+00
1.150535108938643747e+00
1.146796083946835187e+00
1.143140957192699148e+00
1.139568070590277982e+00
1.136075793960879432e+00
1.132662524640504875e+00
1.129326687092665704e+00
1.126066732526527892e+00
1.122881138520255284e+00
1.119768408649343572e+00
1.116727072119986230e+00
1.113755683407132935e+00
1.110852821897412968e+00
1.108017091536580123e+00
1.105247120481533285e+00
1.102541560756693517e+00
1.099899087914732121e+00
1.097318400701579488e+00
1.094798220725555327e+00
1.092337292130516335e+00
1.089934381273092612e+00
1.087588276403737453e+00
1.085297787351703791e+00
1.083061745213727001e+00
1.080879002046419624e+00
1.078748430562334271e+00
1.076668923829525726e+00
1.074639394974716833e+00
1.072658776889866772e+00
1.070726021942120409e+00
1.068840101687139388e+00
1.067000006585736793e+00
1.065204745723683288e+00
1.063453346534845245e+00
1.061744854527320925e+00
1.060078333012785645e+00
1.058452862838948016e+00
1.056867542124901194e+00
1.055321485999570319e+00
1.053813826343090065e+00
1.052343711531118053e+00
1.050910306182002429e+00
1.049512790906843351e+00
1.048150362062341356e+00
1.046822231506467915e+00
1.045527626356947737e+00
1.044265788752409607e+00
1.043035975616232403e+00
1.041837458423196860e+00
1.040669522968711291e+00
1.039531469140711373e+00
1.038422610694146764e+00
1.037342275028122263e+00
1.036289802965570273e+00
1.035264548535492990e+00
1.034265878757766544e+00
1.033293173430425593e+00
1.032345824919442157e+00
1.031423237951051064e+00
1.030524829406495035e+00
1.029650028119181382e+00
1.028798274674324942e+00
1.027969021210961564e+00
1.027161731226445163e+00
1.026375879383224721e+00
1.025610951317998287e+00
1.024866443453291698e+00
1.024141862811341452e+00
1.023436726830253996e+00
1.022750563182494909e+00
1.022082909595730449e+00
1.021433313675879084e+00
1.020801332732380384e+00
1.020186533605898616e+00
1.019588492498038512e+00
1.019006794803452687e+00
1.018441034944034929e+00
1.017890816205399229e+00
1.017355750575481110e+00
1.016835458585326313e+00
1.016329569152027990e+00
1.015837719423766217e+00
1.015359554627070837e+00
1.014894727916046069e+00
1.014442900223824662e+00
1.014003740116007579e+00
1.013576923646232864e+00
1.013162134213728471e+00
1.012759062422940781e+00
1.012367405945262533e+00
1.011986869382565768e+00
1.011617164132947000e+00
1.011258008258306251e+00
1.010909126353891629e+00
1.010570249419904476e+00
1.010241114734920620e+00
1.009921465731258738e+00
1.009611051872269405e+00
1.009309628531474212e+00
1.009016956873615145e+00
1.008732803737532269e+00
1.008456941520844641e+00
1.008189148066498175e+00
1.007929206551141599e+00
1.007676905375210152e+00
1.007432038054820955e+00
1.007194403115423187e+00
1.006963803987235062e+00
1.006740048902272866e+00
1.006522950793242499e+00
1.006312327193946032e+00
1.006108000141554992e+00
1.005909796080374452e+00
1.005717545767307097e+00
1.005531084178932888e+00
1.005350250420205649e+00
1.005174887634692205e+00
1.005004842916423780e+00
1.004839967223279062e+00
1.004680115291876064e+00
1.004525145554019616e+00
1.004374920054607490e+00
1.004229304371067055e+00
1.004088167534190612e+00
1.003951381950449750e+00
1.003818823325753229e+00
1.003690370590587522e+00
1.003565905826533600e+00
1.003445314194222338e+00
1.003328483862569342e+00
1.003215305939411106e+00
1.003105674403406367e+00
1.002999486037299048e+00
1.002896640362420655e+00
1.002797039574512938e+00
1.002700588480743615e+00
1.002607194437974858e+00
1.002516767292316535e+00
1.002429219319743270e+00
1.002344465168037990e+00
1.002262421799824166e+00
1.002183008436717593e+00
1.002106146504713857e+00
1.002031759580596093e+00
1.001959773339473614e+00
1.001890115503430101e+00
1.001822715791172103e+00
1.001757505868796860e+00
1.001694419301534467e+00
1.001633391506591142e+00
1.001574359706840722e+00
1.001517262885674331e+00
1.001462041742687381e+00
1.001408638650427951e+00
1.001356997611918320e+00
1.001307064219330911e+00
1.001258785613321489e+00
1.001212110443437719e+00
1.001166988829310878e+00
1.001123372322773042e+00
1.001081213870706810e+00
1.001040467778866905e+00
1.001001089676387457e+00
1.000963036481208546e+00
1.000926266366174211e+00
1.000890738725984441e+00
1.000856414144911000e+00
1.000823254365160730e+00
1.000791222256094182e+00
1.000760281784069727e+00
1.000730397983050191e+00
1.000701536925853175e+00
1.000673665696121706e+00
1.000646752360901504e+00
1.000620765943964541e+00
1.000595676399655076e+00
1.000571454587440234e+00
1.000548072247069209e+00
1.000525501974319109e+00
1.000503717197305020e+00
1.000482692153409126e+00
1.000462401866772044e+00
1.000442822126333509e+00
1.000423929464363759e+00
1.000405701135628211e+00
1.000388115097001540e+00
1.000371149987624886e+00
1.000354785109495603e+00
1.000339000408656753e+00
1.000323776456812475e+00
1.000309094433343038e+00
1.000294936107889887e+00
1.000281283823362344e+00
1.000268120479301803e+00
1.000255429515771510e+00
1.000243194897626031e+00
1.000231401099192174e+00
1.000220033089352478e+00
1.000209076317021939e+00
1.000198516697033524e+00
1.000188340596319891e+00
1.000178534820549414e+00
1.000169086601086166e+00
1.000159983582296075e+00
1.000151213809194362e+00
1.000142765715421156e+00
1.000134628111558843e+00
1.000126790173759606e+00
1.000119241432698036e+00
1.000111971762754459e+00
1.000104971371663876e+00
1.000098230790209541e+00
1.000091740862408818e+00
1.000085492735915071e+00
1.000079477852599874e+00
1.000073687939512013e+00
1.000068115000067648e+00
1.000062751305379249e+00
1.000057589386045498e+00
1.000052622023904103e+00
1.000047842244303764e+00
1.000043243308333274e+00
1.000038818705492494e+00
1.000034562146415951e+00
1.000030467555903746e+00
1.000026529066102343e+00
1.000022741009886973e+00
1.000019097914486732e+00
1.000015594495260896e+00
1.000012225649607789e+00
1.000008986451179416e+00
1.000005872144108743e+00
1.000002878137547624e+00
1.000000000000310418e+00
