1.237102603474663098e+01
1.237064665416244580e+01
1.236950851354190384e+01
1.236761161904837891e+01
1.236495598670526519e+01
1.236154164732273131e+01
1.235736865142027341e+01
1.235243707414336711e+01
1.234674702017232306e+01
1.234029862862132632e+01
1.233309207792537698e+01
1.232512759071286723e+01
1.231640543866112836e+01
1.230692594733234557e+01
1.229668950098695213e+01
1.228569654737148475e+01
1.227394760247775807e+01
1.226144325527004320e+01
1.224818417237679924e+01
1.223417110274337816e+01
1.221940488224196386e+01
1.220388643823488728e+01
1.218761679408739695e+01
1.217059707362568055e+01
1.215282850553606409e+01
1.213431242770096041e+01
1.211505029146723977e+01
1.209504366584247315e+01
1.207429424161450982e+01
1.205280383538971023e+01
1.203057439354512859e+01
1.200760799608985607e+01
1.198390686043074460e+01
1.195947334503764914e+01
1.193430995300325215e+01
1.190841933549270237e+01
1.188180429507804625e+01
1.185446778895265574e+01
1.182641293202076227e+01
1.179764299985725451e+01
1.176816143153297034e+01
1.173797183230073671e+01
1.170707797613753165e+01
1.167548380813812514e+01
1.164319344675579515e+01
1.161021118588567802e+01
1.157654149678653610e+01
1.154218902983679129e+01
1.150715861612088808e+01
1.147145526884211364e+01
1.143508418455828490e+01
1.139805074423680686e+01
1.136036051412584591e+01
1.132201924643856294e+01
1.128303287984755521e+01
1.124340753978693286e+01
1.120314953855962514e+01
1.116226537524783069e+01
1.112076173542475921e+01
1.107864549066607296e+01
1.103592369785977034e+01
1.099260359831344047e+01
1.094869261665824567e+01
1.090419835954919847e+01
1.085912861416162478e+01
1.081349134648407784e+01
1.076729469940818262e+01
1.072054699061636462e+01
1.067325671026857137e+01
1.062543251848958548e+01
1.057708324265875000e+01
1.052821787450431223e+01
1.047884556700491210e+01
1.042897563110108550e+01
1.037861753221992878e+01
1.032778088661648752e+01
1.027647545753569247e+01
1.022471115119894236e+01
1.017249801261990427e+01
1.011984622125417665e+01
1.006676608648799842e+01
1.001326804297126216e+01
9.959362645800535319e+00
9.905060565557942454e+00
9.850372583212124056e+00
9.795309584887609944e+00
9.739882556509316558e+00
9.684102578328982247e+00
9.627980819340654861e+00
9.571528531592417011e+00
9.514757044401882524e+00
9.457677758482981645e+00
9.400302139991836725e+00
9.342641714499565708e+00
9.284708060900005222e+00
9.226512805260476568e+00
9.168067614623657491e+00
9.109384190768901490e+00
9.050474263941174158e+00
8.991349586555896778e+00
8.932021926888079832e+00
8.872503062753887448e+00
8.812804775193015416e+00
8.752938842159998956e+00
8.692917032232658769e+00
8.632751098345693208e+00
8.572452771557411921e+00
8.512033754857476708e+00
8.451505717023332309e+00
8.390880286532949484e+00
8.330169045541255812e+00
8.269383523927540836e+00
8.208535193420871678e+00
8.147635461810372348e+00
8.086695667247031594e+00
8.025727072643428883e+00
7.964740860177599302e+00
7.903748125906943756e+00
7.842759874497897243e+00
7.781787014076735787e+00
7.720840351206723184e+00
7.659930585996420405e+00
7.599068307343770812e+00
7.538263988320261788e+00
7.477527981699133797e+00
7.416870515631385885e+00
7.356301689472947380e+00
7.295831469766135058e+00
7.235469686378202425e+00
7.175226028799454703e+00
7.115110042603150831e+00
7.055131126069063896e+00
6.995298526972314690e+00
6.935621339538732499e+00
6.876108501567809839e+00
6.816768791723911924e+00
6.757610826996175213e+00
6.698643060327300169e+00
6.639873778411025995e+00
6.581311099658000430e+00
6.522962972329292342e+00
6.464837172836741530e+00
6.406941304208938703e+00
6.349282794721473167e+00
6.291868896689869928e+00
6.234706685423341277e+00
6.177803058337360653e+00
6.121164734222806381e+00
6.064798252669264755e+00
6.008709973639874136e+00
5.952906077194960233e+00
5.897392563361520956e+00
5.842175252145471731e+00
5.787259783683472492e+00
5.732651618530938187e+00
5.678356038082802648e+00
5.624378145123463568e+00
5.570722864502211102e+00
5.517394943930439055e+00
5.464398954896727112e+00
5.411739293695958963e+00
5.359420182568474189e+00
5.307445670945270422e+00
5.255819636795173722e+00
5.204545788069940393e+00
5.153627664243140671e+00
5.103068637938725338e+00
5.052871916645183425e+00
5.003040544511113907e+00
4.953577404218135527e+00
4.904485218927033152e+00
4.855766554293088788e+00
4.807423820546503634e+00
4.759459274633979220e+00
4.711875022417434167e+00
4.664673020926003666e+00
4.617855080657388811e+00
4.571422867924834321e+00
4.525377907245946574e+00
4.479721583769693538e+00
4.434455145737995707e+00
4.389579706978381068e+00
4.345096249424251766e+00
4.301005625659414022e+00
4.257308561483561071e+00
4.214005658495572959e+00
4.171097396691449077e+00
4.128584137073918470e+00
4.086466124270798694e+00
4.044743489159251304e+00
4.003416251493192135e+00
3.962484322531278025e+00
3.921947507662833843e+00
3.881805509029344847e+00
3.842057928139132272e+00
3.802704268472954396e+00
3.763743938078382811e+00
3.725176252150880885e+00
3.687000435599624648e+00
3.649215625596170298e+00
3.611820874104200385e+00
3.574815150388662488e+00
3.538197343502696768e+00
3.501966264750821178e+00
3.466120650126970126e+00
3.430659162726065858e+00
3.395580395127832052e+00
3.360882871751711853e+00
3.326565051181789912e+00
3.292625328460724532e+00
3.259062037351734276e+00
3.225873452567811661e+00
3.193057791967367720e+00
3.160613218715597750e+00
3.128537843410942543e+00
3.096829726176045128e+00
3.065486878712722962e+00
3.034507266320494612e+00
3.003888809878280775e+00
2.973629387788955469e+00
2.943726837886466718e+00
2.914178959305322891e+00
2.884983514312294162e+00
2.856138230100174091e+00
2.827640800543585353e+00
2.799488887916776303e+00
2.771680124573439485e+00
2.744212114588631568e+00
2.717082435362872417e+00
2.690288639188609388e+00
2.663828254779166294e+00
2.637698788760440394e+00
2.611897727125575663e+00
2.586422536652870807e+00
2.561270666287247977e+00
2.536439548485589057e+00
2.511926600526318332e+00
2.487729225783590348e+00
2.463844814966472008e+00
2.440270747323586065e+00
2.417004391813581954e+00
2.394043108241955764e+00
2.371384248364649228e+00
2.349025156958916227e+00
2.326963172861978180e+00
2.305195629977949245e+00
2.283719858253574486e+00
2.262533184623285898e+00
2.241632933924135429e+00
2.221016429781145440e+00
2.200680995463611289e+00
2.180623954712936907e+00
2.160842632542540720e+00
2.141334356010406559e+00
2.122096454964838230e+00
2.103126262764007492e+00
2.084421116969806143e+00
2.065978360016654136e+00
2.047795339855754904e+00
2.029869410575385835e+00
2.012197932997821237e+00
1.994778275253393574e+00
1.977607813332296072e+00
1.960683931614648046e+00
1.944004023379380275e+00
1.927565491292509980e+00
1.911365747875301224e+00
1.895402215952875835e+00
1.879672329083783344e+00
1.864173531971076825e+00
1.848903280855378251e+00
1.833859043890441409e+00
1.819038301501750166e+00
1.804438546728600823e+00
1.790057285550170629e+00
1.775892037196055817e+00
1.761940334441720601e+00
1.748199723889361401e+00
1.734667766234589514e+00
1.721342036519402985e+00
1.708220124371868653e+00
1.695299634232957597e+00
1.682578185570919205e+00
1.670053413083635308e+00
1.657722966889310978e+00
1.645584512705934088e+00
1.633635732019860232e+00
1.621874322243871180e+00
1.610297996865120540e+00
1.598904485583283019e+00
1.587691534439243046e+00
1.576656905934668229e+00
1.565798379142820718e+00
1.555113749810866697e+00
1.544600830454033957e+00
1.534257450441896431e+00
1.524081456077075014e+00
1.514070710666653552e+00
1.504223094586548681e+00
1.494536505339140842e+00
1.485008857604383170e+00
1.475638083284644297e+00
1.466422131543556162e+00
1.457358968839052249e+00
1.448446578950848274e+00
1.439682963002573146e+00
1.431066139478758936e+00
1.422594144236910108e+00
1.414265030514788801e+00
1.406076868933189061e+00
1.398027747494297923e+00
1.390115771575877623e+00
1.382339063921396605e+00
1.374695764626302719e+00
1.367184031120550980e+00
1.359802038147580161e+00
1.352547977739851026e+00
1.345420059191090312e+00
1.338416509025378787e+00
1.331535570963207737e+00
1.324775505884598914e+00
1.318134591789457799e+00
1.311611123755213271e+00
1.305203413891879327e+00
1.298909791294651894e+00
1.292728601994107551e+00
1.286658208904107425e+00
1.280696991767526161e+00
1.274843347099827717e+00
1.269095688130635891e+00
1.263452444743322634e+00
1.257912063412742310e+00
1.252473007141110317e+00
1.247133755392187293e+00
1.241892804023726482e+00
1.236748665218349919e+00
1.231699867412835436e+00
1.226744955225904654e+00
1.221882489384560122e+00
1.217111046649020034e+00
1.212429219736301800e+00
1.207835617242513759e+00
1.203328863563857487e+00
1.198907598816447262e+00
1.194570478754914511e+00
1.190316174689921125e+00
1.186143373404523027e+00
1.182050777069506120e+00
1.178037103157682841e+00
1.174101084357179747e+00
1.170241468483781411e+00
1.166457018392328182e+00
1.162746511887210676e+00
1.159108741631993844e+00
1.155542515058182618e+00
1.152046654273187309e+00
1.148619995967482765e+00
1.145261391320988587e+00
1.141969705908715049e+00
1.138743819605698482e+00
1.135582626491220104e+00
1.132485034752356512e+00
1.129449966586888454e+00
1.126476358105559461e+00
1.123563159233748721e+00
1.120709333612544656e+00
1.117913858499244073e+00
1.115175724667318180e+00
1.112493936305851250e+00
1.109867510918464806e+00
1.107295479221768630e+00
1.104776885043335710e+00
1.102310785219239753e+00
1.099896249491147282e+00
1.097532360403034257e+00
1.095218213197483692e+00
1.092952915711632000e+00
1.090735588272761181e+00
1.088565363593554824e+00
1.086441386667051701e+00
1.084362814661304020e+00
1.082328816813759031e+00
1.080338574325390821e+00
1.078391280254583418e+00
1.076486139410828935e+00
1.074622368248183690e+00
1.072799194758597530e+00
1.071015858365031992e+00
1.069271609814474333e+00
1.067565711070816770e+00
1.065897435207634025e+00
1.064266066300884050e+00
1.062670899321528362e+00
1.061111240028126179e+00
1.059586404859391040e+00
1.058095720826743635e+00
1.056638525406868423e+00
1.055214166434311762e+00
1.053822001994119795e+00
1.052461400314554707e+00
1.051131739659870945e+00
1.049832408223239533e+00
1.048562804019750105e+00
1.047322334779584807e+00
1.046110417841343621e+00
1.044926480045541339e+00
1.043769957628302603e+00
1.042640296115289855e+00
1.041536950215826041e+00
1.040459383717302622e+00
1.039407069379839399e+00
1.038379488831222774e+00
1.037376132462156875e+00
1.036396499321829756e+00
1.035440097013806238e+00
1.034506441592291326e+00
1.033595057458745581e+00
1.032705477258888616e+00
1.031837241780108050e+00
1.030989899849285019e+00
1.030163008231049115e+00
1.029356131526471874e+00
1.028568842072238088e+00
1.027800719840287202e+00
1.027051352337938761e+00
1.026320334508542542e+00
1.025607268632629410e+00
1.024911764229601063e+00
1.024233437959971793e+00
1.023571913528170452e+00
1.022926821585900647e+00
1.022297799636107785e+00
1.021684491937530082e+00
1.021086549409853328e+00
1.020503629539511348e+00
1.019935396286087537e+00
1.019381519989380092e+00
1.018841677277113833e+00
1.018315550973313055e+00
1.017802830007357384e+00
1.017303209323718871e+00
1.016816389792383424e+00
1.016342078119981895e+00
1.015879986761625275e+00
1.015429833833464857e+00
1.014991343025986037e+00
1.014564243518017994e+00
1.014148269891493870e+00
1.013743162046957247e+00
1.013348665119840675e+00
1.012964529397473390e+00
1.012590510236892838e+00
1.012226367983387165e+00
1.011871867889861276e+00
1.011526780036951401e+00
1.011190879253947683e+00
1.010863945040487710e+00
1.010545761489077154e+00
1.010236117208376472e+00
1.009934805247320044e+00
1.009641623020016032e+00
1.009356372231466903e+00
1.009078858804114853e+00
1.008808892805166391e+00
1.008546288374763567e+00
1.008290863654958125e+00
1.008042440719499888e+00
1.007800845504450482e+00
1.007565907739619737e+00
1.007337460880805891e+00
1.007115342042864681e+00
1.006899391933609111e+00
1.006689454788507021e+00
1.006485378306213541e+00
1.006287013584904244e+00
1.006094215059440300e+00
1.005906840439337646e+00
1.005724750647554400e+00
1.005547809760081401e+00
1.005375884946349885e+00
1.005208846410438284e+00
1.005046567333088836e+00
1.004888923814507340e+00
1.004735794817995576e+00
1.004587062114328910e+00
1.004442610226972121e+00
1.004302326378041510e+00
1.004166100435083253e+00
1.004033824858600932e+00
1.003905394650381311e+00
1.003780707302573516e+00
1.003659662747557135e+00
1.003542163308529078e+00
1.003428113650887132e+00
1.003317420734348930e+00
1.003209993765804331e+00
1.003105744152929635e+00
1.003004585458524112e+00
1.002906433355572391e+00
1.002811205583039600e+00
1.002718821902380375e+00
1.002629204054751977e+00
1.002542275718944831e+00
1.002457962470005848e+00
1.002376191738554079e+00
1.002296892770784265e+00
1.002219996589148066e+00
1.002145435953718744e+00
1.002073145324205328e+00
1.002003060822645342e+00
1.001935120196738582e+00
1.001869262783832371e+00
1.001805429475549847e+00
1.001743562683041100e+00
1.001683606302865792e+00
1.001625505683503503e+00
1.001569207592465593e+00
1.001514660184007477e+00
1.001461812967456400e+00
1.001410616776105211e+00
1.001361023736714095e+00
1.001312987239567187e+00
1.001266461909121608e+00
1.001221403575185187e+00
1.001177769244688154e+00
1.001135517073959980e+00
1.001094606341591531e+00
1.001054997421787496e+00
1.001016651758263487e+00
1.000979531838673608e+00
1.000943601169520969e+00
1.000908824251591112e+00
1.000875166555883711e+00
1.000842594500021221e+00
1.000811075425139807e+00
1.000780577573270547e+00
1.000751070065174275e+00
1.000722522878640941e+00
1.000694906827246156e+00
1.000668193539544060e+00
1.000642355438718045e+00
1.000617365722646035e+00
1.000593198344398971e+00
1.000569827993167404e+00
1.000547230075574889e+00
1.000525380697425915e+00
1.000504256645836643e+00
1.000483835371759334e+00
1.000464094972893569e+00
1.000445014176975178e+00
1.000426572325442853e+00
1.000408749357460492e+00
1.000391525794309455e+00
1.000374882724119674e+00
1.000358801786968455e+00
1.000343265160307249e+00
1.000328255544711720e+00
1.000313756149985078e+00
1.000299750681567401e+00
1.000286223327264024e+00
1.000273158744275914e+00
1.000260542046568224e+00
1.000248358792480641e+00
1.000236594972691684e+00
1.000225236998426359e+00
1.000214271689965795e+00
1.000203686265430214e+00
1.000193468329824364e+00
1.000183605864363390e+00
1.000174087216049834e+00
1.000164901087505109e+00
1.000156036527050984e+00
1.000147482919041320e+00
1.000139229974426058e+00
1.000131267721561912e+00
1.000123586497234207e+00
1.000116176937922319e+00
1.000109029971272046e+00
1.000102136807795361e+00
1.000095488932775112e+00
1.000089078098368445e+00
1.000082896315934500e+00
1.000076935848537518e+00
1.000071189203648681e+00
1.000065649126052447e+00
1.000060308590916325e+00
1.000055160797058473e+00
1.000050199160378073e+00
1.000045417307473761e+00
1.000040809069418613e+00
1.000036368475707427e+00
1.000032089748360775e+00
1.000027967296193587e+00
1.000023995709228064e+00
1.000020169753267796e+00
1.000016484364608216e+00
1.000012934644904261e+00
1.000009515856164821e+00
1.000006223415889517e+00
1.000003052892339150e+00
9.999999999999363842e-01
