3.629978933315131684e+01
3.629796151435046880e+01
3.629247806936269427e+01
3.628333906033467571e+01
3.627054464882340312e+01
3.625409514544265477e+01
3.623399105943337162e+01
3.621023314812589433e+01
3.618282246625831533e+01
3.615176041511196559e+01
3.611704879142165936e+01
3.607868983601449031e+01
3.603668628212852809e+01
3.599104140335871449e+01
3.594175906117460073e+01
3.588884375195150511e+01
3.583230065345372140e+01
3.577213567070569411e+01
3.570835548118441238e+01
3.564096757926401438e+01
3.556998031984113595e+01
3.549540296106773241e+01
3.541724570611593492e+01
3.533551974389830264e+01
3.525023728866508321e+01
3.516141161839925644e+01
3.506905711192901265e+01
3.497318928467711174e+01
3.487382482296591490e+01
3.477098161679720079e+01
3.466467879102602012e+01
3.455493673484865980e+01
3.444177712952568271e+01
3.432522297426243085e+01
3.420529861017097062e+01
3.408202974223949866e+01
3.395544345923784846e+01
3.382556825148992630e+01
3.369243402644773511e+01
3.355607212200422396e+01
3.341651531748683368e+01
3.327379784227697712e+01
3.312795538200560230e+01
3.297902508227957696e+01
3.282704554989859247e+01
3.267205685152784866e+01
3.251410050979725241e+01
3.235321949680361087e+01
3.218945822499884457e+01
3.202286253545300809e+01
3.185347968348791170e+01
3.168135832168336563e+01
3.150654848026537636e+01
3.132910154489205112e+01
3.114907023186032120e+01
3.096650856076351133e+01
3.078147182463684572e+01
3.059401655763511130e+01
3.040420050029363708e+01
3.021208256243077273e+01
3.001772278375682035e+01
2.982118229226108497e+01
2.962252326045521045e+01
2.942180885955736613e+01
2.921910321170776825e+01
2.901447134031196384e+01
2.880797911861383298e+01
2.859969321660533126e+01
2.838968104638491852e+01
2.817801070608122771e+01
2.796475092246236471e+01
2.774997099235507392e+01
2.753374072300123032e+01
2.731613037148189704e+01
2.709721058334150001e+01
2.687705233054658294e+01
2.665572684891499833e+01
2.643330557515228207e+01
2.620986008363241382e+01
2.598546202306008368e+01
2.576018305315099255e+01
2.553409478146592093e+01
2.530726870053247524e+01
2.507977612538673284e+01
2.485168813166463764e+01
2.462307549436979670e+01
2.439400862744177800e+01
2.416455752424461068e+01
2.393479169909175042e+01
2.370478012991915762e+01
2.347459120221355633e+01
2.324429265429782632e+01
2.301395152407040712e+01
2.278363409728992650e+01
2.255340585749065241e+01
2.232333143760832428e+01
2.209347457339001153e+01
2.186389805865528047e+01
2.163466370246979409e+01
2.140583228828588602e+01
2.117746353509847523e+01
2.094961606065807658e+01
2.072234734677619272e+01
2.049571370675228010e+01
2.026977025494474915e+01
2.004457087850257579e+01
1.982016821126780570e+01
1.959661360985324663e+01
1.937395713189401647e+01
1.915224751646562495e+01
1.893153216665617933e+01
1.871185713427475505e+01
1.849326710667324747e+01
1.827580539565387241e+01
1.805951392843032011e+01
1.784443324060604041e+01
1.763060247112920109e+01
1.741805935918014470e+01
1.720684024294369152e+01
1.699698006021530006e+01
1.678851235078757043e+01
1.658146926056041437e+01
1.637588154731635370e+01
1.617177858810000757e+01
1.596918838813929753e+01
1.576813759124397940e+01
1.556865149161638051e+01
1.537075404700766867e+01
1.517446789315254208e+01
1.497981435941470174e+01
1.478681348557488029e+01
1.459548403969349017e+01
1.440584353697986053e+01
1.421790825960038518e+01
1.403169327735848881e+01
1.384721246918001469e+01
1.366447854533836370e+01
1.348350307035492790e+01
1.330429648651136532e+01
1.312686813791165363e+01
1.295122629503309142e+01
1.277737817970724521e+01
1.260532999047310909e+01
1.243508692824663164e+01
1.226665322225250954e+01
1.210003215616601047e+01
1.193522609441431293e+01
1.177223650858901571e+01
1.161106400392330684e+01
1.145170834578931363e+01
1.129416848617308133e+01
1.113844259008688375e+01
1.098452806188033470e+01
1.083242157141390472e+01
1.068211908006060895e+01
1.053361586650330217e+01
1.038690655229731519e+01
1.024198512716994891e+01
1.009884497403027481e+01
9.957478893664598374e+00
9.817879129094798429e+00
9.680037389578526330e+00
9.543944874231890196e+00
9.409592295257308336e+00
9.276969900760317245e+00
9.146067497141322278e+00
9.016874471049202810e+00
8.889379810885737143e+00
8.763572127850876470e+00
8.639439676520330735e+00
8.516970374948343192e+00
8.396151824289765031e+00
8.276971327936514911e+00
8.159415910165019881e+00
8.043472334291969617e+00
7.929127120336900703e+00
7.816366562191157108e+00
7.705176744293416036e+00
7.595543557813131841e+00
7.487452716343846681e+00
7.380889771109114150e+00
7.275840125684533533e+00
7.172289050239946562e+00
7.070221695306534215e+00
6.969623105074008507e+00
6.870478230223686644e+00
6.772771940303744742e+00
6.676489035653116133e+00
6.581614258881225865e+00
6.488132305910887077e+00
6.396027836591922977e+00
6.305285484893732750e+00
6.215889868684660868e+00
6.127825599106861532e+00
6.041077289555047969e+00
5.955629564268001275e+00
5.871467066541501190e+00
5.788574466571921207e+00
5.706936468939159290e+00
5.626537819738307356e+00
5.547363313368990134e+00
5.469397798991491477e+00
5.392626186658945997e+00
5.317033453134396126e+00
5.242604647402163920e+00
5.169324895882094317e+00
5.097179407355936220e+00
5.026153477614643705e+00
4.956232493835158515e+00
4.887401938695602688e+00
4.819647394237247084e+00
4.752954545481742343e+00
4.687309183811967372e+00
4.622697210124484535e+00
4.559104637761860701e+00
4.496517595232528919e+00
4.434922328726064400e+00
4.374305204431353289e+00
4.314652710665153990e+00
4.255951459818183125e+00
4.198188190126015407e+00
4.141349767271513826e+00
4.085423185825725056e+00
4.030395570533715777e+00
3.976254177451900240e+00
3.922986394942974187e+00
3.870579744534716760e+00
3.819021881648470007e+00
3.768300596203116193e+00
3.718403813100131572e+00
3.669319592595171819e+00
3.621036130561491095e+00
3.573541758650216060e+00
3.526824944352582314e+00
3.480874290968793972e+00
3.435678537488298545e+00
3.391226558385829648e+00
3.347507363337692166e+00
3.304510096862486535e+00
3.262224037890263162e+00
3.220638599264087798e+00
3.179743327177809498e+00
3.139527900553740203e+00
3.099982130363603261e+00
3.061095958896362657e+00
3.022859458976042024e+00
2.985262833132781957e+00
2.948296412730120331e+00
2.911950657051416869e+00
2.876216152348268107e+00
2.841083610853551100e+00
2.806543869761698673e+00
2.772587890178741965e+00
2.739206756044452185e+00
2.706391673028821110e+00
2.674133967405243339e+00
2.642425084902255250e+00
2.611256589536089301e+00
2.580620162425744102e+00
2.550507600592590407e+00
2.520910815746150835e+00
2.491821833057788815e+00
2.463232789923851307e+00
2.435135934719925288e+00
2.407523625547481227e+00
2.380388328974425427e+00
2.353722618770887287e+00
2.327519174641334399e+00
2.301770780954456974e+00
2.276470325471797729e+00
2.251610798076158826e+00
2.227185289500982712e+00
2.203186990061545281e+00
2.179609188388882401e+00
2.156445270167356654e+00
2.133688716876660507e+00
2.111333104539071748e+00
2.089372102472552228e+00
2.067799472050532383e+00
2.046609065468962818e+00
2.025794824521138349e+00
2.005350779381053439e+00
1.985271047395592792e+00
1.965549831886243215e+00
1.946181420960623853e+00
1.927160186334352154e+00
1.908480582163614159e+00
1.890137143888758642e+00
1.872124487089316336e+00
1.854437306350676939e+00
1.837070374142761420e+00
1.820018539710861916e+00
1.803276727978956995e+00
1.786839938465640820e+00
1.770703244212874061e+00
1.754861790727736626e+00
1.739310794937243942e+00
1.724045544156373566e+00
1.709061395069497724e+00
1.694353772725131435e+00
1.679918169544139861e+00
1.665750144341529015e+00
1.651845321361661512e+00
1.638199389327081423e+00
1.624808100500886310e+00
1.611667269762599775e+00
1.598772773697553440e+00
1.586120549699736149e+00
1.573706595088060656e+00
1.561526966235970537e+00
1.549577777714306936e+00
1.537855201447394737e+00
1.526355465882210938e+00
1.515074855170584378e+00
1.504009708364199227e+00
1.493156418622518800e+00
1.482511432433206933e+00
1.472071248845175706e+00
1.461832418713976178e+00
1.451791543959397135e+00
1.441945276835258749e+00
1.432290319211057650e+00
1.422823421865409665e+00
1.413541383791128592e+00
1.404441051511807093e+00
1.395519318409606857e+00
1.386773124064237583e+00
1.378199453602848568e+00
1.369795337060731644e+00
1.361557848752518396e+00
1.353484106653940700e+00
1.345571271793730483e+00
1.337816547655576560e+00
1.330217179589983534e+00
1.322770454235832283e+00
1.315473698951421744e+00
1.308324281254813926e+00
1.301319608273395101e+00
1.294457126202339214e+00
1.287734319771872249e+00
1.281148711723150369e+00
1.274697862292540229e+00
1.268379368704182664e+00
1.262190864670544421e+00
1.256130019901021910e+00
1.250194539618072698e+00
1.244382164081090369e+00
1.238690668117510274e+00
1.233117860661252507e+00
1.227661584298168185e+00
1.222319714818358660e+00
1.217090160775336827e+00
1.211970863051629266e+00
1.206959794430904731e+00
1.202054959176391380e+00
1.197254392615341834e+00
1.192556160729574044e+00
1.187958359751800419e+00
1.183459115767711678e+00
1.179056584323574297e+00
1.174748950039357753e+00
1.170534426227085145e+00
1.166411254514402751e+00
1.162377704473260831e+00
1.158432073253435446e+00
1.154572685220996764e+00
1.150797891601390344e+00
1.147106070127204003e+00
1.143495624690357371e+00
1.139964984998761865e+00
1.136512606237217948e+00
1.133136968732510130e+00
1.129836577622657323e+00
1.126609962530105591e+00
1.123455677238902828e+00
1.120372299375633762e+00
1.117358430094199218e+00
1.114412693764195161e+00
1.111533737662922849e+00
1.108720231670905942e+00
1.105970867970881066e+00
1.103284360750143467e+00
1.100659445906212230e+00
1.098094880755754454e+00
1.095589443746715741e+00
1.093141934173511576e+00
1.090751171895404159e+00
1.088415997057778029e+00
1.086135269816499216e+00
1.083907870065078161e+00
1.081732697164793588e+00
1.079608669677595056e+00
1.077534725101799928e+00
1.075509819610510176e+00
1.073532927792746117e+00
1.071603042397252015e+00
1.069719174078861634e+00
1.067880351147557416e+00
1.066085619319957267e+00
1.064334041473441683e+00
1.062624697402713592e+00
1.060956683578791804e+00
1.059329112910524229e+00
1.057741114508460312e+00
1.056191833451094242e+00
1.054680430553500692e+00
1.053206082138302246e+00
1.051767979808951203e+00
1.050365330225292659e+00
1.048997354881429089e+00
1.047663289885839344e+00
1.046362385743712098e+00
1.045093907141544598e+00
1.043857132733921000e+00
1.042651354932472740e+00
1.041475879697048690e+00
1.040330026329030488e+00
1.039213127266770620e+00
1.038124527883267145e+00
1.037063586285797534e+00
1.036029673117824235e+00
1.035022171362906862e+00
1.034040476150748900e+00
1.033083994565296537e+00
1.032152145454902747e+00
1.031244359244608333e+00
1.030360077750381853e+00
1.029498753995454541e+00
1.028659852028705357e+00
1.027842846745028682e+00
1.027047223707667545e+00
1.026272478972696911e+00
1.025518118915333954e+00
1.024783660058349533e+00
1.024068628902440103e+00
1.023372561758486343e+00
1.022695004581875455e+00
1.022035512808762148e+00
1.021393651194182350e+00
1.020768993652232171e+00
1.020161123098057621e+00
1.019569631291843637e+00
1.018994118684696026e+00
1.018434194266393922e+00
1.017889475415066913e+00
1.017359587748751348e+00
1.016844164978801812e+00
1.016342848765234175e+00
1.015855288573819237e+00
1.015381141535112164e+00
1.014920072305308008e+00
1.014471752928888248e+00
1.014035862703126734e+00
1.013612088044398174e+00
1.013200122356253230e+00
1.012799665899352108e+00
1.012410425663117230e+00
1.012032115239162477e+00
1.011664454696534765e+00
1.011307170458625171e+00
1.010959995181891946e+00
1.010622667636273730e+00
1.010294932587274763e+00
1.009976540679885071e+00
1.009667248324010336e+00
1.009366817581774711e+00
1.009075016056339980e+00
1.008791616782457545e+00
1.008516398118636692e+00
1.008249143640978618e+00
1.007989642038601641e+00
1.007737687010639149e+00
1.007493077164914430e+00
1.007255615918151603e+00
1.007025111397733097e+00
1.006801376345040522e+00
1.006584228020340088e+00
1.006373488109174152e+00
1.006168982630274433e+00
1.005970541844995791e+00
1.005778000168193964e+00
1.005591196080626082e+00
1.005409972042770939e+00
1.005234174410099879e+00
1.005063653349765218e+00
1.004898262758767036e+00
1.004737860183427811e+00
1.004582306740331665e+00
1.004431467038565895e+00
1.004285209103400023e+00
1.004143404301222064e+00
1.004005927265833709e+00
1.003872655826123061e+00
1.003743470934893578e+00
1.003618256599133840e+00
1.003496899811417320e+00
1.003379290482627306e+00
1.003265321375942376e+00
1.003154888041963844e+00
1.003047888755091321e+00
1.002944224451113309e+00
1.002843798665950636e+00
1.002746517475539667e+00
1.002652289436885891e+00
1.002561025530257943e+00
1.002472639102499841e+00
1.002387045811405475e+00
1.002304163571192452e+00
1.002223912499092373e+00
1.002146214862953855e+00
1.002070995029858080e+00
1.001998179415855672e+00
1.001927696436619719e+00
1.001859476459156406e+00
1.001793451754438680e+00
1.001729556451087966e+00
1.001667726489930743e+00
1.001607899579542327e+00
1.001550015152722795e+00
1.001494014323792259e+00
1.001439839846933966e+00
1.001387436075264814e+00
1.001336748920876651e+00
1.001287725815700469e+00
1.001240315673203707e+00
1.001194468850879593e+00
1.001150137113645089e+00
1.001107273597929836e+00
1.001065832776651066e+00
1.001025770424836425e+00
1.000987043586132108e+00
1.000949610540003754e+00
1.000913430769642121e+00
1.000878464930595735e+00
1.000844674820202673e+00
1.000812023347571467e+00
1.000780474504354478e+00
1.000749993336133459e+00
1.000720545914507875e+00
1.000692099309764105e+00
1.000664621564263834e+00
1.000638081666357815e+00
1.000612449525012382e+00
1.000587695944918920e+00
1.000563792602311430e+00
1.000540712021258383e+00
1.000518427550604050e+00
1.000496913341363925e+00
1.000476144324764283e+00
1.000456096190765809e+00
1.000436745367080382e+00
1.000418068998768950e+00
1.000400044928277499e+00
1.000382651675993495e+00
1.000365868421273952e+00
1.000349674983966430e+00
1.000334051806347935e+00
1.000318979935549635e+00
1.000304441006403477e+00
1.000290417224750428e+00
1.000276891351133068e+00
1.000263846684912528e+00
1.000251267048845483e+00
1.000239136773965587e+00
1.000227440684914537e+00
1.000216164085647952e+00
1.000205292745485641e+00
1.000194812885567108e+00
1.000184711165593265e+00
1.000174974671010908e+00
1.000165590900454760e+00
1.000156547753539904e+00
1.000147833519027696e+00
1.000139436863221487e+00
1.000131346818763811e+00
1.000123552773678259e+00
1.000116044460688025e+00
1.000108811946905263e+00
1.000101845623718289e+00
1.000095136196999857e+00
1.000088674677571898e+00
1.000082452371938269e+00
1.000076460873233097e+00
1.000070692052505317e+00
1.000065138050136193e+00
1.000059791267605025e+00
1.000054644359399392e+00
1.000049690225198074e+00
1.000044922002257586e+00
1.000040333058033859e+00
1.000035916982978668e+00
1.000031667583578310e+00
1.000027578875545942e+00
1.000023645077274148e+00
1.000019860603421407e+00
1.000016220058677074e+00
1.000012718231778175e+00
1.000009350089626325e+00
1.000006110771584744e+00
1.000002995584002630e+00
9.999999999948254725e-01
