1.694312548143193320e+00
1.694298544778356064e+00
1.694256534698664662e+00
1.694186517984815232e+00
1.694088494846613502e+00
1.693962465687521846e+00
1.693808431169196993e+00
1.693626392276009307e+00
1.693416350379541857e+00
1.693178307303062402e+00
1.692912265385957182e+00
1.692618227548122967e+00
1.692296197354305587e+00
1.691946179078376744e+00
1.691568177767536874e+00
1.691162199306434522e+00
1.690728250481190686e+00
1.690266339043312360e+00
1.689776473773486165e+00
1.689258664545232325e+00
1.688712922388410753e+00
1.688139259552558613e+00
1.687537689570042465e+00
1.686908227319012354e+00
1.686250889086136073e+00
1.685565692629095835e+00
1.684852657238830709e+00
1.684111803801498830e+00
1.683343154860146740e+00
1.682546734676057198e+00
1.681722569289759495e+00
1.680870686581674267e+00
1.679991116332375745e+00
1.679083890282439206e+00
1.678149042191859674e+00
1.677186607899008308e+00
1.676196625379103411e+00
1.675179134802172953e+00
1.674134178590478195e+00
1.673061801475371979e+00
1.671962050553565504e+00
1.670834975342776252e+00
1.669680627836722664e+00
1.668499062559445356e+00
1.667290336618917568e+00
1.666054509759921309e+00
1.664791644416152128e+00
1.663501805761531394e+00
1.662185061760685478e+00
1.660841483218566506e+00
1.659471143829184259e+00
1.658074120223412828e+00
1.656650492015844023e+00
1.655200341850655121e+00
1.653723755446458110e+00
1.652220821640100201e+00
1.650691632429377220e+00
1.649136283014639437e+00
1.647554871839244761e+00
1.645947500628835325e+00
1.644314274429402811e+00
1.642655301644111221e+00
1.640970694068842217e+00
1.639260566926436624e+00
1.637525038899596108e+00
1.635764232162415510e+00
1.633978272410516297e+00
1.632167288889745826e+00
1.630331414423419556e+00
1.628470785438068225e+00
1.626585541987666694e+00
1.624675827776313586e+00
1.622741790179330845e+00
1.620783580262761703e+00
1.618801352801229276e+00
1.616795266294143385e+00
1.614765482980214939e+00
1.612712168850264360e+00
1.610635493658292283e+00
1.608535630930792326e+00
1.606412757974281735e+00
1.604267055881029247e+00
1.602098709532957521e+00
1.599907907603701052e+00
1.597694842558799344e+00
1.595459710654009822e+00
1.593202711931720028e+00
1.590924050215445362e+00
1.588623933102396801e+00
1.586302571954106178e+00
1.583960181885091689e+00
1.581596981749561870e+00
1.579213194126136255e+00
1.576809045300584744e+00
1.574384765246569007e+00
1.571940587604387263e+00
1.569476749657713999e+00
1.566993492308330183e+00
1.564491060048845750e+00
1.561969700933409921e+00
1.559429666546413351e+00
1.556871211969181656e+00
1.554294595744667440e+00
1.551700079840142354e+00
1.549087929607900538e+00
1.546458413743975857e+00
1.543811804244890507e+00
1.541148376362437844e+00
1.538468408556520783e+00
1.535772182446053957e+00
1.533059982757948969e+00
1.530332097274198944e+00
1.527588816777084135e+00
1.524830434992515471e+00
1.522057248531540896e+00
1.519269556830040280e+00
1.516467662086627310e+00
1.513651869198795463e+00
1.510822485697326467e+00
1.507979821678999244e+00
1.505124189737624185e+00
1.502255904893442962e+00
1.499375284520920282e+00
1.496482648274969129e+00
1.493578318015644779e+00
1.490662617731345563e+00
1.487735873460562352e+00
1.484798413212214285e+00
1.481850566884618914e+00
1.478892666183133420e+00
1.475925044536519293e+00
1.472948037012070444e+00
1.469961980229556042e+00
1.466967212274025822e+00
1.463964072607525146e+00
1.460952901979773344e+00
1.457934042337855729e+00
1.454907836734979254e+00
1.451874629238350867e+00
1.448834764836226530e+00
1.445788589344190633e+00
1.442736449310717095e+00
1.439678691922073650e+00
1.436615664906621515e+00
1.433547716438572595e+00
1.430475195041256420e+00
1.427398449489963195e+00
1.424317828714412926e+00
1.421233681700920348e+00
1.418146357394305168e+00
1.415056204599614453e+00
1.411963571883714685e+00
1.408868807476813867e+00
1.405772259173974970e+00
1.402674274236678897e+00
1.399575199294499805e+00
1.396475380246952280e+00
1.393375162165568559e+00
1.390274889196267960e+00
1.387174904462077363e+00
1.384075549966260255e+00
1.380977166495917174e+00
1.377880093526109961e+00
1.374784669124574865e+00
1.371691229857074479e+00
1.368600110693451555e+00
1.365511644914435330e+00
1.362426164019260977e+00
1.359343997634152146e+00
1.356265473421722545e+00
1.353190916991349413e+00
1.350120651810570838e+00
1.347054999117556440e+00
1.343994277834703821e+00
1.340938804483407409e+00
1.337888893100049437e+00
1.334844855153258347e+00
1.331806999462480823e+00
1.328775632117912275e+00
1.325751056401827110e+00
1.322733572711352057e+00
1.319723478482724310e+00
1.316721068117069571e+00
1.313726632907741498e+00
1.310740460969258114e+00
1.307762837167869119e+00
1.304794043053786989e+00
1.301834356795117165e+00
1.298884053113513959e+00
1.295943403221594625e+00
1.293012674762135106e+00
1.290092131749077886e+00
1.287182034510372386e+00
1.284282639632674305e+00
1.281394199907921250e+00
1.278516964281807056e+00
1.275651177804174807e+00
1.272797081581338086e+00
1.269954912730352659e+00
1.267124904335248381e+00
1.264307285405232850e+00
1.261502280834879697e+00
1.258710111366305728e+00
1.255930993553348696e+00
1.253165139727747235e+00
1.250412757967328536e+00
1.247674052066207295e+00
1.244949221506994386e+00
1.242238461435015262e+00
1.239541962634538752e+00
1.236859911507008025e+00
1.234192490051271962e+00
1.231539875845808485e+00
1.228902242032934522e+00
1.226279757304990392e+00
1.223672585892489506e+00
1.221080887554222505e+00
1.218504817569298515e+00
1.215944526731115527e+00
1.213400161343235917e+00
1.210871863217159561e+00
1.208359769671967454e+00
1.205864013535822510e+00
1.203384723149304669e+00
1.200922022370558340e+00
1.198476030582232843e+00
1.196046862700187230e+00
1.193634629183940588e+00
1.191239436048837641e+00
1.188861384879904781e+00
1.186500572847371204e+00
1.184157092723826521e+00
1.181831032902980416e+00
1.179522477420005933e+00
1.177231505973424408e+00
1.174958193948508089e+00
1.172702612442167114e+00
1.170464828289289994e+00
1.168244904090499192e+00
1.166042898241297587e+00
1.163858864962563411e+00
1.161692854332364577e+00
1.159544912319057097e+00
1.157415080815631381e+00
1.155303397675268462e+00
1.153209896748079943e+00
1.151134607918984143e+00
1.149077557146687800e+00
1.147038766503741591e+00
1.145018254217621934e+00
1.143016034712813989e+00
1.141032118653850791e+00
1.139066512989276081e+00
1.137119220996492874e+00
1.135190242327462462e+00
1.133279573055213207e+00
1.131387205721127831e+00
1.129513129382968772e+00
1.127657329663606323e+00
1.125819788800414445e+00
1.124000485695295648e+00
1.122199395965302493e+00
1.120416491993818431e+00
1.118651742982260000e+00
1.116905115002272186e+00
1.115176571048373644e+00
1.113466071091024912e+00
1.111773572130081655e+00
1.110099028248599407e+00
1.108442390666957156e+00
1.106803607797268940e+00
1.105182625298047228e+00
1.103579386129087903e+00
1.101993830606547542e+00
1.100425896458178121e+00
1.098875518878690727e+00
1.097342630585220302e+00
1.095827161872855005e+00
1.094329040670212416e+00
1.092848192595021750e+00
1.091384541009694509e+00
1.089938007076849402e+00
1.088508509814769099e+00
1.087095966152761495e+00
1.085700290986397976e+00
1.084321397232607787e+00
1.082959195884600545e+00
1.081613596066594241e+00
1.080284505088326963e+00
1.078971828499329932e+00
1.077675470142935410e+00
1.076395332210006606e+00
1.075131315292361167e+00
1.073883318435872480e+00
1.072651239193227690e+00
1.071434973676325342e+00
1.070234416608294215e+00
1.069049461375112253e+00
1.067880000076815383e+00
1.066725923578274227e+00
1.065587121559526285e+00
1.064463482565646490e+00
1.063354894056143474e+00
1.062261242453867105e+00
1.061182413193413776e+00
1.060118290769016092e+00
1.059068758781907649e+00
1.058033699987148468e+00
1.057012996339902200e+00
1.056006529041151554e+00
1.055014178582848627e+00
1.054035824792483700e+00
1.053071346877067382e+00
1.052120623466518579e+00
1.051183532656449815e+00
1.050259952050340839e+00
1.049349758801098043e+00
1.048452829651989937e+00
1.047569040976953803e+00
1.046698268820270838e+00
1.045840388935602938e+00
1.044995276824385089e+00
1.044162807773575841e+00
1.043342856892755410e+00
1.042535299150573413e+00
1.041740009410540901e+00
1.040956862466168475e+00
1.040185733075442265e+00
1.039426495994645983e+00
1.038679026011517958e+00
1.037943197977751142e+00
1.037218886840829635e+00
1.036505967675207973e+00
1.035804315712828716e+00
1.035113806372981005e+00
1.034434315291502982e+00
1.033765718349327400e+00
1.033107891700374203e+00
1.032460711798788955e+00
1.031824055425534459e+00
1.031197799714335117e+00
1.030581822176977358e+00
1.029976000727968355e+00
1.029380213708561254e+00
1.028794339910143796e+00
1.028218258597002777e+00
1.027651849528456118e+00
1.027094992980372545e+00
1.026547569766070866e+00
1.026009461256610189e+00
1.025480549400472841e+00
1.024960716742647548e+00
1.024449846443117984e+00
1.023947822294760224e+00
1.023454528740657121e+00
1.022969850890834698e+00
1.022493674538423436e+00
1.022025886175259357e+00
1.021566373006918660e+00
1.021115022967203023e+00
1.020671724732077790e+00
1.020236367733066141e+00
1.019808842170114804e+00
1.019389039023928412e+00
1.018976850067785378e+00
1.018572167878841306e+00
1.018174885848925681e+00
1.017784898194837861e+00
1.017402099968154339e+00
1.017026387064548842e+00
1.016657656232634155e+00
1.016295805082338077e+00
1.015940732092811327e+00
1.015592336619883573e+00
1.015250518903069610e+00
1.014915180072135437e+00
1.014586222153232464e+00
1.014263548074602284e+00
1.013947061671868655e+00
1.013636667692913385e+00
1.013332271802352746e+00
1.013033780585617105e+00
1.012741101552641965e+00
1.012454143141178209e+00
1.012172814719729086e+00
1.011897026590122373e+00
1.011626689989723937e+00
1.011361717093298696e+00
1.011102021014531616e+00
1.010847515807207442e+00
1.010598116466068008e+00
1.010353738927342704e+00
1.010114300068966742e+00
1.009879717710494562e+00
1.009649910612709034e+00
1.009424798476943108e+00
1.009204301944111704e+00
1.008988342593468479e+00
1.008776842941089491e+00
1.008569726438091951e+00
1.008366917468598079e+00
1.008168341347445152e+00
1.007973924317654868e+00
1.007783593547662448e+00
1.007597277128317703e+00
1.007414904069661610e+00
1.007236404297485066e+00
1.007061708649678700e+00
1.006890748872375285e+00
1.006723457615896322e+00
1.006559768430507429e+00
1.006399615761986555e+00
1.006242934947013667e+00
1.006089662208387470e+00
1.005939734650073358e+00
1.005793090252092847e+00
1.005649667865254004e+00
1.005509407205733341e+00
1.005372248849516481e+00
1.005238134226695168e+00
1.005107005615635485e+00
1.004978806137016623e+00
1.004853479747747080e+00
1.004730971234766956e+00
1.004611226208734553e+00
1.004494191097608846e+00
1.004379813140130695e+00
1.004268040379205695e+00
1.004158821655198208e+00
1.004052106599135907e+00
1.003947845625832835e+00
1.003845989926936522e+00
1.003746491463900492e+00
1.003649302960888390e+00
1.003554377897615923e+00
1.003461670502130421e+00
1.003371135743536646e+00
1.003282729324670441e+00
1.003196407674726398e+00
1.003112127941838239e+00
1.003029847985626111e+00
1.002949526369702138e+00
1.002871122354147770e+00
1.002794595887960938e+00
1.002719907601479443e+00
1.002647018798782597e+00
1.002575891450076639e+00
1.002506488184062183e+00
1.002438772280295431e+00
1.002372707661535634e+00
1.002308258886091874e+00
1.002245391140166975e+00
1.002184070230201396e+00
1.002124262575220692e+00
1.002065935199192070e+00
1.002009055723386943e+00
1.001953592358758582e+00
1.001899513898331762e+00
1.001846789709611718e+00
1.001795389727009988e+00
1.001745284444295114e+00
1.001696444907064221e+00
1.001648842705243903e+00
1.001602449965616870e+00
1.001557239344380790e+00
1.001513184019739322e+00
1.001470257684527132e+00
1.001428434538870427e+00
1.001387689282888127e+00
1.001347997109430787e+00
1.001309333696860815e+00
1.001271675201875988e+00
1.001234998252379826e+00
1.001199279940395037e+00
1.001164497815025367e+00
1.001130629875468081e+00
1.001097654564074180e+00
1.001065550759461464e+00
1.001034297769680670e+00
1.001003875325433778e+00
1.000974263573348955e+00
1.000945443069310770e+00
1.000917394771846158e+00
1.000890100035569885e+00
1.000863540604689073e+00
1.000837698606563908e+00
1.000812556545332965e+00
1.000788097295596923e+00
1.000764304096163793e+00
1.000741160543858754e+00
1.000718650587394398e+00
1.000696758521305130e+00
1.000675468979947746e+00
1.000654766931562412e+00
1.000634637672401572e+00
1.000615066820923937e+00
1.000596040312051960e+00
1.000577544391498153e+00
1.000559565610153578e+00
1.000542090818547392e+00
1.000525107161369220e+00
1.000508602072059938e+00
1.000492563267469048e+00
1.000476978742578460e+00
1.000461836765293988e+00
1.000447125871303466e+00
1.000432834859001696e+00
1.000418952784482229e+00
1.000405468956597543e+00
1.000392372932083829e+00
1.000379654510752836e+00
1.000367303730752555e+00
1.000355310863891400e+00
1.000343666411030119e+00
1.000332361097539202e+00
1.000321385868822244e+00
1.000310731885904580e+00
1.000300390521086547e+00
1.000290353353663786e+00
1.000280612165709071e+00
1.000271158937920291e+00
1.000261985845532164e+00
1.000253085254289909e+00
1.000244449716488848e+00
1.000236071967072871e+00
1.000227944919799272e+00
1.000220061663461779e+00
1.000212415458177295e+00
1.000204999731731936e+00
1.000197808075988570e+00
1.000190834243354532e+00
1.000184072143306402e+00
1.000177515838976516e+00
1.000171159543796762e+00
1.000164997618198770e+00
1.000159024566373844e+00
1.000153235033087729e+00
1.000147623800551999e+00
1.000142185785351634e+00
1.000136916035426538e+00
1.000131809727109022e+00
1.000126862162212582e+00
1.000122068765177064e+00
1.000117425080262912e+00
1.000112926768802479e+00
1.000108569606495745e+00
1.000104349480763544e+00
1.000100262388146977e+00
1.000096304431757899e+00
1.000092471818777362e+00
1.000088760858004910e+00
1.000085167957450727e+00
1.000081689621981074e+00
1.000078322451003698e+00
1.000075063136204756e+00
1.000071908459327696e+00
1.000068855289996339e+00
1.000065900583584799e+00
1.000063041379127160e+00
1.000060274797273552e+00
1.000057598038283979e+00
1.000055008380068111e+00
1.000052503176261709e+00
1.000050079854347018e+00
1.000047735913809577e+00
1.000045468924336323e+00
1.000043276524050784e+00
1.000041156417785571e+00
1.000039106375393949e+00
1.000037124230096053e+00
1.000035207876862176e+00
1.000033355270830704e+00
1.000031564425760688e+00
1.000029833412519720e+00
1.000028160357604889e+00
1.000026543441695726e+00
1.000024980898240656e+00
1.000023471012075893e+00
1.000022012118073844e+00
1.000020602599823727e+00
1.000019240888342154e+00
1.000017925460812585e+00
1.000016654839355423e+00
1.000015427589825201e+00
1.000014242320636182e+00
1.000013097681616614e+00
1.000011992362888069e+00
1.000010925093773428e+00
1.000009894641728625e+00
1.000008899811302365e+00
1.000007939443117611e+00
1.000007012412881258e+00
1.000006117630416025e+00
1.000005254038713653e+00
1.000004420613016753e+00
1.000003616359917746e+00
1.000002840316482899e+00
1.000002091549397010e+00
1.000001369154130071e+00
1.000000672254124368e+00
1.000000000000001998e+00
