7.350045806516860125e+00
7.349868370231318337e+00
7.349336061756784666e+00
7.348448883173630541e+00
7.347206839890474406e+00
7.345609942307489426e+00
7.343658207478665823e+00
7.341351660772597043e+00
7.338690337531327934e+00
7.335674284726747985e+00
7.332303562613998515e+00
7.328578246381282746e+00
7.324498427795469446e+00
7.320064216842814275e+00
7.315275743364099803e+00
7.310133158683429500e+00
7.304636637229926066e+00
7.298786378151484122e+00
7.292582606919739696e+00
7.286025576925356795e+00
7.279115571062706458e+00
7.271852903302980842e+00
7.264237920254741354e+00
7.256271002710881213e+00
7.247952567180959704e+00
7.239283067407780159e+00
7.230262995867157372e+00
7.220892885249694082e+00
7.211173309923400332e+00
7.201104887375995744e+00
7.190688279635663704e+00
7.179924194669019322e+00
7.168813387755069932e+00
7.157356662833869620e+00
7.145554873828608322e+00
7.133408925939851208e+00
7.120919776910585419e+00
7.108088438260807607e+00
7.094915976490320020e+00
7.081403514248390429e+00
7.067552231468993362e+00
7.053363366470282614e+00
7.038838217016991194e+00
7.023978141344434434e+00
7.008784559142843484e+00
6.993258952500696068e+00
6.977402866805800130e+00
6.961217911602872732e+00
6.944705761406330780e+00
6.927868156467146932e+00
6.910706903492503272e+00
6.893223876317133403e+00
6.875421016525196549e+00
6.857300334021577015e+00
6.838863907551552934e+00
6.820113885167820911e+00
6.801052484643864915e+00
6.781681993832748390e+00
6.762004770970436951e+00
6.742023244922807912e+00
6.721739915375536611e+00
6.701157352966156999e+00
6.680278199357593927e+00
6.659105167252539204e+00
6.637641040348145616e+00
6.615888673230513106e+00
6.593850991208542567e+00
6.571530990086813517e+00
6.548931735877181914e+00
6.526056364448865388e+00
6.502908081116886230e+00
6.479490160168801971e+00
6.455805944329696011e+00
6.431858844165536659e+00
6.407652337425056466e+00
6.383189968320362340e+00
6.358475346746626400e+00
6.333512147441220819e+00
6.308304109082786937e+00
6.282855033330795536e+00
6.257168783806209333e+00
6.231249285014004435e+00
6.205100521208297693e+00
6.178726535200994796e+00
6.152131427114882811e+00
6.125319353082224971e+00
6.098294523889933316e+00
6.071061203572535980e+00
6.043623707954171032e+00
6.015986403140951566e+00
5.988153703965095609e+00
5.960130072382303190e+00
5.931920015823886061e+00
5.903528085505309164e+00
5.874958874692731925e+00
5.846217016929349697e+00
5.817307184223258432e+00
5.788234085198714851e+00
5.759002463212643086e+00
5.729617094438371083e+00
5.700082785918526795e+00
5.670404373589152947e+00
5.640586720277070754e+00
5.610634713672622453e+00
5.580553264279886960e+00
5.550347303346539363e+00
5.520021780775531184e+00
5.489581663020789648e+00
5.459031930969154622e+00
5.428377577810771015e+00
5.397623606900186388e+00
5.366775029610396430e+00
5.335836863182071177e+00
5.304814128570212617e+00
5.273711848290475679e+00
5.242535044267386368e+00
5.211288735686646412e+00
5.179977936853746634e+00
5.148607655061040234e+00
5.117182888465434232e+00
5.085708623978810294e+00
5.054189835173277245e+00
5.022631480203295418e+00
4.991038499746689006e+00
4.959415814966521729e+00
4.927768325495784474e+00
4.896100907446732542e+00
4.864418411446750135e+00
4.832725660702496207e+00
4.801027449094069866e+00
4.769328539300853542e+00
4.737633660960637982e+00
4.705947508863604689e+00
4.674274741182609105e+00
4.642619977741212267e+00
4.610987798320794973e+00
4.579382741008063640e+00
4.547809300584122028e+00
4.516271926956296312e+00
4.484775023633754465e+00
4.453322946247936898e+00
4.421920001118734511e+00
4.390570443867235717e+00
4.359278478075874652e+00
4.328048253996643169e+00
4.296883867308035398e+00
4.265789357921274672e+00
4.234768708836302409e+00
4.203825845047978405e+00
4.172964632502801585e+00
4.142188877106451450e+00
4.111502323782353585e+00
4.080908655581389155e+00
4.050411492842843408e+00
4.020014392406570103e+00
3.989720846876329219e+00
3.959534283934148746e+00
3.929458065705555558e+00
3.899495488175387159e+00
3.869649780653904525e+00
3.839924105292823686e+00
3.810321556650868580e+00
3.780845161308326929e+00
3.751497877530143743e+00
3.722282594976926262e+00
3.693202134463261732e+00
3.664259247762694294e+00
3.635456617458615369e+00
3.606796856840358334e+00
3.578282509843673687e+00
3.549916051034792464e+00
3.521699885637188387e+00
3.493636349600172331e+00
3.465727709708384729e+00
3.437976163731245816e+00
3.410383840611385331e+00
3.382952800691067186e+00
3.355685035975574770e+00
3.328582470432539964e+00
3.301646960326154456e+00
3.274880294585201135e+00
3.248284195203820168e+00
3.221860317673932883e+00
3.195610251448223416e+00
3.169535520432560816e+00
3.143637583506769140e+00
3.117917835072635313e+00
3.092377605628023218e+00
3.067018162366007772e+00
3.041840709797892117e+00
3.016846390399035904e+00
2.992036285276359564e+00
2.967411414856449881e+00
2.942972739593184173e+00
2.918721160693784622e+00
2.894657520862246258e+00
2.870782605059088333e+00
2.847097141276374810e+00
2.823601801326990124e+00
2.800297201647167000e+00
2.777183904111237389e+00
2.754262416857687690e+00
2.731533195125486202e+00
2.708996642099813279e+00
2.686653109766204750e+00
2.664502899772279498e+00
2.642546264296090630e+00
2.620783406920312864e+00
2.599214483511373075e+00
2.577839603102738408e+00
2.556658828781555037e+00
2.535672178577868863e+00
2.514879626355668751e+00
2.494281102705053321e+00
2.473876495834776090e+00
2.453665652464535718e+00
2.433648378716307903e+00
2.413824441004129184e+00
2.394193566921691385e+00
2.374755446127175595e+00
2.355509731224753267e+00
2.336456038642229505e+00
2.317593949504286321e+00
2.298923010500852460e+00
2.280442734750124156e+00
2.262152602655778999e+00
2.244052062757952992e+00
2.226140532577593589e+00
2.208417399453778351e+00
2.190882021373648847e+00
2.173533727794633386e+00
2.156371820458589106e+00
2.139395574197605399e+00
2.122604237731174237e+00
2.105997034454433425e+00
2.089573163217291807e+00
2.073331799094147776e+00
2.057272094144035890e+00
2.041393178160996413e+00
2.025694159414474171e+00
2.010174125379613930e+00
1.994832143457290652e+00
1.979667261683748070e+00
1.964678509429741649e+00
1.949864898089074039e+00
1.935225421756444186e+00
1.920759057894540156e+00
1.906464767990307285e+00
1.892341498200349470e+00
1.878388179985442941e+00
1.864603730734102793e+00
1.850987054375234253e+00
1.837537041979831587e+00
1.824252572351750201e+00
1.811132512607565470e+00
1.798175718745542717e+00
1.785381036203755878e+00
1.772747300407400362e+00
1.760273337305344077e+00
1.747957963895987010e+00
1.735799988742480426e+00
1.723798212477396730e+00
1.711951428296907718e+00
1.700258422444566264e+00
1.688717974684788015e+00
1.677328858766120145e+00
1.666089842874380000e+00
1.654999690075808161e+00
1.644057158750296566e+00
1.633261003014846890e+00
1.622609973137338457e+00
1.612102815940738232e+00
1.601738275197885475e+00
1.591515092016952959e+00
1.581432005217714432e+00
1.571487751698764423e+00
1.561681066795791217e+00
1.552010684631054405e+00
1.542475338454191824e+00
1.533073760974483113e+00
1.523804684684711530e+00
1.514666842176757067e+00
1.505658966449039404e+00
1.496779791205973931e+00
1.488028051149551390e+00
1.479402482263181495e+00
1.470901822087940847e+00
1.462524809991350594e+00
1.454270187428819971e+00
1.446136698197889148e+00
1.438123088685403506e+00
1.430228108107737039e+00
1.422450508744218300e+00
1.414789046163865693e+00
1.407242479445564687e+00
1.399809571391815499e+00
1.392489088736177161e+00
1.385279802344518085e+00
1.378180487410209709e+00
1.371189923643377995e+00
1.364306895454312496e+00
1.357530192131186197e+00
1.350858608012151851e+00
1.344290942651981791e+00
1.337826000983304287e+00
1.331462593472600542e+00
1.325199536271017386e+00
1.319035651360149330e+00
1.312969766692844154e+00
1.307000716329180356e+00
1.301127340567677315e+00
1.295348486071857597e+00
1.289663005992251144e+00
1.284069760083927481e+00
1.278567614819660081e+00
1.273155443498803940e+00
1.267832126351975841e+00
1.262596550641621240e+00
1.257447610758561263e+00
1.252384208314587966e+00
1.247405252231198691e+00
1.242509658824547225e+00
1.237696351886683255e+00
1.232964262763163399e+00
1.228312330427100640e+00
1.223739501549729880e+00
1.219244730567552892e+00
1.214826979746142621e+00
1.210485219240667432e+00
1.206218427153195938e+00
1.202025589586863674e+00
1.197905700696943132e+00
1.193857762738899542e+00
1.189880786113481470e+00
1.185973789408906409e+00
1.182135799440198198e+00
1.178365851285749111e+00
1.174662988321128809e+00
1.171026262250229877e+00
1.167454733133786116e+00
1.163947469415312685e+00
1.160503547944527369e+00
1.157122053998303590e+00
1.153802081299196036e+00
1.150542732031598625e+00
1.147343116855574330e+00
1.144202354918401499e+00
1.141119573863891290e+00
1.138093909839519302e+00
1.135124507501406477e+00
1.132210520017202793e+00
1.129351109066913716e+00
1.126545444841704269e+00
1.123792706040740885e+00
1.121092079866090385e+00
1.118442762015725345e+00
1.115843956674682058e+00
1.113294876504399955e+00
1.110794742630277776e+00
1.108342784627509348e+00
1.105938240505201620e+00
1.103580356688839359e+00
1.101268388001114484e+00
1.099001597641171113e+00
1.096779257162291410e+00
1.094600646448064207e+00
1.092465053687064813e+00
1.090371775346092642e+00
1.088320116141975102e+00
1.086309389012006577e+00
1.084338915083031152e+00
1.082408023639201078e+00
1.080516052088463130e+00
1.078662345927793309e+00
1.076846258707197190e+00
1.075067151992540992e+00
1.073324395327217573e+00
1.071617366192693099e+00
1.069945449967943718e+00
1.068308039887853056e+00
1.066704537000559672e+00
1.065134350123807749e+00
1.063596895800322573e+00
1.062091598252244307e+00
1.060617889334644959e+00
1.059175208488163822e+00
1.057763002690784049e+00
1.056380726408781001e+00
1.055027841546872347e+00
1.053703817397594111e+00
1.052408130589933100e+00
1.051140265037245447e+00
1.049899711884485720e+00
1.048685969454764777e+00
1.047498543195284793e+00
1.046336945622656778e+00
1.045200696267636120e+00
1.044089321619301014e+00
1.043002355068703979e+00
1.041939336852003128e+00
1.040899813993129364e+00
1.039883340245992160e+00
1.038889476036235271e+00
1.037917788402619168e+00
1.036967850937983382e+00
1.036039243729875770e+00
1.035131553300832286e+00
1.034244372548342117e+00
1.033377300684534150e+00
1.032529943175572118e+00
1.031701911680835471e+00
1.030892823991844010e+00
1.030102303971004885e+00
1.029329981490160861e+00
1.028575492368990929e+00
1.027838478313261250e+00
1.027118586852963533e+00
1.026415471280352820e+00
1.025728790587905781e+00
1.025058209406218612e+00
1.024403397941859417e+00
1.023764031915207928e+00
1.023139792498287681e+00
1.022530366252604406e+00
1.021935445067033710e+00
1.021354726095737631e+00
1.020787911696163563e+00
1.020234709367128678e+00
1.019694831686981162e+00
1.019167996251910457e+00
1.018653925614361855e+00
1.018152347221615628e+00
1.017662993354513379e+00
1.017185601066381118e+00
1.016719912122125757e+00
1.016265672937544995e+00
1.015822634518858125e+00
1.015390552402465341e+00
1.014969186594954165e+00
1.014558301513364569e+00
1.014157665925729424e+00
1.013767052891887177e+00
1.013386239704595404e+00
1.013015007830960768e+00
1.012653142854157640e+00
1.012300434415504879e+00
1.011956676156865464e+00
1.011621665663393177e+00
1.011295204406639447e+00
1.010977097688031678e+00
1.010667154582715055e+00
1.010365187883799809e+00
1.010071014046977522e+00
1.009784453135559090e+00
1.009505328765904375e+00
1.009233468053285288e+00
1.008968701558159431e+00
1.008710863232878729e+00
1.008459790368837039e+00
1.008215323544055853e+00
1.007977306571226306e+00
1.007745586446190389e+00
1.007520013296909767e+00
1.007300440332867808e+00
1.007086723794968108e+00
1.006878722905885093e+00
1.006676299820915554e+00
1.006479319579290044e+00
1.006287650055986971e+00
1.006101161914032094e+00
1.005919728557282067e+00
1.005743226083715580e+00
1.005571533239216775e+00
1.005404531371859811e+00
1.005242104386694368e+00
1.005084138701035412e+00
1.004930523200267434e+00
1.004781149194144518e+00
1.004635910373605778e+00
1.004494702768099268e+00
1.004357424703416601e+00
1.004223976760040937e+00
1.004094261731997451e+00
1.003968184586229828e+00
1.003845652422474588e+00
1.003726574433655649e+00
1.003610861866781612e+00
1.003498427984365282e+00
1.003389188026339696e+00
1.003283059172487723e+00
1.003179960505381496e+00
1.003079812973822538e+00
1.002982539356794600e+00
1.002888064227903220e+00
1.002796313920336857e+00
1.002707216492310760e+00
1.002620701693012650e+00
1.002536700929048674e+00
1.002455147231371191e+00
1.002375975222704163e+00
1.002299121085452382e+00
1.002224522530097639e+00
1.002152118764071398e+00
1.002081850461109980e+00
1.002013659731087802e+00
1.001947490090312032e+00
1.001883286432298847e+00
1.001820994999007786e+00
1.001760563352540379e+00
1.001701940347296871e+00
1.001645076102584353e+00
1.001589921975683639e+00
1.001536430535358013e+00
1.001484555535801402e+00
1.001434251891037519e+00
1.001385475649742673e+00
1.001338183970509554e+00
1.001292335097527131e+00
1.001247888336694425e+00
1.001204804032144624e+00
1.001163043543190412e+00
1.001122569221675418e+00
1.001083344389728458e+00
1.001045333317928332e+00
1.001008501203854539e+00
1.000972814151040113e+00
1.000938239148300823e+00
1.000904744049464057e+00
1.000872297553456747e+00
1.000840869184785653e+00
1.000810429274374469e+00
1.000780948940766413e+00
1.000752400071703629e+00
1.000724755306036107e+00
1.000697988016000073e+00
1.000672072289843451e+00
1.000646982914779493e+00
1.000622695360284586e+00
1.000599185761738896e+00
1.000576430904376313e+00
1.000554408207567025e+00
1.000533095709423614e+00
1.000512472051709123e+00
1.000492516465064874e+00
1.000473208754536047e+00
1.000454529285401017e+00
1.000436458969296893e+00
1.000418979250635054e+00
1.000402072093296901e+00
1.000385719967627818e+00
1.000369905837686924e+00
1.000354613148790595e+00
1.000339825815313111e+00
1.000325528208749537e+00
1.000311705146050389e+00
1.000298341878201214e+00
1.000285424079055963e+00
1.000272937834420395e+00
1.000260869631377281e+00
1.000249206347846531e+00
1.000237935242386467e+00
1.000227043944219796e+00
1.000216520443488522e+00
1.000206353081732225e+00
1.000196530542576401e+00
1.000187041842653057e+00
1.000177876322707826e+00
1.000169023638939780e+00
1.000160473754514223e+00
1.000152216931304849e+00
1.000144243721809767e+00
1.000136544961260920e+00
1.000129111759939793e+00
1.000121935495647429e+00
1.000115007806381406e+00
1.000108320583175114e+00
1.000101865963110459e+00
1.000095636322516857e+00
1.000089624270311894e+00
1.000083822641524955e+00
1.000078224490969614e+00
1.000072823087081231e+00
1.000067611905901099e+00
1.000062584625211581e+00
1.000057735118821345e+00
1.000053057450993821e+00
1.000048545871020211e+00
1.000044194807918396e+00
1.000039998865279722e+00
1.000035952816244578e+00
1.000032051598599425e+00
1.000028290310019052e+00
1.000024664203401414e+00
1.000021168682360795e+00
1.000017799296812449e+00
1.000014551738677593e+00
1.000011421837714742e+00
1.000008405557440971e+00
1.000005498991180852e+00
1.000002698358207764e+00
9.999999999999917843e-01
