2.684560756159383743e+01
2.684443354726702680e+01
2.684091151021046073e+01
2.683504148267643075e+01
2.682682354851013784e+01
2.681625786892014318e+01
2.680334470821540194e+01
2.678808445949472272e+01
2.677047767027331204e+01
2.675052506802934715e+01
2.672822758565234480e+01
2.670358638677339158e+01
2.667660289095621451e+01
2.664727879872637217e+01
2.661561611641480596e+01
2.658161718079049507e+01
2.654528468345582581e+01
2.650662169497698883e+01
2.646563168872063798e+01
2.642231856436692539e+01
2.637668667106801124e+01
2.632874083022017331e+01
2.627848635781671760e+01
2.622592908634826259e+01
2.617107538621597485e+01
2.611393218662303894e+01
2.605450699590872787e+01
2.599280792128949713e+01
2.592884368797068007e+01
2.586262365759259296e+01
2.579415784597451378e+01
2.572345694012008721e+01
2.565053231444787585e+01
2.557539604621107543e+01
2.549806093007070018e+01
2.541854049178726882e+01
2.533684900099645176e+01
2.525300148303518810e+01
2.516701372978557316e+01
2.507890230950489396e+01
2.498868457561149015e+01
2.489637867439740759e+01
2.480200355164027215e+01
2.470557895808855164e+01
2.460712545379595184e+01
2.450666441128269568e+01
2.440421801750340691e+01
2.429980927460337981e+01
2.419346199944732234e+01
2.408520082190699085e+01
2.397505118189643269e+01
2.386303932514638504e+01
2.374919229771159834e+01
2.363353793920799717e+01
2.351610487477884348e+01
2.339692250579244970e+01
2.327602099927638335e+01
2.315343127609625995e+01
2.302918499789018014e+01
2.290331455277267736e+01
2.277585303982511888e+01
2.264683425239240933e+01
2.251629266020889730e+01
2.238426339037905066e+01
2.225078220724161326e+01
2.211588549114864932e+01
2.197961021619357780e+01
2.184199392692510955e+01
2.170307471408646549e+01
2.156289118942190441e+01
2.142148245959475261e+01
2.127888809926363223e+01
2.113514812336557114e+01
2.099030295865670936e+01
2.084439341456320349e+01
2.069746065339662877e+01
2.054954615998967782e+01
2.040069171080936172e+01
2.025093934260610951e+01
2.010033132065825257e+01
1.994891010667200959e+01
1.979671832639806794e+01
1.964379873702595702e+01
1.949019419441809831e+01
1.933594762024505798e+01
1.918110196908378740e+01
1.902570019554022451e+01
1.886978522145708581e+01
1.871339990326709923e+01
1.855658699955115409e+01
1.839938913885968574e+01
1.824184878785457187e+01
1.808400821982741391e+01
1.792590948364859926e+01
1.776759437319993040e+01
1.760910439734175270e+01
1.745048075046369718e+01
1.729176428366607254e+01
1.713299547661674538e+01
1.697421441012626175e+01
1.681546073948138798e+01
1.665677366857509867e+01
1.649819192486824804e+01
1.633975373521594321e+01
1.618149680258870760e+01
1.602345828371607794e+01
1.586567476767762663e+01
1.570818225546352664e+01
1.555101614052431280e+01
1.539421119032656371e+01
1.523780152892876316e+01
1.508182062058881279e+01
1.492630125441200306e+01
1.477127553004583405e+01
1.461677484442530961e+01
1.446282987957001964e+01
1.430947059143183431e+01
1.415672619978961855e+01
1.400462517918526473e+01
1.385319525089293435e+01
1.370246337591147423e+01
1.355245574896784433e+01
1.340319779351751350e+01
1.325471415772597972e+01
1.310702871141381287e+01
1.296016454394598583e+01
1.281414396304485948e+01
1.266898849450469555e+01
1.252471888278427059e+01
1.238135509245303645e+01
1.223891631046522477e+01
1.209742094923523759e+01
1.195688665048690247e+01
1.181733028984837475e+01
1.167876798216382639e+01
1.154121508749256364e+01
1.140468621776570401e+01
1.126919524407026785e+01
1.113475530453025542e+01
1.100137881275408169e+01
1.086907746681782072e+01
1.073786225875347000e+01
1.060774348451179705e+01
1.047873075436934620e+01
1.035083300374945381e+01
1.022405850442743613e+01
1.009841487609049437e+01
9.973909098223289860e+00
9.850547522290696634e+00
9.728335884189577953e+00
9.607279316942356928e+00
9.487382363605400215e+00
9.368648990366178708e+00
9.251082599803735818e+00
9.134686044287798623e+00
9.019461639492485361e+00
8.905411178001559236e+00
8.792535942982764752e+00
8.680836721909772180e+00
8.570313820310930808e+00
8.460967075524994385e+00
8.352795870444809978e+00
8.245799147230666648e+00
8.139975420976131915e+00
8.035322793309745748e+00
7.931838965916963247e+00
7.829521253967616445e+00
7.728366599434856710e+00
7.628371584292395369e+00
7.529532443577798162e+00
7.431845078310208130e+00
7.335305068251786409e+00
7.239907684502813190e+00
7.145647901921281075e+00
7.052520411358371710e+00
6.960519631702078769e+00
6.869639721721799930e+00
6.779874591707493181e+00
6.691217914897539920e+00
6.603663138690171408e+00
6.517203495633880905e+00
6.431832014192799818e+00
6.347541529283621031e+00
6.264324692581119791e+00
6.182173982589990402e+00
6.101081714480921292e+00
6.021040049689622364e+00
5.942041005277735266e+00
5.864076463055060806e+00
5.787138178462932991e+00
5.711217789218974161e+00
5.636306823723703729e+00
5.562396709230011282e+00
5.489478779776585604e+00
5.417544283886908119e+00
5.346584392035525823e+00
5.276590203883661623e+00
5.207552755286410928e+00
5.139463025074119784e+00
5.072311941610478492e+00
5.006090389130402940e+00
4.940789213860607099e+00
4.876399229926188461e+00
4.812911225046541119e+00
4.750315966024063030e+00
4.688604204029307887e+00
4.627766679686240003e+00
4.567794127961363415e+00
4.508677282860677593e+00
4.450406881938265613e+00
4.392973670620603066e+00
4.336368406350558757e+00
4.280581862555173700e+00
4.225604832441296921e+00
4.171428132623228535e+00
4.118042606586421073e+00
4.065439127991421486e+00
4.013608603822141241e+00
3.962541977382562308e+00
3.912230231145972681e+00
3.862664389460825465e+00
3.813835521117202809e+00
3.765734741777944983e+00
3.718353216278376117e+00
3.671682160798577677e+00
3.625712844912075905e+00
3.580436593514805921e+00
3.535844788638076608e+00
3.491928871149333702e+00
3.448680342344324856e+00
3.406090765434320211e+00
3.364151766931950505e+00
3.322855037939082656e+00
3.282192335340210931e+00
3.242155482904722774e+00
3.202736372301253631e+00
3.163926964027486299e+00
3.125719288258374196e+00
3.088105445616011302e+00
3.051077607864109531e+00
3.014628018530014053e+00
2.978748993457108973e+00
2.943432921290519033e+00
2.908672263898680832e+00
2.874459556733608423e+00
2.840787409132293995e+00
2.807648504561905511e+00
2.775035600811126102e+00
2.742941530130096783e+00
2.711359199321240254e+00
2.680281589783251928e+00
2.649701757510398714e+00
2.619612833049305589e+00
2.590008021415267869e+00
2.560880601970069836e+00
2.532223928263253931e+00
2.504031427838718127e+00
2.476296602008502212e+00
2.449013025595390580e+00
2.422174346646193577e+00
2.395774286117233309e+00
2.369806637533621974e+00
2.344265266623970945e+00
2.319144110931880221e+00
2.294437179405728777e+00
2.270138551968055918e+00
2.246242379065963579e+00
2.222742881203741305e+00
2.199634348458917366e+00
2.176911139983061183e+00
2.154567683488327834e+00
2.132598474720866832e+00
2.110998076922246725e+00
2.089761120279754358e+00
2.068882301366703924e+00
2.048356382573516044e+00
2.028178191530586538e+00
2.008342620523743349e+00
1.988844625903104291e+00
1.969679227486182072e+00
1.950841507955834775e+00
1.932326612253945974e+00
1.914129746971458435e+00
1.896246179735300519e+00
1.878671238593008663e+00
1.861400311395487561e+00
1.844428845178541776e+00
1.827752345543669943e+00
1.811366376038697545e+00
1.795266557538588881e+00
1.779448567627064381e+00
1.763908139979299738e+00
1.748641063746217306e+00
1.733643182940665550e+00
1.718910395825929083e+00
1.704438654306815071e+00
1.690223963323741696e+00
1.676262380250008066e+00
1.662550014292604850e+00
1.649083025896790122e+00
1.635857626154681999e+00
1.622870076218059898e+00
1.610116686715626910e+00
1.597593817174906672e+00
1.585297875448900884e+00
1.573225317147731284e+00
1.561372645075395305e+00
1.549736408671735344e+00
1.538313203459735767e+00
1.527099670498332618e+00
1.516092495840728915e+00
1.505288409998321919e+00
1.494684187410376897e+00
1.484276645919399229e+00
1.474062646252342068e+00
1.464039091507668644e+00
1.454202926648232364e+00
1.444551138000126134e+00
1.435080752757359246e+00
1.425788838492495270e+00
1.416672502673173462e+00
1.407728892184540781e+00
1.398955192857568086e+00
1.390348629003192782e+00
1.381906462952356973e+00
1.373625994601743505e+00
1.365504560965373315e+00
1.357539535731851599e+00
1.349728328827282331e+00
1.342068385983836487e+00
1.334557188313814979e+00
1.327192251889257157e+00
1.319971127326955429e+00
1.312891399378849799e+00
1.305950686527708848e+00
1.299146640588026091e+00
1.292476946312133501e+00
1.285939321001286828e+00
1.279531514121849067e+00
1.273251306926346249e+00
1.267096512079354476e+00
1.261064973288203328e+00
1.255154564938329997e+00
1.249363191733197098e+00
1.243688788338801476e+00
1.238129319032559073e+00
1.232682777356558734e+00
1.227347185775103044e+00
1.222120595336405380e+00
1.217001085338418775e+00
1.211986762998664924e+00
1.207075763128035106e+00
1.202266247808399635e+00
1.197556406074087088e+00
1.192944453596957111e+00
1.188428632375212457e+00
1.184007210425672030e+00
1.179678481479578434e+00
1.175440764681769723e+00
1.171292404293197809e+00
1.167231769396712693e+00
1.163257253605997965e+00
1.159367274777703072e+00
1.155560274726529002e+00
1.151834718943391067e+00
1.148189096316437174e+00
1.144621918855000420e+00
1.141131721416281275e+00
1.137717061434841970e+00
1.134376518654754751e+00
1.131108694864370934e+00
1.127912213633712746e+00
1.124785720054355620e+00
1.121727880481806938e+00
1.118737382280317494e+00
1.115812933570083043e+00
1.112953262976750457e+00
1.110157119383281987e+00
1.107423271684013999e+00
1.104750508540967013e+00
1.102137638142327791e+00
1.099583487963066597e+00
1.097086904527670104e+00
1.094646753174938647e+00
1.092261917824828732e+00
1.089931300747282394e+00
1.087653822333096043e+00
1.085428420866680455e+00
1.083254052300794079e+00
1.081129690033127311e+00
1.079054324684838084e+00
1.077026963880879151e+00
1.075046632032184757e+00
1.073112370119692294e+00
1.071223235480126768e+00
1.069378301593580050e+00
1.067576657872853163e+00
1.065817409454569376e+00
1.064099676991947518e+00
1.062422596449385859e+00
1.060785318898693985e+00
1.059187010317023114e+00
1.057626851386488376e+00
1.056104037295495734e+00
1.054617777541648760e+00
1.053167295736423315e+00
1.051751829411373906e+00
1.050370629826046009e+00
1.049022961777543950e+00
1.047708103411644887e+00
1.046425346035586790e+00
1.045173993932466461e+00
1.043953364177247600e+00
1.042762786454359381e+00
1.041601602876903288e+00
1.040469167807463791e+00
1.039364847680526172e+00
1.038288020826441560e+00
1.037238077297035321e+00
1.036214418692767092e+00
1.035216457991496863e+00
1.034243619378812262e+00
1.033295338079939008e+00
1.032371060193267853e+00
1.031470242525417857e+00
1.030592352427881275e+00
1.029736867635254960e+00
1.028903276105045839e+00
1.028091075859047798e+00
1.027299774826286427e+00
1.026528890687521400e+00
1.025777950721350251e+00
1.025046491651839808e+00
1.024334059497759686e+00
1.023640209423349212e+00
1.022964505590673756e+00
1.022306521013522040e+00
1.021665837412894406e+00
1.021042045073991211e+00
1.020434742704818598e+00
1.019843537296316827e+00
1.019268043984035144e+00
1.018707885911384503e+00
1.018162694094409515e+00
1.017632107288103160e+00
1.017115771854291584e+00
1.016613341631024348e+00
1.016124477803520554e+00
1.015648848776625535e+00
1.015186130048828073e+00
1.014736004087750443e+00
1.014298160207219635e+00
1.013872294445772093e+00
1.013458109446773614e+00
1.013055314339931234e+00
1.012663624624401626e+00
1.012282762053330121e+00
1.011912454519896087e+00
1.011552435944854222e+00
1.011202446165557989e+00
1.010862230826413910e+00
1.010531541270833333e+00
1.010210134434656126e+00
1.009897772740960153e+00
1.009594223996399975e+00
1.009299261288918448e+00
1.009012662886920264e+00
1.008734212139822617e+00
1.008463697380097335e+00
1.008200911826621970e+00
1.007945653489507931e+00
1.007697725076244444e+00
1.007456933899314677e+00
1.007223091785065971e+00
1.006996014984029353e+00
1.006775524082560214e+00
1.006561443915790832e+00
1.006353603481983772e+00
1.006151835858134946e+00
1.005955978116920058e+00
1.005765871244941545e+00
1.005581360062256291e+00
1.005402293143211168e+00
1.005228522738494723e+00
1.005059904698498263e+00
1.004896298397890186e+00
1.004737566661457082e+00
1.004583575691138320e+00
1.004434194994273666e+00
1.004289297313079032e+00
1.004148758555304832e+00
1.004012457726060070e+00
1.003880276860791065e+00
1.003752100959448335e+00
1.003627817921791676e+00
1.003507318483773725e+00
1.003390496155124101e+00
1.003277247157953633e+00
1.003167470366535641e+00
1.003061067248106175e+00
1.002957941804756947e+00
1.002858000516377635e+00
1.002761152284657564e+00
1.002667308378106581e+00
1.002576382378092212e+00
1.002488290125885362e+00
1.002402949670730070e+00
1.002320281218824549e+00
1.002240207083354040e+00
1.002162651635414958e+00
1.002087541255923142e+00
1.002014804288424266e+00
1.001944370992866151e+00
1.001876173500207745e+00
1.001810145767991767e+00
1.001746223536777114e+00
1.001684344287403716e+00
1.001624447199152668e+00
1.001566473108769895e+00
1.001510364470244996e+00
1.001456065315489807e+00
1.001403521215783021e+00
1.001352679244015498e+00
1.001303487937727166e+00
1.001255897262906869e+00
1.001209858578549827e+00
1.001165324601975382e+00
1.001122249374864825e+00
1.001080588230026436e+00
1.001040297758889031e+00
1.001001335779651891e+00
1.000963661306202734e+00
1.000927234517603903e+00
1.000892016728357481e+00
1.000857970359237292e+00
1.000825058908817455e+00
1.000793246925614888e+00
1.000762499980832443e+00
1.000732784641770401e+00
1.000704068445773531e+00
1.000676319874799880e+00
1.000649508330581083e+00
1.000623604110321363e+00
1.000598578382966064e+00
1.000574403166023307e+00
1.000551051302920547e+00
1.000528496440880044e+00
1.000506713009336579e+00
1.000485676198829665e+00
1.000465361940418019e+00
1.000445746885579412e+00
1.000426808386571498e+00
1.000408524477295336e+00
1.000390873854597684e+00
1.000373835860003391e+00
1.000357390461959817e+00
1.000341518238432315e+00
1.000326200359983986e+00
1.000311418573258448e+00
1.000297155184836306e+00
1.000283393045535263e+00
1.000270115535105697e+00
1.000257306547251979e+00
1.000244950475100314e+00
1.000233032196954586e+00
1.000221537062518484e+00
1.000210450879354340e+00
1.000199759899758511e+00
1.000189450807988267e+00
1.000179510707725816e+00
1.000169927109961776e+00
1.000160687921160640e+00
1.000151781431709130e+00
1.000143196304704052e+00
1.000134921565010604e+00
1.000126946588616228e+00
1.000119261092268008e+00
1.000111855123398064e+00
1.000104719050274094e+00
1.000097843552486543e+00
1.000091219611600968e+00
1.000084838502137252e+00
1.000078691782768203e+00
1.000072771287734641e+00
1.000067069118532492e+00
1.000061577635803500e+00
1.000056289451446645e+00
1.000051197420979143e+00
1.000046294636057320e+00
1.000041574417246171e+00
1.000037030306983432e+00
1.000032656062713077e+00
1.000028445650252396e+00
1.000024393237334275e+00
1.000020493187287363e+00
1.000016740052963815e+00
1.000013128570809373e+00
1.000009653655077990e+00
1.000006310392259845e+00
1.000003094035631923e+00
9.999999999999883427e-01
