1.886908611549600678e+01
1.886838472235712771e+01
1.886628054571404078e+01
1.886277360066744535e+01
1.885786392647497678e+01
1.885155159861955809e+01
1.884383674086490146e+01
1.883471953729261372e+01
1.882420024431514705e+01
1.881227920265810738e+01
1.879895684930495037e+01
1.878423372939659686e+01
1.876811050807795311e+01
1.875058798228280565e+01
1.873166709244808104e+01
1.871134893414797062e+01
1.868963476963792303e+01
1.866652603929808052e+01
1.864202437296524906e+01
1.861613160114210785e+01
1.858884976607194162e+01
1.856018113266675229e+01
1.853012819927634069e+01
1.849869370828546522e+01
1.846588065652605692e+01
1.843169230549100135e+01
1.839613219133583044e+01
1.835920413465451517e+01
1.832091225001519419e+01
1.828126095524161343e+01
1.824025498042598059e+01
1.819789937665872159e+01
1.815419952446067953e+01
1.810916114190327875e+01
1.806279029240215550e+01
1.801509339216987726e+01
1.796607721731354701e+01
1.791574891056311003e+01
1.786411598761650765e+01
1.781118634308804261e+01
1.775696825604664042e+01
1.770147039513094711e+01
1.764470182322872915e+01
1.758667200170838640e+01
1.752739079419088952e+01
1.746686846985099351e+01
1.740511570623718640e+01
1.734214359160034391e+01
1.727796362672188124e+01
1.721258772623273714e+01
1.714602821941538480e+01
1.707829785048183169e+01
1.700940977832127388e+01
1.693937757571216807e+01
1.686821522799408513e+01
1.679593713119595222e+01
1.672255808961786272e+01
1.664809331286506833e+01
1.657255841233332205e+01
1.649596939714609789e+01
1.641834266954510468e+01
1.633969501973657046e+01
1.626004362019692451e+01
1.617940601944249224e+01
1.609780013526893327e+01
1.601524424746733288e+01
1.593175699002472001e+01
1.584735734281812292e+01
1.576206462281213661e+01
1.567589847477114695e+01
1.558887886149834046e+01
1.550102605361468378e+01
1.541236061889200393e+01
1.532290341115531973e+01
1.523267555877045787e+01
1.514169845273394444e+01
1.504999373438296040e+01
1.495758328274403048e+01
1.486448920153986286e+01
1.477073380587450657e+01
1.467633960861762432e+01
1.458132930650941184e+01
1.448572576600817108e+01
1.438955200890311126e+01
1.429283119771542943e+01
1.419558662091107948e+01
1.409784167794903098e+01
1.399961986418909632e+01
1.390094475568354326e+01
1.380183999387699423e+01
1.370232927023914193e+01
1.360243631085475791e+01
1.350218486099561588e+01
1.340159866969868752e+01
1.330070147437487194e+01
1.319951698547233221e+01
1.309806887121816565e+01
1.299638074246177410e+01
1.289447613764306233e+01
1.279237850790787512e+01
1.269011120239278334e+01
1.258769745370073778e+01
1.248516036358835812e+01
1.238252288888514663e+01
1.227980782766409718e+01
1.217703780568249528e+01
1.207423526311082718e+01
1.197142244156706958e+01
1.186862137147257457e+01
1.176585385974506082e+01
1.166314147784321342e+01
1.156050555017654347e+01
1.145796714289312668e+01
1.135554705305700196e+01
1.125326579822590745e+01
1.115114360643916136e+01
1.104920040662442204e+01
1.094745581943117152e+01
1.084592914849767098e+01
1.074463937215719689e+01
1.064360513558848886e+01
1.054284474341414501e+01
1.044237615275001296e+01
1.034221696670745416e+01
1.024238442834959173e+01
1.014289541510169101e+01
1.004376643361490551e+01
9.945013615081860436e+00
9.846652711001627978e+00
9.748699089390857608e+00
9.651167731437141128e+00
9.554073228589802014e+00
9.457429780082714288e+00
9.361251190883052686e+00
9.265550870059149347e+00
9.170341829560191727e+00
9.075636683399698867e+00
8.981447647234462650e+00
8.887786538329834229e+00
8.794664775902038656e+00
8.702093381827596730e+00
8.610082981709689776e+00
8.518643806290786102e+00
8.427785693200682715e+00
8.337518089028790769e+00
8.247850051709207264e+00
8.158790253206950283e+00
8.070346982493537880e+00
7.982528148800026813e+00
7.895341285135342169e+00
7.808793552057881726e+00
7.722891741688119538e+00
7.637642281950062895e+00
7.553051241029384855e+00
7.469124332035991465e+00
7.385866917859048364e+00
7.303284016202383988e+00
7.221380304788398874e+00
7.140160126718724243e+00
7.059627495979991174e+00
6.979786103083316817e+00
6.900639320826194023e+00
6.822190210165794966e+00
6.744441526192824554e+00
6.667395724195342765e+00
6.591054965802216614e+00
6.515421125196106722e+00
6.440495795386166122e+00
6.366280294530909600e+00
6.292775672302028944e+00
6.219982716280147983e+00
6.147901958373873654e+00
6.076533681253794228e+00
6.005877924793328049e+00
5.935934492508736504e+00
5.866702957990789891e+00
5.798182671321058912e+00
5.730372765465915563e+00
5.663272162641823648e+00
5.596879580645697239e+00
5.531193539144435789e+00
5.466212365918071470e+00
5.401934203051281358e+00
5.338357013068183221e+00
5.275478585005911825e+00
5.213296540422371450e+00
5.151808339334218445e+00
5.091011286081154275e+00
5.030902535112971918e+00
4.971479096696103106e+00
4.912737842536586186e+00
4.854675511316649761e+00
4.797288714142448285e+00
4.740573939900541767e+00
4.684527560521132727e+00
4.629145836146140169e+00
4.574424920200526046e+00
4.520360864365406073e+00
4.466949623451708540e+00
4.414187060173386357e+00
4.362068949819278174e+00
4.310590984822942673e+00
4.259748779230004168e+00
4.209537873062578761e+00
4.159953736580648709e+00
4.110991774440316604e+00
4.062647329749017544e+00
4.014915688017891782e+00
3.967792081011705996e+00
3.921271690496744178e+00
3.875349651887265878e+00
3.830021057791199723e+00
3.785280961455822268e+00
3.741124380114326797e+00
3.697546298234223094e+00
3.654541670668546960e+00
3.612105425711079398e+00
3.570232468056659059e+00
3.528917681667872674e+00
3.488155932549380278e+00
3.447942071431272737e+00
3.408270936362779668e+00
3.369137355217843854e+00
3.330536148113974804e+00
3.292462129745925559e+00
3.254910111635704872e+00
3.217874904300533689e+00
3.181351319340272266e+00
3.145334171445987703e+00
3.109818280331251739e+00
3.074798472587819909e+00
3.040269583467302805e+00
3.006226458590537831e+00
2.972663955586308138e+00
2.939576945660995921e+00
2.906960315100934888e+00
2.874808966709047731e+00
2.843117821177429505e+00
2.811881818397513833e+00
2.781095918709513004e+00
2.750755104092633019e+00
2.720854379297810599e+00
2.691388772924463879e+00
2.662353338442877249e+00
2.633743155163808858e+00
2.605553329156792053e+00
2.577778994118729461e+00
2.550415312194234119e+00
2.523457474749263518e+00
2.496900703099404595e+00
2.470740249194364857e+00
2.444971396260021468e+00
2.419589459399406284e+00
2.394589786154043054e+00
2.369967757026973043e+00
2.345718785968739173e+00
2.321838320827664504e+00
2.298321843765676942e+00
2.275164871640929842e+00
2.252362956358425983e+00
2.229911685189811088e+00
2.207806681063541276e+00
2.186043602826512888e+00
2.164618145478282685e+00
2.143526040378994413e+00
2.122763055431991397e+00
2.102324995242179639e+00
2.082207701251183707e+00
2.062407051850215112e+00
2.042918962471590216e+00
2.023739385659895973e+00
2.004864311123643716e+00
1.986289765768280091e+00
1.968011813711435520e+00
1.950026556281236001e+00
1.932330131998411193e+00
1.914918716543074328e+00
1.897788522706830072e+00
1.880935800331015262e+00
1.864356836231708225e+00
1.848047954112259639e+00
1.832005514463909357e+00
1.816225914455245949e+00
1.800705587811016972e+00
1.785441004680952570e+00
1.770428671499129525e+00
1.755665130834478393e+00
1.741146961232898249e+00
1.726870777051587424e+00
1.712833228285984610e+00
1.699031000389845225e+00
1.685460814088931336e+00
1.672119425188705044e+00
1.659003624376476527e+00
1.646110237018375777e+00
1.633436122951618330e+00
1.620978176272321214e+00
1.608733325119325208e+00
1.596698531454269432e+00
1.584870790838336152e+00
1.573247132205922938e+00
1.561824617635504620e+00
1.550600342118057196e+00
1.539571433323220884e+00
1.528735051363529163e+00
1.518088388556851243e+00
1.507628669187399684e+00
1.497353149265417738e+00
1.487259116285797766e+00
1.477343888985829468e+00
1.467604817102194259e+00
1.458039281127525122e+00
1.448644692066507256e+00
1.439418491191826854e+00
1.430358149800001533e+00
1.421461168967315114e+00
1.412725079305932496e+00
1.404147440720280304e+00
1.395725842163900943e+00
1.387457901396778714e+00
1.379341264743279893e+00
1.371373606850788462e+00
1.363552630449139214e+00
1.355876066110839329e+00
1.348341672012270731e+00
1.340947233695802154e+00
1.333690563832981901e+00
1.326569501988764221e+00
1.319581914386873001e+00
1.312725693676350280e+00
1.305998758699259854e+00
1.299399054259632535e+00
1.292924550893682412e+00
1.286573244641269875e+00
1.280343156818672057e+00
1.274232333792666871e+00
1.268238846755944227e+00
1.262360791503824631e+00
1.256596288212323387e+00
1.250943481217592579e+00
1.245400538796651579e+00
1.239965652949504449e+00
1.234637039182571394e+00
1.229412936293457381e+00
1.224291606157082102e+00
1.219271333513085143e+00
1.214350425754582963e+00
1.209527212718204403e+00
1.204800046475433151e+00
1.200167301125211194e+00
1.195627372587838133e+00
1.191178678400077517e+00
1.186819657511545278e+00
1.182548770082295864e+00
1.178364497281604528e+00
1.174265341087974202e+00
1.170249824090283441e+00
1.166316489290116776e+00
1.162463899905212372e+00
1.158690639174057679e+00
1.154995310161593070e+00
1.151376535565984627e+00
1.147832957526505160e+00
1.144363237432457714e+00
1.140966055733161788e+00
1.137640111748948080e+00
1.134384123483203943e+00
1.131196827435391628e+00
1.128076978415083920e+00
1.125023349356942370e+00
1.122034731136705821e+00
1.119109932388091755e+00
1.116247779320654221e+00
1.113447115538598986e+00
1.110706801860469994e+00
1.108025716139789951e+00
1.105402753086573098e+00
1.102836824089762136e+00
1.100326857040538897e+00
1.097871796156505653e+00
1.095470601806751043e+00
1.093122250337797974e+00
1.090825733900390837e+00
1.088580060277161365e+00
1.086384252711139808e+00
1.084237349735126310e+00
1.082138405001907833e+00
1.080086487115330618e+00
1.078080679462229297e+00
1.076120080045169125e+00
1.074203801316079954e+00
1.072330970010706430e+00
1.070500726983922624e+00
1.068712227045878205e+00
1.066964638799047904e+00
1.065257144476065454e+00
1.063588939778464582e+00
1.061959233716269990e+00
1.060367248448438326e+00
1.058812219124194431e+00
1.057293393725223796e+00
1.055810032908750973e+00
1.054361409851498621e+00
1.052946810094531616e+00
1.051565531388996444e+00
1.050216883542791857e+00
1.048900188268091727e+00
1.047614779029836463e+00
1.046360000895106834e+00
1.045135210383440372e+00
1.043939775318094787e+00
1.042773074678222667e+00
1.041634498452017610e+00
1.040523447490821596e+00
1.039439333364164941e+00
1.038381578215840539e+00
1.037349614620852511e+00
1.036342885443469086e+00
1.035360843696186084e+00
1.034402952399730902e+00
1.033468684444045937e+00
1.032557522450340048e+00
1.031668958634096800e+00
1.030802494669166292e+00
1.029957641552875058e+00
1.029133919472172476e+00
1.028330857670850085e+00
1.027547994317799862e+00
1.026784876376372280e+00
1.026041059474756878e+00
1.025316107777477503e+00
1.024609593857965129e+00
1.023921098572228017e+00
1.023250210933596360e+00
1.022596527988598902e+00
1.021959654693920250e+00
1.021339203794497275e+00
1.020734795702708420e+00
1.020146058378721632e+00
1.019572627211913662e+00
1.019014144903488628e+00
1.018470261350176598e+00
1.017940633529096139e+00
1.017424925383760392e+00
1.016922807711230448e+00
1.016433958050396935e+00
1.015958060571439114e+00
1.015494805966431491e+00
1.015043891341076199e+00
1.014605020107653521e+00
1.014177901879072641e+00
1.013762252364108329e+00
1.013357793263795825e+00
1.012964252169003432e+00
1.012581362459122225e+00
1.012208863201975451e+00
1.011846499054829707e+00
1.011494020166634700e+00
1.011151182081350131e+00
1.010817745642482945e+00
1.010493476898780330e+00
1.010178147011040473e+00
1.009871532160121932e+00
1.009573413456058333e+00
1.009283576848389430e+00
1.009001813037545547e+00
1.008727917387478135e+00
1.008461689839339481e+00
1.008202934826349706e+00
1.007951461189797948e+00
1.007707082096140017e+00
1.007469614955242454e+00
1.007238881339742820e+00
1.007014706905526191e+00
1.006796921313298121e+00
1.006585358151276921e+00
1.006379854858970635e+00
1.006180252652081331e+00
1.005986396448419917e+00
1.005798134794997800e+00
1.005615319796109963e+00
1.005437807042551812e+00
1.005265455541840547e+00
1.005098127649528772e+00
1.004935689001547283e+00
1.004778008447603455e+00
1.004624957985573941e+00
1.004476412696963417e+00
1.004332250683375616e+00
1.004192353003960703e+00
1.004056603613888488e+00
1.003924889303815071e+00
1.003797099640321822e+00
1.003673126907340674e+00
1.003552866048519565e+00
1.003436214610597066e+00
1.003323072687669182e+00
1.003213342866437596e+00
1.003106930172366518e+00
1.003003742016772115e+00
1.002903688144813898e+00
1.002806680584406918e+00
1.002712633596012592e+00
1.002621463623319054e+00
1.002533089244786790e+00
1.002447431126086919e+00
1.002364411973369673e+00
1.002283956487379335e+00
1.002205991318420031e+00
1.002130445022143768e+00
1.002057248016145818e+00
1.001986332537371460e+00
1.001917632600331842e+00
1.001851083956088795e+00
1.001786624052009689e+00
1.001724191992336532e+00
1.001663728499462724e+00
1.001605175875960763e+00
1.001548477967391104e+00
1.001493580125774940e+00
1.001440429173853897e+00
1.001388973369990110e+00
1.001339162373811487e+00
1.001290947212528204e+00
1.001244280247920893e+00
1.001199115144023155e+00
1.001155406835414929e+00
1.001113111496219732e+00
1.001072186509701201e+00
1.001032590438510672e+00
1.000994282995538276e+00
1.000957225015388419e+00
1.000921378426456787e+00
1.000886706223574674e+00
1.000853172441270145e+00
1.000820742127575658e+00
1.000789381318421212e+00
1.000759057012539532e+00
1.000729737146978326e+00
1.000701390573102145e+00
1.000673987033118939e+00
1.000647497137158837e+00
1.000621892340845198e+00
1.000597144923345727e+00
1.000573227965943834e+00
1.000550115331089174e+00
1.000527781641894265e+00
1.000506202262138267e+00
1.000485353276699962e+00
1.000465211472457483e+00
1.000445754319586156e+00
1.000426959953370387e+00
1.000408807156359492e+00
1.000391275340984931e+00
1.000374344532567683e+00
1.000357995352745943e+00
1.000342209003276528e+00
1.000326967250233068e+00
1.000312252408577018e+00
1.000298047327099704e+00
1.000284335373741174e+00
1.000271100421248116e+00
1.000258326833188605e+00
1.000245999450312340e+00
1.000234103577238409e+00
1.000222624969486107e+00
1.000211549820792856e+00
1.000200864750808494e+00
1.000190556793038921e+00
1.000180613383108819e+00
1.000171022347352112e+00
1.000161771891642459e+00
1.000152850590544817e+00
1.000144247376724582e+00
1.000135951530637168e+00
1.000127952670479603e+00
1.000120240742402578e+00
1.000112806010981403e+00
1.000105639049918338e+00
1.000098730733003594e+00
1.000092072225316597e+00
1.000085654974652405e+00
1.000079470703174156e+00
1.000073511399281356e+00
1.000067769309711530e+00
1.000062236931830162e+00
1.000056907006171558e+00
1.000051772509112036e+00
1.000046826645809572e+00
1.000042062843297996e+00
1.000037474743772803e+00
1.000033056198072590e+00
1.000028801259324807e+00
1.000024704176789125e+00
1.000020759389839808e+00
1.000016961522152581e+00
1.000013305376010520e+00
1.000009785926802675e+00
1.000006398317683898e+00
1.000003137854333479e+00
9.999999999999197309e-01
