0.000000000000000000e+00
6.679176282880543170e+01
1.335759077034043401e+02
2.003448167621568246e+02
2.670908724249176203e+02
3.338064577056737789e+02
4.004839566499911712e+02
4.671157548970014091e+02
5.336942403655614271e+02
6.002118040641080370e+02
6.666608410236086684e+02
7.330337513528802447e+02
7.993229414154060350e+02
8.655208251266301431e+02
9.316198253705515526e+02
9.976123755342659933e+02
1.063490921158932906e+03
1.129247921705453564e+03
1.194875852432954161e+03
1.260367206387971237e+03
1.325714496502024303e+03
1.390910257795049120e+03
1.455947049681951057e+03
1.520817458379309755e+03
1.585514099409043865e+03
1.650029620195615735e+03
1.714356702753125546e+03
1.778488066458411140e+03
1.842416470906040331e+03
1.906134718840855612e+03
1.969635659163495347e+03
2.032912190004101603e+03
2.095957261859191476e+03
2.158763880786474601e+03
2.221325111652162832e+03
2.283634081425149361e+03
2.345683982512218790e+03
2.407468076128282974e+03
2.468979695695459213e+03
2.530212250264656632e+03
2.591159227953186473e+03
2.651814199391783404e+03
2.712170821174314824e+03
2.772222839303348792e+03
2.831964092624677960e+03
2.891388516243825507e+03
2.950490144917524049e+03
3.009263116413123498e+03
3.067701674828886553e+03
3.125800173868140064e+03
3.183553080060290995e+03
3.240954975921771620e+03
3.298000563050051369e+03
3.354684665143969141e+03
3.411002230943740869e+03
3.466948337084152627e+03
3.522518190854618751e+03
3.577707132859949979e+03
3.632510639575905316e+03
3.686924325793808293e+03
3.740943946948761095e+03
3.794565401326254232e+03
3.847784732142235953e+03
3.900598129492027510e+03
3.953001932163751462e+03
4.004992629312291683e+03
4.056566861990120287e+03
4.107721424531708180e+03
4.158453265788559293e+03
4.208759490212302808e+03
4.258637358783656964e+03
4.308084289785442706e+03
4.357097859418227017e+03
4.405675802257565920e+03
4.453816011552201417e+03
4.501516539362958611e+03
4.548775596542490348e+03
4.595591552556385977e+03
4.641962935146549171e+03
4.687888429838130833e+03
4.733366879291649639e+03
4.778397282502325652e+03
4.822978793848948044e+03
4.867110721994990854e+03
4.910792528644955382e+03
4.954023827159283428e+03
4.996804381031426601e+03
5.039134102230967073e+03
5.081013049416936155e+03
5.122441426025715373e+03
5.163419578238137547e+03
5.203947992830608200e+03
5.244027294915251332e+03
5.283658245574264583e+03
5.322841739393793432e+03
5.361578801902802297e+03
5.399870586922481380e+03
5.437718373831866302e+03
5.475123564755374900e+03
5.512087681678061017e+03
5.548612363494380588e+03
5.584699362996299897e+03
5.620350543806570386e+03
5.655567877262974434e+03
5.690353439259310107e+03
5.724709407048823778e+03
5.758638056015739494e+03
5.792141756420460297e+03
5.825222970123893901e+03
5.857884247296280591e+03
5.890128223115752007e+03
5.921957614461738558e+03
5.953375216608194933e+03
5.984383899921454031e+03
6.014986606567387753e+03
6.045186347232337539e+03
6.074986197862172048e+03
6.104389296423594715e+03
6.133398839691659305e+03
6.162018080067278788e+03
6.190250322428311847e+03
6.218098921017601242e+03
6.245567276371195476e+03
6.272658832289719612e+03
6.299377072855741972e+03
6.325725519499718757e+03
6.351707728116983162e+03
6.377327286237964472e+03
6.402587810253723546e+03
6.427492942698649131e+03
6.452046349591983926e+03
6.476251717839695630e+03
6.500112752698028999e+03
6.523633175299859431e+03
6.546816720244892167e+03
6.569667133254499277e+03
6.592188168891896566e+03
6.614383588348187004e+03
6.636257157294669014e+03
6.657812643801642480e+03
6.679053816323867977e+03
6.699984441752643761e+03
6.720608283534405928e+03
6.740929099855617096e+03
6.760950641893585271e+03
6.780676652132818162e+03
6.800110862746324528e+03
6.819256994041309554e+03
6.838118752968505760e+03
6.856699831694412751e+03
6.875003906235549039e+03
6.893034635153864656e+03
6.910795658312290470e+03
6.928290595689434667e+03
6.945523046252347740e+03
6.962496586886222758e+03
6.979214771379906779e+03
6.995681129466005586e+03
7.011899165914383047e+03
7.027872359677794520e+03
7.043604163088405585e+03
7.059098001103890056e+03
7.074357270601829441e+03
7.089385339721098717e+03
7.104185547248909643e+03
7.118761202052205590e+03
7.133115582552089109e+03
7.147251936239940733e+03
7.161173479233932994e+03
7.174883395874620874e+03
7.188384838358306297e+03
7.201680926406887011e+03
7.214774746972909270e+03
7.227669353978564686e+03
7.240367768087375225e+03
7.252872976507340354e+03
7.265187932824330346e+03
7.277315556864537939e+03
7.289258734584816011e+03
7.301020317989728937e+03
7.312603125074234413e+03
7.324009939790849785e+03
7.335243512040242422e+03
7.346306557684190011e+03
7.357201758579863963e+03
7.367931762634455481e+03
7.378499183879141128e+03
7.388906602561446562e+03
7.399156565255078021e+03
7.409251584986328453e+03
7.419194141376145126e+03
7.428986680797076588e+03
7.438631616544200369e+03
7.448131329019286568e+03
7.457488165927396949e+03
7.466704442485188338e+03
7.475782441640177240e+03
7.484724414300286298e+03
7.493532579572993200e+03
7.502209125013425364e+03
7.510756206880778336e+03
7.519175950402460330e+03
7.527470450045375401e+03
7.535641769793777712e+03
7.543691943433191227e+03
7.551622974839834569e+03
7.559436838275101763e+03
7.567135478684591362e+03
7.574720812001240120e+03
7.582194725452142848e+03
7.589559077868600980e+03
7.596815699999054232e+03
7.603966394824470626e+03
7.611012937875856551e+03
7.617957077553526688e+03
7.624800535447826405e+03
7.631545006660960098e+03
7.638192160129648073e+03
7.644743638948328226e+03
7.651201060692625106e+03
7.657566017742828990e+03
7.663840077607146668e+03
7.670024783244503851e+03
7.676121653386660000e+03
7.682132182859440945e+03
7.688057842902914672e+03
7.693900081490288358e+03
7.699660323645392964e+03
7.705339971758563479e+03
7.710940405900794758e+03
7.716462984135998340e+03
7.721909042831252918e+03
7.727279896964906584e+03
7.732576840432431709e+03
7.737801146349911505e+03
7.742954067355069128e+03
7.748036835905730186e+03
7.753050664575662267e+03
7.757996746347685985e+03
7.762876254903993868e+03
7.767690344913627086e+03
7.772440152317017237e+03
7.777126794607584088e+03
7.781751371110300170e+03
7.786314963257196723e+03
7.790818634859777376e+03
7.795263432378294056e+03
7.799650385187866050e+03
7.803980505841415834e+03
7.808254790329384377e+03
7.812474218336245031e+03
7.816639753493756871e+03
7.820752343630991163e+03
7.824812921021087277e+03
7.828822402624770803e+03
7.832781690330591118e+03
7.836691671191921159e+03
7.840553217660703012e+03
7.844367187817941158e+03
7.848134425600975192e+03
7.851855761027515655e+03
7.855532010416492994e+03
7.859163976605683274e+03
7.862752449166191582e+03
7.866298204613759481e+03
7.869802006616936524e+03
7.873264606202156756e+03
7.876686741955708385e+03
7.880069140222651185e+03
7.883412515302690736e+03
7.886717569643040406e+03
7.889984994028314759e+03
7.893215467767451628e+03
7.896409658877725633e+03
7.899568224265869503e+03
7.902691809906325034e+03
7.905781051016676429e+03
7.908836572230289676e+03
7.911858987766181599e+03
7.914848901596172254e+03
7.917806907609337031e+03
7.920733589773799395e+03
7.923629522295908828e+03
7.926495269776822170e+03
7.929331387366534727e+03
7.932138420915394818e+03
7.934916907123137207e+03
7.937667373685464554e+03
7.940390339438232331e+03
7.943086314499249056e+03
7.945755800407736388e+03
7.948399290261493661e+03
7.951017268851800509e+03
7.953610212796072119e+03
7.956178590668335346e+03
7.958722863127537494e+03
7.961243483043726883e+03
7.963740895622153403e+03
7.966215538525304510e+03
7.968667841992925787e+03
7.971098228960052438e+03
7.973507115173089915e+03
7.975894909303972781e+03
7.978262013062445476e+03
7.980608821306478603e+03
7.982935722150874426e+03
7.985243097074083380e+03
7.987531321023264354e+03
7.989800762517611474e+03
7.992051783750008326e+03
7.994284740687000522e+03
7.996499983167143000e+03
7.998697854997750255e+03
8.000878694050062222e+03
8.003042832352882215e+03
8.005190596184686001e+03
8.007322306164252041e+03
8.009438277339829256e+03
8.011538819276880531e+03
8.013624236144401038e+03
8.015694826799894145e+03
8.017750884872956703e+03
8.019792698847560132e+03
8.021820552143026362e+03
8.023834723193720492e+03
8.025835485527498349e+03
8.027823107842917125e+03
8.029797854085245490e+03
8.031759983521287722e+03
8.033709750813047322e+03
8.035647406090251934e+03
8.037573195021756874e+03
8.039487358885861795e+03
8.041390134639538701e+03
8.043281754986609485e+03
8.045162448444895745e+03
8.047032439412328131e+03
8.048891948232087088e+03
8.050741191256738603e+03
8.052580380911423163e+03
8.054409725756094304e+03
8.056229430546829462e+03
8.058039696296234069e+03
8.059840720332947058e+03
8.061632696360276896e+03
8.063415814513964506e+03
8.065190261419099443e+03
8.066956220246219345e+03
8.068713870766574473e+03
8.070463389406591887e+03
8.072204949301562010e+03
8.073938720348529387e+03
8.075664869258440376e+03
8.077383559607527786e+03
8.079094951887956086e+03
8.080799203557758119e+03
8.082496469090036044e+03
8.084186900021475594e+03
8.085870645000161858e+03
8.087547849832722932e+03
8.089218657530794189e+03
8.090883208356834075e+03
8.092541639869286882e+03
8.094194086967105250e+03
8.095840681933647829e+03
8.097481554479958504e+03
8.099116831787431693e+03
8.100746638549878298e+03
8.102371097014996849e+03
8.103990327025277111e+03
8.105604446058298890e+03
8.107213569266487866e+03
8.108817809516309353e+03
8.110417277426896362e+03
8.112012081408151971e+03
8.113602327698305999e+03
8.115188120400933258e+03
8.116769561521477954e+03
8.118346751003231475e+03
8.119919786762817239e+03
8.121488764725178044e+03
8.123053778858053192e+03
8.124614921205983592e+03
8.126172281923820265e+03
8.127725949309763564e+03
8.129276009837925812e+03
8.130822548190440102e+03
8.132365647289095250e+03
8.133905388326526008e+03
8.135441850796952167e+03
8.136975112526481098e+03
8.138505249702953734e+03
8.140032336905388547e+03
8.141556447132966241e+03
8.143077651833615164e+03
8.144596020932170177e+03
8.146111622858116789e+03
8.147624524572932387e+03
8.149134791597021831e+03
8.150642488036258328e+03
8.152147676608122310e+03
8.153650418667458325e+03
8.155150774231847208e+03
8.156648802006588994e+03
8.158144559409321118e+03
8.159638102594255542e+03
8.161129486476053899e+03
8.162618764753330652e+03
8.164105989931813383e+03
8.165591213347125631e+03
8.167074485187235950e+03
8.168555854514547718e+03
8.170035369287657886e+03
8.171513076382761938e+03
8.172989021614728699e+03
8.174463249757854101e+03
8.175935804566262959e+03
8.177406728794014271e+03
8.178876064214860889e+03
8.180343851641703623e+03
8.181810130945738820e+03
8.183274941075281276e+03
8.184738320074292460e+03
8.186200305100598598e+03
8.187660932443815000e+03
8.189120237542973882e+03
8.190578255003856611e+03
8.192035018616043089e+03
8.193490561369670104e+03
8.194944915471913191e+03
8.196398112363187465e+03
8.197850182733071051e+03
8.199301156535964765e+03
8.200751063006477125e+03
8.202199930674545612e+03
8.203647787380294176e+03
8.205094660288639716e+03
8.206540575903638455e+03
8.207985560082577649e+03
8.209429638049827190e+03
8.210872834410432915e+03
8.212315173163487998e+03
8.213756677715233309e+03
8.215197370891961327e+03
8.216637274952654479e+03
8.218076411601412474e+03
8.219514801999639531e+03
8.220952466778024245e+03
8.222389426048281166e+03
8.223825699414690462e+03
8.225261305985410218e+03
8.226696264383585003e+03
8.228130592758243438e+03
8.229564308794992030e+03
8.230997429726501650e+03
8.232429972342793917e+03
8.233861953001336587e+03
8.235293387636944317e+03
8.236724291771479329e+03
8.238154680523372008e+03
8.239584568616948673e+03
8.241013970391586554e+03
8.242442899810679592e+03
8.243871370470425973e+03
8.245299395608451960e+03
8.246726988112241088e+03
8.248154160527432396e+03
8.249580925065896736e+03
8.251007293613709408e+03
8.252433277738909965e+03
8.253858888699134695e+03
8.255284137449078116e+03
8.256709034647807130e+03
8.258133590665916927e+03
8.259557815592541374e+03
8.260981719242221516e+03
8.262405311161617647e+03
8.263828600636094052e+03
8.265251596696150955e+03
8.266674308123727315e+03
8.268096743458369019e+03
8.269518911003257017e+03
8.270940818831113575e+03
8.272362474789977568e+03
8.273783886508854266e+03
8.275205061403235959e+03
8.276626006680513456e+03
8.278046729345252970e+03
8.279467236204371147e+03
8.280887533872182757e+03
8.282307628775342891e+03
8.283727527157672739e+03
8.285147235084888962e+03
8.286566758449202098e+03
8.287986102973834932e+03
8.289405274217429906e+03
8.290824277578341935e+03
8.292243118298860281e+03
8.293661801469297643e+03
8.295080332032019214e+03
8.296498714785349875e+03
8.297916954387417718e+03
8.299335055359868420e+03
8.300753022091535968e+03
8.302170858841996960e+03
8.303588569745041241e+03
8.305006158812087961e+03
8.306423629935476129e+03
8.307840986891713328e+03
8.309258233344631662e+03
8.310675372848458210e+03
8.312092408850827269e+03
8.313509344695705295e+03
8.314926183626264901e+03
8.316342928787651545e+03
8.317759583229721102e+03
8.319176149909682863e+03
8.320592631694691590e+03
8.322009031364365001e+03
8.323425351613243038e+03
8.324841595053188939e+03
8.326257764215717543e+03
8.327673861554278119e+03
8.329089889446466259e+03
8.330505850196195752e+03
8.331921746035797696e+03
8.333337579128074140e+03
8.334753351568295329e+03
8.336169065386149668e+03
8.337584722547644560e+03
8.339000324956941768e+03
8.340415874458169128e+03
8.341831372837164963e+03
8.343246821823180653e+03
8.344662223090548650e+03
8.346077578260288647e+03
8.347492888901688275e+03
8.348908156533834699e+03
8.350323382627091632e+03
8.351738568604563625e+03
8.353153715843498503e+03
8.354568825676660708e+03
8.355983899393662796e+03
8.357398938242271470e+03
8.358813943429662686e+03
8.360228916123647650e+03
8.361643857453876990e+03
8.363058768512990355e+03
8.364473650357755105e+03
8.365888504010152246e+03
8.367303330458451455e+03
8.368718130658247901e+03
8.370132905533462690e+03
8.371547655977325121e+03
8.372962382853327654e+03
8.374377086996144499e+03
8.375791769212535655e+03
8.377206430282205474e+03
8.378621070958670316e+03
8.380035691970064363e+03
8.381450294019947250e+03
8.382864877788069862e+03
8.384279443931149217e+03
8.385693993083568785e+03
8.387108525858118810e+03
8.388523042846662065e+03
8.389937544620819608e+03
8.391352031732607429e+03
8.392766504715076735e+03
8.394180964082914215e+03
8.395595410333045947e+03
8.397009843945204921e+03
8.398424265382493104e+03
8.399838675091921687e+03
8.401253073504936765e+03
8.402667461037926842e+03
8.404081838092717589e+03
8.405496205057052066e+03
8.406910562305052736e+03
8.408324910197668942e+03
8.409739249083120740e+03
8.411153579297315446e+03
8.412567901164258728e+03
8.413982214996451148e+03
8.415396521095277421e+03
8.416810819751368399e+03
8.418225111244977597e+03
8.419639395846315892e+03
8.421053673815900765e+03
8.422467945404881903e+03
8.423882210855352241e+03
8.425296470400669932e+03
8.426710724265740282e+03
8.428124972667317707e+03
8.429539215814278577e+03
8.430953453907890434e+03
8.432367687142075738e+03
8.433781915703668346e+03
8.435196139772655442e+03
8.436610359522412182e+03
8.438024575119936344e+03
