0.000000000000000000e+00
5.371789293107901209e+00
1.074339389454611471e+01
1.611462911308933244e+01
2.148531025886374124e+01
2.685525264484854802e+01
3.222427158897782817e+01
3.759218241684241235e+01
4.295880046499146943e+01
4.832394108483314454e+01
5.368741964713379389e+01
5.904905154711489956e+01
6.440865221014676933e+01
6.976603709803805486e+01
7.512102171591975264e+01
8.047342161972221675e+01
8.582305242424379799e+01
9.116972981180906288e+01
9.651326954151478787e+01
1.018534874590614976e+02
1.071901995071679607e+02
1.125232217365660858e+02
1.178523703175734596e+02
1.231774615522400893e+02
1.284983118870661087e+02
1.338147379262867105e+02
1.391265564457204960e+02
1.444335844071765678e+02
1.497356389734167124e+02
1.550325375236665195e+02
1.603240976696719144e+02
1.656101372722939686e+02
1.708904744586378968e+02
1.761649276397085373e+02
1.814333155285873715e+02
1.866954571591233218e+02
1.919511719051304226e+02
1.972002795000854007e+02
2.024426000573167244e+02
2.076779540906775026e+02
2.129061625356932836e+02
2.181270467711763956e+02
2.233404286412968247e+02
2.285461304781010483e+02
2.337439751244679087e+02
2.389337859574918070e+02
2.441153869122821050e+02
2.492886025061680471e+02
2.544532578632974094e+02
2.596091787396171640e+02
2.647561915482241943e+02
2.698941233850730441e+02
2.750228020550280803e+02
2.801420560982471102e+02
2.852517148168817016e+02
2.903516083020820133e+02
2.954415674612895373e+02
3.005214240458054178e+02
3.055910106786174083e+02
3.106501608824711411e+02
3.156987091081698509e+02
3.207364907630864650e+02
3.257633422398715197e+02
3.307791009453411561e+02
3.357836053295268925e+02
3.407766949148719959e+02
3.457582103255542734e+02
3.507279933169209016e+02
3.556858868050141496e+02
3.606317348961723610e+02
3.655653829166860760e+02
3.704866774424917821e+02
3.753954663288838560e+02
3.802915987402259361e+02
3.851749251796427416e+02
3.900452975186730669e+02
3.949025690268638300e+02
3.997465944012869272e+02
4.045772297959579191e+02
4.093943328511382447e+02
4.141977627224991920e+02
4.189873801101306867e+02
4.237630472873717622e+02
4.285246281294452046e+02
4.332719881418762498e+02
4.380049944886741287e+02
4.427235160202582733e+02
4.474274233011083197e+02
4.521165886371192073e+02
4.567908861026410250e+02
4.614501915671846746e+02
4.660943827217744229e+02
4.707233391049269926e+02
4.753369421282397980e+02
4.799350751015687138e+02
4.845176232577773021e+02
4.890844737770385677e+02
4.936355158106724161e+02
4.981706405045003407e+02
5.026897410216995468e+02
5.071927125651407664e+02
5.116794523991918027e+02
5.161498598709707721e+02
5.206038364310336419e+02
5.250412856534794628e+02
5.294621132554586893e+02
5.338662271160694672e+02
5.382535372946285861e+02
5.426239560483012383e+02
5.469773978490785566e+02
5.513137794000874692e+02
5.556330196512228667e+02
5.599350398140884408e+02
5.642197633762359601e+02
5.684871161146910481e+02
5.727370261087563676e+02
5.769694237520811839e+02
5.811842417639898031e+02
5.853814152000581998e+02
5.895608814619332634e+02
5.937225803063852254e+02
5.978664538535874726e+02
6.019924465946176042e+02
6.061005053981739366e+02
6.101905795165025665e+02
6.142626205905311281e+02
6.183165826542041259e+02
6.223524221380197332e+02
6.263700978717616863e+02
6.303695710864285502e+02
6.343508054153558078e+02
6.383137668945329324e+02
6.422584239621136248e+02
6.461847474571214889e+02
6.500927106173511447e+02
6.539822890764678505e+02
6.578534608603084735e+02
6.617062063823848348e+02
6.655405084385971577e+02
6.693563522011578470e+02
6.731537252117335584e+02
6.769326173738105581e+02
6.806930209442880368e+02
6.844349305243083563e+02
6.881583430493302558e+02
6.918632577784524074e+02
6.955496762829973250e+02
6.992176024343631298e+02
7.028670423911521539e+02
7.064980045855886601e+02
7.101104997092326130e+02
7.137045406980034841e+02
7.172801427165230734e+02
7.208373231417907618e+02
7.243761015462008572e+02
7.278964996799179517e+02
7.313985414526197246e+02
7.348822529146232228e+02
7.383476622374057570e+02
7.417947996935367883e+02
7.452236976360323979e+02
7.486343904771491680e+02
7.520269146666315692e+02
7.554013086694258163e+02
7.587576129428807690e+02
7.620958699134436074e+02
7.654161239528747274e+02
7.687184213539896973e+02
7.720028103059507885e+02
7.752693408691204695e+02
7.785180649494939189e+02
7.817490362727288584e+02
7.849623103577866914e+02
7.881579444902040450e+02
7.913359976950085866e+02
7.944965307093000320e+02
7.976396059545077151e+02
8.007652875083481376e+02
8.038736410764928451e+02
8.069647339639666370e+02
8.100386350462949849e+02
8.130954147404122523e+02
8.161351449753516363e+02
8.191578991627311552e+02
8.221637521670543265e+02
8.251527802758381540e+02
8.281250611695895714e+02
8.310806738916427321e+02
8.340196988178742004e+02
8.369422176263132087e+02
8.398483132666599431e+02
8.427380699297308411e+02
8.456115730168419304e+02
8.484689091091508999e+02
8.513101659369659728e+02
8.541354323490426168e+02
8.569447982818786613e+02
8.597383547290224897e+02
8.625161937104109029e+02
8.652784082417460922e+02
8.680250923039288864e+02
8.707563408125602109e+02
8.734722495875217874e+02
8.761729153226526705e+02
8.788584355555296952e+02
8.815289086373678629e+02
8.841844337030482848e+02
8.868251106412897116e+02
8.894510400649705844e+02
8.920623232816155905e+02
8.946590622640559332e+02
8.972413596212728635e+02
8.998093185694366412e+02
9.023630429031486528e+02
9.049026369668965799e+02
9.074282056267318239e+02
9.099398542421783986e+02
9.124376886383799956e+02
9.149218150784952286e+02
9.173923402363493551e+02
9.198493711693448631e+02
9.222930152916470661e+02
9.247233803476422054e+02
9.271405743856812478e+02
9.295447057321126749e+02
9.319358829656109720e+02
9.343142148918061594e+02
9.366798105182200516e+02
9.390327790295156092e+02
9.413732297630599533e+02
9.437012721848118417e+02
9.460170158655331534e+02
9.483205704573289268e+02
9.506120456705217521e+02
9.528915512508623351e+02
9.551591969570800984e+02
9.574150925387762072e+02
9.596593477146615214e+02
9.618920721511439069e+02
9.641133754412639973e+02
9.663233670839827028e+02
9.685221564638252403e+02
9.707098528308766845e+02
9.728865652811364271e+02
9.750524027372298406e+02
9.772074739294771462e+02
9.793518873773226687e+02
9.814857513711234560e+02
9.836091739542972618e+02
9.857222629058295524e+02
9.878251257231426052e+02
9.899178696053197655e+02
9.920006014366952058e+02
9.940734277707939555e+02
9.961364548146359539e+02
9.981897884133937850e+02
1.000233534035404318e+03
1.002267796757538576e+03
1.004292681250919600e+03
1.006308291766994671e+03
1.008314732123956333e+03
1.010312105693509920e+03
1.012300515387987161e+03
1.014280063647804695e+03
1.016250852429261954e+03
1.018212983192680554e+03
1.020166556890878269e+03
1.022111673957978383e+03
1.024048434298551456e+03
1.025976937277084289e+03
1.027897281707777438e+03
1.029809565844664348e+03
1.031713887372052341e+03
1.033610343395279642e+03
1.035499030431789379e+03
1.037380044402512567e+03
1.039253480623560108e+03
1.041119433798219916e+03
1.042977998009256453e+03
1.044829266711506307e+03
1.046673332724770717e+03
1.048510288226998910e+03
1.050340224747759294e+03
1.052163233161993958e+03
1.053979403684055569e+03
1.055788825862021895e+03
1.057591588572280216e+03
1.059387780014387090e+03
1.061177487706189368e+03
1.062960798479210780e+03
1.064737798474295687e+03
1.066508573137508392e+03
1.068273207216284618e+03
1.070031784755827175e+03
1.071784389095750612e+03
1.073531102866959600e+03
1.075272007988768109e+03
1.077007185666249597e+03
1.078736716387813431e+03
1.080460679923008229e+03
1.082179155320546442e+03
1.083892220906542889e+03
1.085599954282969975e+03
1.087302432326320059e+03
1.088999731186473582e+03
1.090691926285770023e+03
1.092379092318276435e+03
1.094061303249249249e+03
1.095738632314787765e+03
1.097411152021673843e+03
1.099078934147395557e+03
1.100742049740348648e+03
1.102400569120213959e+03
1.104054561878509048e+03
1.105704096879304416e+03
1.107349242260108213e+03
1.108990065432909205e+03
1.110626633085378444e+03
1.112259011182225549e+03
1.113887264966703697e+03
1.115511458962264442e+03
1.117131656974351017e+03
1.118747922092338285e+03
1.120360316691603657e+03
1.121968902435733526e+03
1.123573740278859532e+03
1.125174890468120793e+03
1.126772412546250280e+03
1.128366365354278742e+03
1.129956807034358917e+03
1.131543795032698426e+03
1.133127386102608170e+03
1.134707636307652592e+03
1.136284601024908625e+03
1.137858334948321271e+03
1.139428892092159685e+03
1.140996325794567838e+03
1.142560688721204770e+03
1.144122032868976930e+03
1.145680409569852827e+03
1.147235869494764302e+03
1.148788462657584432e+03
1.150338238419185700e+03
1.151885245491570458e+03
1.153429531942075073e+03
1.154971145197640681e+03
1.156510132049154663e+03
1.158046538655848508e+03
1.159580410549766839e+03
1.161111792640284648e+03
1.162640729218687966e+03
1.164167263962805464e+03
1.165691439941690078e+03
1.167213299620350881e+03
1.168732884864531343e+03
1.170250236945529423e+03
1.171765396545061776e+03
1.173278403760165702e+03
1.174789298108138382e+03
1.176298118531511136e+03
1.177804903403056414e+03
1.179309690530824810e+03
1.180812517163211623e+03
1.182313419994047990e+03
1.183812435167717695e+03
1.185309598284296726e+03
1.186804944404710341e+03
1.188298508055913089e+03
1.189790323236081349e+03
1.191280423419821773e+03
1.192768841563393835e+03
1.194255610109942381e+03
1.195740760994739048e+03
1.197224325650432547e+03
1.198706335012303725e+03
1.200186819523525173e+03
1.201665809140424699e+03
1.203143333337748118e+03
1.204619421113922726e+03
1.206094100996318275e+03
1.207567401046504528e+03
1.209039348865504962e+03
1.210509971599042046e+03
1.211979295942777526e+03
1.213447348147541334e+03
1.214914154024550726e+03
1.216379738950620094e+03
1.217844127873353727e+03
1.219307345316327428e+03
1.220769415384255808e+03
1.222230361768139119e+03
1.223690207750395757e+03
1.225148976209977036e+03
1.226606689627457399e+03
1.228063370090109402e+03
1.229519039296953224e+03
1.230973718563785951e+03
1.232427428828184020e+03
1.233880190654485205e+03
1.235332024238741496e+03
1.236782949413647202e+03
1.238232985653440437e+03
1.239682152078775061e+03
1.241130467461565331e+03
1.242577950229800308e+03
1.244024618472327347e+03
1.245470489943606935e+03
1.246915582068433423e+03
1.248359911946623924e+03
1.249803496357676750e+03
1.251246351765392774e+03
1.252688494322465885e+03
1.254129939875036371e+03
1.255570703967211102e+03
1.257010801845547121e+03
1.258450248463499292e+03
1.259889058485831811e+03
1.261327246292991958e+03
1.262764825985447715e+03
1.264201811387986254e+03
1.265638216053974929e+03
1.267074053269584510e+03
1.268509336057972405e+03
1.269944077183427225e+03
1.271378289155475386e+03
1.272811984232944724e+03
1.274245174427993106e+03
1.275677871510091791e+03
1.277110087009971949e+03
1.278541832223530946e+03
1.279973118215694512e+03
1.281403955824242303e+03
1.282834355663590031e+03
1.284264328128531588e+03
1.285693883397939089e+03
1.287123031438423141e+03
1.288551782007950806e+03
1.289980144659422422e+03
1.291408128744207943e+03
1.292835743415639854e+03
1.294262997632467886e+03
1.295689900162269623e+03
1.297116459584820632e+03
1.298542684295424579e+03
1.299968582508199916e+03
1.301394162259327686e+03
1.302819431410255675e+03
1.304244397650865039e+03
1.305669068502592609e+03
1.307093451321514522e+03
1.308517553301388261e+03
1.309941381476655351e+03
1.311364942725401761e+03
1.312788243772281021e+03
1.314211291191393912e+03
1.315634091409130633e+03
1.317056650706973187e+03
1.318478975224257056e+03
1.319901070960894913e+03
1.321322943780060996e+03
1.322744599410835463e+03
1.324166043450812595e+03
1.325587281368667846e+03
1.327008318506690102e+03
1.328429160083271427e+03
1.329849811195365191e+03
1.331270276820901017e+03
1.332690561821167421e+03
1.334110670943154446e+03
1.335530608821861051e+03
1.336950379982567028e+03
1.338369988843068313e+03
1.339789439715875915e+03
1.341208736810380060e+03
1.342627884234981821e+03
1.344046885999185633e+03
1.345465746015660443e+03
1.346884468102266965e+03
1.348303055984049479e+03
1.349721513295195336e+03
1.351139843580961724e+03
1.352558050299568777e+03
1.353976136824061314e+03
1.355394106444138515e+03
1.356811962367949718e+03
1.358229707723862703e+03
1.359647345562198097e+03
1.361064878856933319e+03
1.362482310507378088e+03
1.363899643339817885e+03
1.365316880109128988e+03
1.366734023500364401e+03
1.368151076130309548e+03
1.369568040549010448e+03
1.370984919241275293e+03
1.372401714628143509e+03
1.373818429068333444e+03
1.375235064859657541e+03
1.376651624240414094e+03
1.378068109390751260e+03
1.379484522434004930e+03
1.380900865438012033e+03
1.382317140416396569e+03
1.383733349329832663e+03
1.385149494087281710e+03
1.386565576547204955e+03
1.387981598518753572e+03
1.389397561762933265e+03
1.390813467993748191e+03
1.392229318879317816e+03
1.393645116042975587e+03
1.395060861064343271e+03
1.396476555480382558e+03
1.397892200786427111e+03
1.399307798437191423e+03
1.400723349847760346e+03
1.402138856394557706e+03
1.403554319416293083e+03
1.404969740214890635e+03
1.406385120056398137e+03
1.407800460171874647e+03
1.409215761758262715e+03
1.410631025979238530e+03
1.412046253966044787e+03
1.413461446818307650e+03
1.414876605604832321e+03
1.416291731364384759e+03
1.417706825106452698e+03
1.419121887811993929e+03
1.420536920434163449e+03
1.421951923899028998e+03
1.423366899106267283e+03
1.424781846929845187e+03
1.426196768218687339e+03
1.427611663797326628e+03
1.429026534466540852e+03
1.430441381003973675e+03
1.431856204164744213e+03
1.433271004682038210e+03
1.434685783267689203e+03
1.436100540612744908e+03
1.437515277388019513e+03
1.438929994244634372e+03
1.440344691814545740e+03
1.441759370711058409e+03
1.443174031529329568e+03
1.444588674846859021e+03
1.446003301223968265e+03
1.447417911204267739e+03
1.448832505315112485e+03
1.450247084068048707e+03
1.451661647959245784e+03
1.453076197469921681e+03
1.454490733066755865e+03
1.455905255202291528e+03
1.457319764315328939e+03
1.458734260831309257e+03
1.460148745162687874e+03
1.461563217709298442e+03
1.462977678858709623e+03
1.464392128986567968e+03
1.465806568456940568e+03
1.467220997622638833e+03
1.468635416825542734e+03
1.470049826396910476e+03
1.471464226657684776e+03
1.472878617918788905e+03
1.474293000481413628e+03
1.475707374637301427e+03
1.477121740669018891e+03
1.478536098850222515e+03
1.479950449445920867e+03
1.481364792712725148e+03
1.482779128899096577e+03
1.484193458245586953e+03
1.485607780985069212e+03
1.487022097342967527e+03
1.488436407537476725e+03
1.489850711779777384e+03
1.491265010274245469e+03
1.492679303218654468e+03
1.494093590804376845e+03
1.495507873216571625e+03
1.496922150634376749e+03
1.498336423231086883e+03
1.499750691174334634e+03
1.501164954626259032e+03
1.502579213743675609e+03
1.503993468678237832e+03
1.505407719576596719e+03
1.506821966580552498e+03
1.508236209827206494e+03
1.509650449449104372e+03
1.511064685574378927e+03
1.512478918326885605e+03
1.513893147826337781e+03
1.515307374188433641e+03
1.516721597524984873e+03
1.518135817944035580e+03
1.519550035549983477e+03
1.520964250443693800e+03
