0.000000000000000000e+00
5.133436192315994617e+01
1.026635540021159017e+02
1.539824064446797252e+02
2.052857496168455782e+02
2.565684142184828147e+02
3.078252315291857144e+02
3.590510337241494767e+02
4.102406542598954502e+02
4.613889283296127246e+02
5.124906933878294240e+02
5.635407897440611578e+02
6.145340612250184904e+02
6.654653559048845182e+02
7.163295269030949157e+02
7.671214332489737444e+02
8.178359408124955507e+02
8.684679233003489571e+02
9.190122633163955470e+02
9.694638534855082526e+02
1.019817597639687506e+03
1.070068412065239272e+03
1.120211226809704158e+03
1.170240987047110366e+03
1.220152654500021981e+03
1.269941208916733558e+03
1.319601649601858526e+03
1.369128996998437742e+03
1.418518294319584584e+03
1.467764609227565643e+03
1.516863035558103775e+03
1.565808695087575416e+03
1.614596739340662452e+03
1.663222351435907058e+03
1.711680747966510808e+03
1.759967180913612765e+03
1.808076939589175481e+03
1.856005352605515782e+03
1.903747789868414429e+03
1.951299664590650309e+03
1.998656435322722928e+03
2.045813607997446297e+03
2.092766737985011787e+03
2.139511432155074544e+03
2.186043350942328743e+03
2.232358210412009612e+03
2.278451784321695868e+03
2.324319906175761389e+03
2.369958471268785615e+03
2.415363438714226959e+03
2.460530833454632557e+03
2.505456748249678185e+03
2.550137345638319857e+03
2.594568859871373206e+03
2.638747598810852651e+03
2.682669945792444196e+03
2.726332361447534822e+03
2.769731385481275538e+03
2.812863638403226105e+03
2.855725823207201756e+03
2.898314726997036360e+03
2.940627222555066965e+03
2.982660269850248824e+03
3.024410917482940476e+03
3.065876304063496718e+03
3.107053659521962345e+03
3.147940306346291891e+03
3.188533660746660644e+03
3.228831233743599114e+03
3.268830632177838197e+03
3.308529559639921445e+03
3.347925817317811834e+03
3.387017304760901879e+03
3.425802020559019184e+03
3.464278062935190064e+03
3.502443630251145805e+03
3.540297021424705235e+03
3.577836636258395629e+03
3.615060975678848990e+03
3.651968641886707701e+03
3.688558338416968581e+03
3.724828870109893160e+03
3.760779142992783818e+03
3.796408164073142416e+03
3.831715041043877136e+03
3.866698981901447496e+03
3.901359294477972071e+03
3.935695385888524925e+03
3.969706761895005911e+03
4.003393026188122803e+03
4.036753879589192366e+03
4.069789119173598465e+03
4.102498637317905377e+03
4.134882420672741318e+03
4.166940549063691833e+03
4.198673194322583186e+03
4.230080619051607755e+03
4.261163175322871211e+03
4.291921303316024932e+03
4.322355529896720327e+03
4.352466467138708140e+03
4.382254810792453100e+03
4.411721338703207039e+03
4.440866909181518167e+03
4.469692459329186022e+03
4.498199003323714351e+03
4.526387630664323297e+03
4.554259504382588602e+03
4.581815859220788298e+03
4.609057999781023682e+03
4.635987298648174146e+03
4.662605194489707173e+03
4.688913190135370314e+03
4.714912850639705539e+03
4.740605801330343638e+03
4.765993725844933579e+03
4.791078364159536250e+03
4.815861510611262020e+03
4.840345011917827833e+03
4.864530765196677748e+03
4.888420715986223513e+03
4.912016856271678080e+03
4.935321222517871320e+03
4.958335893711379867e+03
4.981062989414172080e+03
5.003504667830921790e+03
5.025663123892024487e+03
5.047540587354265881e+03
5.069139320921000945e+03
5.090461618383605128e+03
5.111509802785853935e+03
5.132286224612811566e+03
5.152793260005690172e+03
5.173033309004052171e+03
5.193008793816653451e+03
5.212722157122091630e+03
5.232175860400367128e+03
5.251372382296351134e+03
5.270314217016078146e+03
5.289003872756665260e+03
5.307443870170623995e+03
5.325636740865178581e+03
5.343585025937192768e+03
5.361291274544158114e+03
5.378758042511683016e+03
5.395987890977801726e+03
5.412983385074357102e+03
5.429747092645668090e+03
5.446281583004588356e+03
5.462589425726031550e+03
5.478673189477945925e+03
5.494535440889690108e+03
5.510178743457686323e+03
5.525605656488193745e+03
5.540818734076965484e+03
5.555820524125537304e+03
5.570613567393836092e+03
5.585200396588750664e+03
5.599583535488272901e+03
5.613765498100793593e+03
5.627748787859078220e+03
5.641535896848441553e+03
5.655129305068591748e+03
5.668531479728608247e+03
5.681744874574476853e+03
5.694771929248586275e+03
5.707615068680591321e+03
5.720276702508998824e+03
5.732759224532839653e+03
5.745065012192780159e+03
5.757196426080990022e+03
5.769155809479108029e+03
5.780945487923605469e+03
5.792567768797875033e+03
5.804024940950339442e+03
5.815319274337883144e+03
5.826453019693929491e+03
5.837428408220424899e+03
5.848247651303082421e+03
5.858912940249150779e+03
5.869426446047032186e+03
5.879790319147075934e+03
5.890006689262830150e+03
5.900077665192127824e+03
5.910005334657284948e+03
5.919791764163782318e+03
5.929438998876787082e+03
5.938949062514834623e+03
5.948323957260072348e+03
5.957565663684425999e+03
5.966676140691082765e+03
5.975657325470680917e+03
5.984511133471621179e+03
5.993239458383934107e+03
6.001844172136106863e+03
6.010327124904351876e+03
6.018690145133746228e+03
6.026935039570727895e+03
6.035063593306431358e+03
6.043077569830359607e+03
6.050978711093886886e+03
6.058768737583150141e+03
6.066449348400814415e+03
6.074022221356312002e+03
6.081489013064076971e+03
6.088851359049370330e+03
6.096110873861270193e+03
6.103269151192441313e+03
6.110327764005275640e+03
6.117288264664040071e+03
6.124152185072668544e+03
6.130921036817842833e+03
6.137596311317017353e+03
6.144179479971057845e+03
6.150671994321211059e+03
6.157075286210025297e+03
6.163390767946015330e+03
6.169619832471725204e+03
6.175763853534935151e+03
6.181824185862749800e+03
6.187802165338323903e+03
6.193699109179961852e+03
6.199516316122379976e+03
6.205255066599882412e+03
6.210916622931268648e+03
6.216502229506232652e+03
6.222013112973082571e+03
6.227450482427580027e+03
6.232815529602718016e+03
6.238109429059276408e+03
6.243333338376974098e+03
6.248488398346080430e+03
6.253575733159315860e+03
6.258596450603920857e+03
6.263551642253732098e+03
6.268442383661169515e+03
6.273269734548978704e+03
6.278034739001641356e+03
6.282738425656320942e+03
6.287381807893253608e+03
6.291965884025486048e+03
6.296491637487857588e+03
6.300960037025143720e+03
6.305372036879286497e+03
6.309728576975622673e+03
6.314030583108035898e+03
6.318278967122983886e+03
6.322474627102305931e+03
6.326618447544777155e+03
6.330711299546343071e+03
6.334754040978979901e+03
6.338747516668137905e+03
6.342692558568724962e+03
6.346589985939576763e+03
6.350440605516392679e+03
6.354245211683091838e+03
6.358004586641557580e+03
6.361719500579747546e+03
6.365390711838144853e+03
6.369018967074509419e+03
6.372605001426936724e+03
6.376149538675181248e+03
6.379653291400240960e+03
6.383116961142189211e+03
6.386541238556233111e+03
6.389926803566999297e+03
6.393274325521039827e+03
6.396584463337535453e+03
6.399857865657215370e+03
6.403095170989475264e+03
6.406297007857700919e+03
6.409463994942777390e+03
6.412596741224837388e+03
6.415695846123177944e+03
6.418761899634418114e+03
6.421795482468855880e+03
6.424797166185063361e+03
6.427767513322706691e+03
6.430707077533607844e+03
6.433616403711059320e+03
6.436496028117403512e+03
6.439346478509872213e+03
6.442168274264737192e+03
6.444961926499730907e+03
6.447727938194798298e+03
6.450466804311168744e+03
6.453179011908768189e+03
6.455865040261996000e+03
6.458525360973857460e+03
6.461160438088510091e+03
6.463770728202189275e+03
6.466356680572577716e+03
6.468918737226602389e+03
6.471457333066695355e+03
6.473972895975531173e+03
6.476465846919252726e+03
6.478936600049212757e+03
6.481385562802251115e+03
6.483813135999516817e+03
6.486219713943855822e+03
6.488605684515802750e+03
6.490971429268152860e+03
6.493317323519184356e+03
6.495643736444520073e+03
6.497951031167639485e+03
6.500239564849096496e+03
6.502509688774420283e+03
6.504761748440749216e+03
6.506996083642206941e+03
6.509213028554021548e+03
6.511412911815451480e+03
6.513596056611475433e+03
6.515762780753328116e+03
6.517913396757850933e+03
6.520048211925702162e+03
6.522167528418436632e+03
6.524271643334477631e+03
6.526360848783985602e+03
6.528435431962664552e+03
6.530495675224497973e+03
6.532541856153451590e+03
6.534574247634143831e+03
6.536593117921518569e+03
6.538598730709515621e+03
6.540591345198783529e+03
6.542571216163409190e+03
6.544538594016725256e+03
6.546493724876189845e+03
6.548436850627333115e+03
6.550368208986836180e+03
6.552288033564710531e+03
6.554196553925608896e+03
6.556093995649295721e+03
6.557980580390264549e+03
6.559856525936547769e+03
6.561722046267692349e+03
6.563577351611957965e+03
6.565422648502726588e+03
6.567258139834119902e+03
6.569084024915890041e+03
6.570900499527536340e+03
6.572707755971695406e+03
6.574505983126814499e+03
6.576295366499101874e+03
6.578076088273785899e+03
6.579848327365676596e+03
6.581612259469052333e+03
6.583368057106878950e+03
6.585115889679374050e+03
6.586855923511909168e+03
6.588588321902294410e+03
6.590313245167420973e+03
6.592030850689284307e+03
6.593741292960409737e+03
6.595444723628665088e+03
6.597141291541480314e+03
6.598831142789501428e+03
6.600514420749647797e+03
6.602191266127611016e+03
6.603861816999805342e+03
6.605526208854748802e+03
6.607184574633910415e+03
6.608837044772027184e+03
6.610483747236879935e+03
6.612124807568555298e+03
6.613760348918188356e+03
6.615390492086207814e+03
6.617015355560060925e+03
6.618635055551464575e+03
6.620249706033147959e+03
6.621859418775129598e+03
6.623464303380507772e+03
6.625064467320781660e+03
6.626660015970707718e+03
6.628251052642704053e+03
6.629837678620783663e+03
6.631419993194061135e+03
6.632998093689798225e+03
6.634572075506018336e+03
6.636142032143690813e+03
6.637708055238481393e+03
6.639270234592081579e+03
6.640828658203122359e+03
6.642383412297668656e+03
6.643934581359306321e+03
6.645482248158829861e+03
6.647026493783517253e+03
6.648567397666023680e+03
6.650105037612868728e+03
6.651639489832545223e+03
6.653170828963247004e+03
6.654699128100200141e+03
6.656224458822640372e+03
6.657746891220402176e+03
6.659266493920151333e+03
6.660783334111240038e+03
6.662297477571216405e+03
6.663808988690964725e+03
6.665317930499503746e+03
6.666824364688422975e+03
6.668328351635986110e+03
6.669829950430879762e+03
6.671329218895631129e+03
6.672826213609687329e+03
6.674320989932162774e+03
6.675813602024260035e+03
6.677304102871356008e+03
6.678792544304780677e+03
6.680278977023263906e+03
6.681763450614073008e+03
6.683246013573834716e+03
6.684726713329050654e+03
6.686205596256305398e+03
6.687682707702168045e+03
6.689158092002800913e+03
6.690631792503263569e+03
6.692103851576528541e+03
6.693574310642205091e+03
6.695043210184977397e+03
6.696510589772742605e+03
6.697976488074498775e+03
6.699440942877920861e+03
6.700903991106677495e+03
6.702365668837478552e+03
6.703826011316837139e+03
6.705285052977586929e+03
6.706742827455110273e+03
6.708199367603324390e+03
6.709654705510402891e+03
6.711108872514233553e+03
6.712561899217643258e+03
6.714013815503352816e+03
6.715464650548692589e+03
6.716914432840084373e+03
6.718363190187258624e+03
6.719810949737256124e+03
6.721257737988180452e+03
6.722703580802726719e+03
6.724148503421468376e+03
6.725592530475924832e+03
6.727035686001405338e+03
6.728477993449629139e+03
6.729919475701119154e+03
6.731360155077388299e+03
6.732800053352911164e+03
6.734239191766878321e+03
6.735677591034746911e+03
6.737115271359585677e+03
6.738552252443213547e+03
6.739988553497137218e+03
6.741424193253294106e+03
6.742859189974602486e+03
6.744293561465303355e+03
6.745727325081136769e+03
6.747160497739302627e+03
6.748593095928260482e+03
6.750025135717331978e+03
6.751456632766125949e+03
6.752887602333792529e+03
6.754318059288087170e+03
6.755748018114282786e+03
6.757177492923889986e+03
6.758606497463228152e+03
6.760035045121812800e+03
6.761463148940598330e+03
6.762890821620046154e+03
6.764318075528042755e+03
6.765744922707654041e+03
6.767171374884731449e+03
6.768597443475373439e+03
6.770023139593217820e+03
6.771448474056612213e+03
6.772873457395617152e+03
6.774298099858881869e+03
6.775722411420380922e+03
6.777146401785997114e+03
6.778570080399986182e+03
6.779993456451303246e+03
6.781416538879790096e+03
6.782839336382239708e+03
6.784261857418339787e+03
6.785684110216477166e+03
6.787106102779431239e+03
6.788527842889941894e+03
6.789949338116154649e+03
6.791370595816962123e+03
6.792791623147211794e+03
6.794212427062819188e+03
6.795633014325754630e+03
6.797053391508936329e+03
6.798473565001005227e+03
6.799893541010990702e+03
6.801313325572894428e+03
6.802732924550146890e+03
6.804152343639980245e+03
6.805571588377701119e+03
6.806990664140858826e+03
6.808409576153336275e+03
6.809828329489326279e+03
6.811246929077234199e+03
6.812665379703487815e+03
6.814083686016257161e+03
6.815501852529082498e+03
6.816919883624434078e+03
6.818337783557172770e+03
6.819755556457941566e+03
6.821173206336471594e+03
6.822590737084812645e+03
6.824008152480480021e+03
6.825425456189545912e+03
6.826842651769631630e+03
6.828259742672848915e+03
6.829676732248658482e+03
6.831093623746668527e+03
6.832510420319352306e+03
6.833927125024717498e+03
6.835343740828895534e+03
6.836760270608675455e+03
6.838176717153969548e+03
6.839593083170227146e+03
6.841009371280780215e+03
6.842425584029130732e+03
6.843841723881187136e+03
6.845257793227443472e+03
6.846673794385096699e+03
6.848089729600117607e+03
6.849505601049267170e+03
6.850921410842061960e+03
6.852337161022689543e+03
6.853752853571870219e+03
6.855168490408678736e+03
6.856584073392318714e+03
6.857999604323834319e+03
6.859415084947808282e+03
6.860830516953984443e+03
6.862245901978866641e+03
6.863661241607270313e+03
6.865076537373831343e+03
6.866491790764479447e+03
6.867907003217871534e+03
6.869322176126774139e+03
6.870737310839435850e+03
6.872152408660895162e+03
6.873567470854267413e+03
6.874982498642000792e+03
6.876397493207083244e+03
6.877812455694229357e+03
6.879227387211032692e+03
6.880642288829079916e+03
6.882057161585043104e+03
6.883472006481735662e+03
6.884886824489144601e+03
6.886301616545422803e+03
6.887716383557872177e+03
6.889131126403882263e+03
6.890545845931849726e+03
6.891960542962072395e+03
6.893375218287618736e+03
6.894789872675167317e+03
6.896204506865828989e+03
6.897619121575944519e+03
6.899033717497850375e+03
6.900448295300637255e+03
6.901862855630878585e+03
6.903277399113337196e+03
6.904691926351652000e+03
6.906106437929008280e+03
6.907520934408786161e+03
6.908935416335188165e+03
6.910349884233855846e+03
6.911764338612454594e+03
6.913178779961253895e+03
6.914593208753688486e+03
6.916007625446897691e+03
6.917422030482249284e+03
6.918836424285851535e+03
6.920250807269052530e+03
6.921665179828917644e+03
6.923079542348687028e+03
6.924493895198241262e+03
6.925908238734529732e+03
6.927322573301999910e+03
6.928736899233006625e+03
6.930151216848211334e+03
6.931565526456971384e+03
6.932979828357711085e+03
6.934394122838292787e+03
6.935808410176357938e+03
6.937222690639678149e+03
6.938636964486482611e+03
6.940051231965777333e+03
6.941465493317655273e+03
6.942879748773602842e+03
6.944293998556780025e+03
6.945708242882315062e+03
6.947122481957569107e+03
6.948536715982403621e+03
6.949950945149435938e+03
6.951365169644290290e+03
6.952779389645828815e+03
6.954193605326395300e+03
