0.000000000000000000e+00
1.039617473180509393e+02
2.079088386153355543e+02
3.118266181166877686e+02
4.157004307937830276e+02
5.195156231945123864e+02
6.232575446032748232e+02
7.269115485312775036e+02
8.304629945355868585e+02
9.338972503652959176e+02
1.037199694432750221e+03
1.140355718607318067e+03
1.243350731328701613e+03
1.346170161036253830e+03
1.448799459910212136e+03
1.551224107920163306e+03
1.653429617175437215e+03
1.755401536571476981e+03
1.857125456725563254e+03
1.958587015194573951e+03
2.059771901966744281e+03
2.160665865218667932e+03
2.261254717328029074e+03
2.361524341131808796e+03
2.461460696418946554e+03
2.561049826645682060e+03
2.660277865861030477e+03
2.759131045829121376e+03
2.857595703334350674e+03
2.955658287654611286e+03
3.053305368187125168e+03
3.150523642210749131e+03
3.247299942767948778e+03
3.343621246649036493e+03
3.439474682460680015e+03
3.534847538760142470e+03
3.629727272236248609e+03
3.724101515917606321e+03
3.817958087388242348e+03
3.911284996990491436e+03
4.004070455994707117e+03
4.096302884715167238e+03
4.187970920551440031e+03
4.279063425934393308e+03
4.369569496156073001e+03
4.459478467062765048e+03
4.548779922590731076e+03
4.637463702124348856e+03
4.725519907656739633e+03
4.812938910733349985e+03
4.899711359159465246e+03
4.985828183453170823e+03
5.071280603025943492e+03
5.156060132073752357e+03
5.240158585162322197e+03
5.323568082491092355e+03
5.406281054821300131e+03
5.488290248054589028e+03
5.569588727449581711e+03
5.650169881464960781e+03
5.730027425218681856e+03
5.809155403554153054e+03
5.887548193705416452e+03
5.965200507554572141e+03
6.042107393475973367e+03
6.118264237762979974e+03
6.193666765634336116e+03
6.268311041818539707e+03
6.342193470715837975e+03
6.415310796138778642e+03
6.487660100633484944e+03
6.559238804385081494e+03
6.630044663711892099e+03
6.700075769154244881e+03
6.769330543164791379e+03
6.837807737408442335e+03
6.905506429680979636e+03
6.972426020456468905e+03
7.038566229074493094e+03
7.103927089579160565e+03
7.168508946222593295e+03
7.232312448646431221e+03
7.295338546755506286e+03
7.357588485298518208e+03
7.419063798171034250e+03
7.479766302456664562e+03
7.539698092222634841e+03
7.598861532086310945e+03
7.657259250569520191e+03
7.714894133257689646e+03
7.771769315780908073e+03
7.827888176634161027e+03
7.883254329853903073e+03
7.937871617568067450e+03
7.991744102436548019e+03
8.044876059998898199e+03
8.097271970945837893e+03
8.148936513330811067e+03
8.199874554737509243e+03
8.250091144418898693e+03
8.299591505422851696e+03
8.348381026719005604e+03
8.396465255341010561e+03
8.443849888557757367e+03
8.490540766086653093e+03
8.536543862361442734e+03
8.581865278866416702e+03
8.626511236548340094e+03
8.670488068316712088e+03
8.713802211642410839e+03
8.756460201264095303e+03
8.798468662011111519e+03
8.839834301751048770e+03
8.880563904469368936e+03
8.920664323488006630e+03
8.960142474829142884e+03
8.999005330729754860e+03
9.037259913311998389e+03
9.074913288413816190e+03
9.111972559583628026e+03
9.148444862242455201e+03
9.184337358016189683e+03
9.219657229240314336e+03
9.254411673638791399e+03
9.288607899178447042e+03
9.322253119099636024e+03
9.355354547123619341e+03
9.387919392836638508e+03
9.419954857250268105e+03
9.451468128537308075e+03
9.482466377942109830e+03
9.512956755863902799e+03
9.542946388111406122e+03
9.572442372326731856e+03
9.601451774576327807e+03
9.629981626106495241e+03
9.658038920260745726e+03
9.685630609556154013e+03
9.712763602915632873e+03
9.739444763052893904e+03
9.765680904006771016e+03
9.791478788821430499e+03
9.816845127368873364e+03
9.841786574310090145e+03
9.866309727191119237e+03
9.890421124670241625e+03
9.914127244872421215e+03
9.937434503867189051e+03
9.960349254266018761e+03
9.982877783935333355e+03
1.000502631482122524e+04
1.002680100188200231e+04
1.004820793212469289e+04
1.006925312374166788e+04
1.008994252534355837e+04
1.011028201528472164e+04
1.013027740107754289e+04
1.014993441889185669e+04
1.016925873313596639e+04
1.018825593611565091e+04
1.020693154776770825e+04
1.022529101546464335e+04
1.024333971388717146e+04
1.026108294496125200e+04
1.027852593785652789e+04
1.029567384904306164e+04
1.031253176240332687e+04
1.032910468939659586e+04
1.034539756927282360e+04
1.036141526933329988e+04
1.037716258523541001e+04
1.039264424133888315e+04
1.040786489109107424e+04
1.042282911744882404e+04
1.043754143333461252e+04
1.045200628212469746e+04
1.046622803816713531e+04
1.048021100732757259e+04
1.049395942756079057e+04
1.050747746950610963e+04
1.052076923710479241e+04
1.053383876823765968e+04
1.054669003538126162e+04
1.055932694628091849e+04
1.057175334463915715e+04
1.058397301081797559e+04
1.059598966255358027e+04
1.060780695568221745e+04
1.061942848487581614e+04
1.063085778438620218e+04
1.064209832879674650e+04
1.065315353378031068e+04
1.066402675686245857e+04
1.067472129818890244e+04
1.068524040129629975e+04
1.069558725388543098e+04
1.070576498859595995e+04
1.071577668378197632e+04
1.072562536428754356e+04
1.073531400222155935e+04
1.074484551773125713e+04
1.075422277977371778e+04
1.076344860688480367e+04
1.077252576794496781e+04
1.078145698294141039e+04
1.079024492372612258e+04
1.079889221476932471e+04
1.080740143390794947e+04
1.081577511308870635e+04
1.082401573910541083e+04
1.083212575433025813e+04
1.084010755743867412e+04
1.084796350412754509e+04
1.085569590782648629e+04
1.086330704040196906e+04
1.087079913285407383e+04
1.087817437600566700e+04
1.088543492118384165e+04
1.089258288089344933e+04
1.089962032948259184e+04
1.090654930379996222e+04
1.091337180384390558e+04
1.092008979340311816e+04
1.092670520068889891e+04
1.093321991895891006e+04
1.093963580713235569e+04
1.094595469039658565e+04
1.095217836080504458e+04
1.095830857786657361e+04
1.096434706912605543e+04
1.097029553073640272e+04
1.097615562802187560e+04
1.098192899603276237e+04
1.098761724009145655e+04
1.099322193632993549e+04
1.099874463221869155e+04
1.100418684708715955e+04
1.100955007263567495e+04
1.101483577343905927e+04
1.102004538744181082e+04
1.102518032644505729e+04
1.103024197658528283e+04
1.103523169880488786e+04
1.104015082931471443e+04
1.104500068004856257e+04
1.104978253910980129e+04
1.105449767121016157e+04
1.105914731810077683e+04
1.106373269899559273e+04
1.106825501098719178e+04
1.107271542945518013e+04
1.107711510846717829e+04
1.108145518117253778e+04
1.108573676018889091e+04
1.108996093798158472e+04
1.109412878723616996e+04
1.109824136122395794e+04
1.110229969416081804e+04
1.110630480155928308e+04
1.111025768057405912e+04
1.111415931034104506e+04
1.111801065230997301e+04
1.112181265057075871e+04
1.112556623217365632e+04
1.112927230744333974e+04
1.113293177028699029e+04
1.113654549849648538e+04
1.114011435404481563e+04
1.114363918337680479e+04
1.114712081769422730e+04
1.115056007323544327e+04
1.115395775154961848e+04
1.115731463976566556e+04
1.116063151085593563e+04
1.116390912389484038e+04
1.116714822431241919e+04
1.117034954414298591e+04
1.117351380226894253e+04
1.117664170465984171e+04
1.117973394460677991e+04
1.118279120295223947e+04
1.118581414831543043e+04
1.118880343731324137e+04
1.119175971477688108e+04
1.119468361396428736e+04
1.119757575676838678e+04
1.120043675392130172e+04
1.120326720519456649e+04
1.120606769959543999e+04
1.120883881555940206e+04
1.121158112113888092e+04
1.121429517418832802e+04
1.121698152254569322e+04
1.121964070421036922e+04
1.122227324751768174e+04
1.122487967131001096e+04
1.122746048510459514e+04
1.123001618925809453e+04
1.123254727512798490e+04
1.123505422523083325e+04
1.123753751339755217e+04
1.123999760492566020e+04
1.124243495672862809e+04
1.124485001748239301e+04
1.124724322776905137e+04
1.124961502021785054e+04
1.125196581964347934e+04
1.125429604318177553e+04
1.125660610042283770e+04
1.125889639354166502e+04
1.126116731742633419e+04
1.126341925980377164e+04
1.126565260136320103e+04
1.126786771587728072e+04
1.127006497032100742e+04
1.127224472498841715e+04
1.127440733360714876e+04
1.127655314345090301e+04
1.127868249544984428e+04
1.128079572429900145e+04
1.128289315856469329e+04
1.128497512078903492e+04
1.128704192759257603e+04
1.128909388977508570e+04
1.129113131241452902e+04
1.129315449496431393e+04
1.129516373134878268e+04
1.129715931005704624e+04
1.129914151423514886e+04
1.130111062177663371e+04
1.130306690541152784e+04
1.130501063279377377e+04
1.130694206658717121e+04
1.130886146454981827e+04
1.131076907961711368e+04
1.131266515998335490e+04
1.131454994918192460e+04
1.131642368616415297e+04
1.131828660537681208e+04
1.132013893683834976e+04
1.132198090621381925e+04
1.132381273488857914e+04
1.132563464004075831e+04
1.132744683471254211e+04
1.132924952788026712e+04
1.133104292452337540e+04
1.133282722569225189e+04
1.133460262857493944e+04
1.133636932656279168e+04
1.133812750931505434e+04
1.133987736282241349e+04
1.134161906946951967e+04
1.134335280809651704e+04
1.134507875405959749e+04
1.134679707929057804e+04
1.134850795235553960e+04
1.135021153851256167e+04
1.135190799976851486e+04
1.135359749493498384e+04
1.135528017968331005e+04
1.135695620659876658e+04
1.135862572523390190e+04
1.136028888216103769e+04
1.136194582102396998e+04
1.136359668258885722e+04
1.136524160479432066e+04
1.136688072280077904e+04
1.136851416903901736e+04
1.137014207325801181e+04
1.137176456257200516e+04
1.137338176150688923e+04
1.137499379204584329e+04
1.137660077367428676e+04
1.137820282342414976e+04
1.137980005591745248e+04
1.138139258340922242e+04
1.138298051582976041e+04
1.138456396082624815e+04
1.138614302380373010e+04
1.138771780796546227e+04
1.138928841435264076e+04
1.139085494188352641e+04
1.139241748739196737e+04
1.139397614566532866e+04
1.139553100948184328e+04
1.139708216964738494e+04
1.139862971503167864e+04
1.140017373260394561e+04
1.140171430746801525e+04
1.140325152289686412e+04
1.140478546036665102e+04
1.140631619959021555e+04
1.140784381855003448e+04
1.140936839353069809e+04
1.141088999915085878e+04
1.141240870839468334e+04
1.141392459264281206e+04
1.141543772170283955e+04
1.141694816383929901e+04
1.141845598580319711e+04
1.141996125286104871e+04
1.142146402882348229e+04
1.142296437607336884e+04
1.142446235559350862e+04
1.142595802699387241e+04
1.142745144853840975e+04
1.142894267717141702e+04
1.143043176854348349e+04
1.143191877703701357e+04
1.143340375579134161e+04
1.143488675672741374e+04
1.143636783057210050e+04
1.143784702688206926e+04
1.143932439406729281e+04
1.144079997941415422e+04
1.144227382910816777e+04
1.144374598825631620e+04
1.144521650090902403e+04
1.144668541008175634e+04
1.144815275777624265e+04
1.144961858500134804e+04
1.145108293179359862e+04
1.145254583723733049e+04
1.145400733948451671e+04
1.145546747577423230e+04
1.145692628245179912e+04
1.145838379498758513e+04
1.145984004799547438e+04
1.146129507525102781e+04
1.146274890970929482e+04
1.146420158352234648e+04
1.146565312805645772e+04
1.146710357390901663e+04
1.146855295092510823e+04
1.147000128821380713e+04
1.147144861416416825e+04
1.147289495646093928e+04
1.147434034209997662e+04
1.147578479740337934e+04
1.147722834803434307e+04
1.147867101901174283e+04
1.148011283472444302e+04
1.148155381894533821e+04
1.148299399484512469e+04
1.148443338500583377e+04
1.148587201143407401e+04
1.148730989557405701e+04
1.148874705832035397e+04
1.149018352003039945e+04
1.149161930053678225e+04
1.149305441915927076e+04
1.149448889471662187e+04
1.149592274553814423e+04
1.149735598947504877e+04
1.149878864391156094e+04
1.150022072577583276e+04
1.150165225155060580e+04
1.150308323728369942e+04
1.150451369859825718e+04
1.150594365070280037e+04
1.150737310840107602e+04
1.150880208610170484e+04
1.151023059782763085e+04
1.151165865722537274e+04
1.151308627757409340e+04
1.151451347179447112e+04
1.151594025245739795e+04
1.151736663179248535e+04
1.151879262169639151e+04
1.152021823374098676e+04
1.152164347918132808e+04
1.152306836896347522e+04
1.152449291373213237e+04
1.152591712383813683e+04
1.152734100934577509e+04
1.152876458003994230e+04
1.153018784543315815e+04
1.153161081477240259e+04
1.153303349704584070e+04
1.153445590098936009e+04
1.153587803509298647e+04
1.153729990760715918e+04
1.153872152654884849e+04
1.154014289970755090e+04
1.154156403465115000e+04
1.154298493873163170e+04
1.154440561909068310e+04
1.154582608266515854e+04
1.154724633619242559e+04
1.154866638621557649e+04
1.155008623908853406e+04
1.155150590098102475e+04
1.155292537788344998e+04
1.155434467561164092e+04
1.155576379981148784e+04
1.155718275596348030e+04
1.155860154938713094e+04
1.156002018524528830e+04
1.156143866854836051e+04
1.156285700415842621e+04
1.156427519679325451e+04
1.156569325103022675e+04
1.156711117131015271e+04
1.156852896194101959e+04
1.156994662710161901e+04
1.157136417084510504e+04
1.157278159710246473e+04
1.157419890968589061e+04
1.157561611229207847e+04
1.157703320850544878e+04
1.157845020180127176e+04
1.157986709554873414e+04
1.158128389301390780e+04
1.158270059736266194e+04
1.158411721166348980e+04
1.158553373889027353e+04
1.158695018192496173e+04
1.158836654356020335e+04
1.158978282650189249e+04
1.159119903337165488e+04
1.159261516670927085e+04
1.159403122897504363e+04
1.159544722255208580e+04
1.159686314974856032e+04
1.159827901279987600e+04
1.159969481387078122e+04
1.160111055505745389e+04
1.160252623838950967e+04
1.160394186583194642e+04
1.160535743928706142e+04
1.160677296059631226e+04
1.160818843154210299e+04
1.160960385384955953e+04
1.161101922918822493e+04
1.161243455917372739e+04
1.161384984536940465e+04
1.161526508928786097e+04
1.161668029239250791e+04
1.161809545609905399e+04
1.161951058177694176e+04
1.162092567075076840e+04
1.162234072430163906e+04
1.162375574366850014e+04
1.162517073004943995e+04
1.162658568460294191e+04
1.162800060844909058e+04
1.162941550267078128e+04
1.163083036831485515e+04
1.163224520639322691e+04
1.163366001788397261e+04
1.163507480373238104e+04
1.163648956485199051e+04
1.163790430212557476e+04
1.163931901640611977e+04
1.164073370851775326e+04
1.164214837925667780e+04
1.164356302939203124e+04
1.164497765966676525e+04
1.164639227079847842e+04
1.164780686348022027e+04
1.164922143838127886e+04
1.165063599614795385e+04
1.165205053740428411e+04
1.165346506275277898e+04
1.165487957277510031e+04
1.165629406803275742e+04
1.165770854906774366e+04
1.165912301640319311e+04
1.166053747054397900e+04
1.166195191197732674e+04
1.166336634117338508e+04
1.166478075858578813e+04
1.166619516465220840e+04
1.166760955979488244e+04
1.166902394442111290e+04
1.167043831892378694e+04
1.167185268368183279e+04
1.167326703906071089e+04
1.167468138541283770e+04
1.167609572307804956e+04
1.167751005238401194e+04
1.167892437364663419e+04
1.168033868717046244e+04
1.168175299324908156e+04
1.168316729216546264e+04
1.168458158419234496e+04
1.168599586959258158e+04
1.168741014861946496e+04
1.168882442151707801e+04
1.169023868852058877e+04
1.169165294985656510e+04
1.169306720574328574e+04
1.169448145639100585e+04
1.169589570200224989e+04
1.169730994277207355e+04
1.169872417888832751e+04
1.170013841053191027e+04
1.170155263787701188e+04
1.170296686109134862e+04
1.170438108033638491e+04
1.170579529576756249e+04
