0.000000000000000000e+00
1.414213562373095145e+00
2.828427124746190291e+00
4.242640687119285658e+00
5.656854249492380582e+00
7.071067811865475505e+00
8.485281374238571317e+00
9.899494936611665352e+00
1.131370849898476116e+01
1.272792206135785698e+01
1.414213562373095101e+01
1.555634918610404682e+01
1.697056274847714263e+01
1.838477631085023845e+01
1.979898987322333070e+01
2.121320343559642652e+01
2.262741699796952233e+01
2.404163056034261814e+01
2.545584412271571395e+01
2.687005768508880621e+01
2.828427124746190202e+01
2.969848480983499783e+01
3.111269837220809364e+01
3.252691193458118590e+01
3.394112549695428527e+01
3.535533905932737753e+01
3.676955262170047689e+01
3.818376618407356915e+01
3.959797974644666141e+01
4.101219330881976077e+01
4.242640687119285303e+01
4.384062043356595240e+01
4.525483399593904466e+01
4.666904755831213691e+01
4.808326112068523628e+01
4.949747468305832854e+01
5.091168824543142790e+01
5.232590180780452016e+01
5.374011537017761242e+01
5.515432893255071178e+01
5.656854249492380404e+01
5.798275605729690341e+01
5.939696961966999567e+01
6.081118318204308792e+01
6.222539674441618729e+01
6.363961030678927955e+01
6.505382386916237181e+01
6.646803743153547828e+01
6.788225099390857054e+01
6.929646455628166279e+01
7.071067811865475505e+01
7.212489168102784731e+01
7.353910524340095378e+01
7.495331880577404604e+01
7.636753236814713830e+01
7.778174593052023056e+01
7.919595949289332282e+01
8.061017305526642929e+01
8.202438661763952155e+01
8.343860018001261381e+01
8.485281374238570606e+01
8.626702730475879832e+01
8.768124086713190479e+01
8.909545442950499705e+01
9.050966799187808931e+01
9.192388155425118157e+01
9.333809511662427383e+01
9.475230867899738030e+01
9.616652224137047256e+01
9.758073580374356482e+01
9.899494936611665707e+01
1.004091629284897493e+02
1.018233764908628558e+02
1.032375900532359481e+02
1.046518036156090403e+02
1.060660171779821326e+02
1.074802307403552248e+02
1.088944443027283313e+02
1.103086578651014236e+02
1.117228714274745158e+02
1.131370849898476081e+02
1.145512985522207003e+02
1.159655121145938068e+02
1.173797256769668991e+02
1.187939392393399913e+02
1.202081528017130836e+02
1.216223663640861758e+02
1.230365799264592823e+02
1.244507934888323746e+02
1.258650070512054668e+02
1.272792206135785591e+02
1.286934341759516656e+02
1.301076477383247436e+02
1.315218613006978501e+02
1.329360748630709566e+02
1.343502884254440346e+02
1.357645019878171411e+02
1.371787155501902191e+02
1.385929291125633256e+02
1.400071426749364321e+02
1.414213562373095101e+02
1.428355697996826166e+02
1.442497833620556946e+02
1.456639969244288011e+02
1.470782104868019076e+02
1.484924240491749856e+02
1.499066376115480921e+02
1.513208511739211701e+02
1.527350647362942766e+02
1.541492782986673831e+02
1.555634918610404611e+02
1.569777054234135676e+02
1.583919189857866456e+02
1.598061325481597521e+02
1.612203461105328586e+02
1.626345596729059366e+02
1.640487732352790431e+02
1.654629867976521211e+02
1.668772003600252276e+02
1.682914139223983341e+02
1.697056274847714121e+02
1.711198410471445186e+02
1.725340546095175966e+02
1.739482681718907031e+02
1.753624817342638096e+02
1.767766952966368876e+02
1.781909088590099941e+02
1.796051224213830722e+02
1.810193359837561786e+02
1.824335495461292851e+02
1.838477631085023631e+02
1.852619766708754696e+02
1.866761902332485477e+02
1.880904037956216541e+02
1.895046173579947606e+02
1.909188309203678386e+02
1.923330444827409451e+02
1.937472580451140232e+02
1.951614716074871296e+02
1.965756851698602361e+02
1.979898987322333141e+02
1.994041122946064206e+02
2.008183258569794987e+02
2.022325394193526051e+02
2.036467529817257116e+02
2.050609665440987897e+02
2.064751801064718961e+02
2.078893936688449742e+02
2.093036072312180806e+02
2.107178207935911871e+02
2.121320343559642652e+02
2.135462479183373716e+02
2.149604614807104497e+02
2.163746750430835561e+02
2.177888886054566626e+02
2.192031021678297407e+02
2.206173157302028471e+02
2.220315292925759252e+02
2.234457428549490317e+02
2.248599564173221381e+02
2.262741699796952162e+02
2.276883835420683226e+02
2.291025971044414007e+02
2.305168106668145072e+02
2.319310242291876136e+02
2.333452377915606917e+02
2.347594513539337981e+02
2.361736649163068762e+02
2.375878784786799827e+02
2.390020920410530891e+02
2.404163056034261672e+02
2.418305191657992737e+02
2.432447327281723517e+02
2.446589462905454582e+02
2.460731598529185646e+02
2.474873734152916427e+02
2.489015869776647492e+02
2.503158005400378272e+02
2.517300141024109337e+02
2.531442276647840401e+02
2.545584412271571182e+02
2.559726547895302247e+02
2.573868683519033311e+02
2.588010819142764376e+02
2.602152954766494872e+02
2.616295090390225937e+02
2.630437226013957002e+02
2.644579361637688066e+02
2.658721497261419131e+02
2.672863632885149627e+02
2.687005768508880692e+02
2.701147904132611757e+02
2.715290039756342821e+02
2.729432175380073886e+02
2.743574311003804382e+02
2.757716446627535447e+02
2.771858582251266512e+02
2.786000717874997576e+02
2.800142853498728641e+02
2.814284989122459137e+02
2.828427124746190202e+02
2.842569260369921267e+02
2.856711395993652332e+02
2.870853531617383396e+02
2.884995667241113892e+02
2.899137802864844957e+02
2.913279938488576022e+02
2.927422074112307087e+02
2.941564209736038151e+02
2.955706345359768648e+02
2.969848480983499712e+02
2.983990616607230777e+02
2.998132752230961842e+02
3.012274887854692906e+02
3.026417023478423403e+02
3.040559159102154467e+02
3.054701294725885532e+02
3.068843430349616597e+02
3.082985565973347661e+02
3.097127701597078158e+02
3.111269837220809222e+02
3.125411972844540287e+02
3.139554108468271352e+02
3.153696244092002416e+02
3.167838379715732913e+02
3.181980515339463977e+02
3.196122650963195042e+02
3.210264786586926107e+02
3.224406922210657171e+02
3.238549057834387668e+02
3.252691193458118732e+02
3.266833329081849797e+02
3.280975464705580862e+02
3.295117600329311927e+02
3.309259735953042423e+02
3.323401871576773488e+02
3.337544007200504552e+02
3.351686142824235617e+02
3.365828278447966682e+02
3.379970414071697178e+02
3.394112549695428243e+02
3.408254685319159307e+02
3.422396820942890372e+02
3.436538956566621437e+02
3.450681092190351933e+02
3.464823227814082998e+02
3.478965363437814062e+02
3.493107499061545127e+02
3.507249634685276192e+02
3.521391770309006688e+02
3.535533905932737753e+02
3.549676041556468817e+02
3.563818177180199882e+02
3.577960312803930947e+02
3.592102448427661443e+02
3.606244584051392508e+02
3.620386719675123572e+02
3.634528855298854637e+02
3.648670990922585702e+02
3.662813126546316198e+02
3.676955262170047263e+02
3.691097397793778327e+02
3.705239533417509392e+02
3.719381669041240457e+02
3.733523804664970953e+02
3.747665940288702018e+02
3.761808075912433083e+02
3.775950211536164147e+02
3.790092347159895212e+02
3.804234482783625708e+02
3.818376618407356773e+02
3.832518754031087838e+02
3.846660889654818902e+02
3.860803025278549967e+02
3.874945160902280463e+02
3.889087296526011528e+02
3.903229432149742593e+02
3.917371567773473657e+02
3.931513703397204722e+02
3.945655839020935218e+02
3.959797974644666283e+02
3.973940110268397348e+02
3.988082245892128412e+02
4.002224381515859477e+02
4.016366517139589973e+02
4.030508652763321038e+02
4.044650788387052103e+02
4.058792924010783167e+02
4.072935059634514232e+02
4.087077195258244728e+02
4.101219330881975793e+02
4.115361466505706858e+02
4.129503602129437922e+02
4.143645737753168987e+02
4.157787873376899483e+02
4.171930009000630548e+02
4.186072144624361613e+02
4.200214280248092678e+02
4.214356415871823742e+02
4.228498551495554238e+02
4.242640687119285303e+02
4.256782822743016368e+02
4.270924958366747433e+02
4.285067093990478497e+02
4.299209229614208994e+02
4.313351365237940058e+02
4.327493500861671123e+02
4.341635636485402188e+02
4.355777772109133252e+02
4.369919907732863749e+02
4.384062043356594813e+02
4.398204178980325878e+02
4.412346314604056943e+02
4.426488450227788007e+02
4.440630585851518504e+02
4.454772721475249568e+02
4.468914857098980633e+02
4.483056992722711698e+02
4.497199128346442762e+02
4.511341263970173259e+02
4.525483399593904323e+02
4.539625535217635388e+02
4.553767670841366453e+02
4.567909806465097518e+02
4.582051942088828014e+02
4.596194077712559078e+02
4.610336213336290143e+02
4.624478348960021208e+02
4.638620484583752273e+02
4.652762620207482769e+02
4.666904755831213834e+02
4.681046891454944898e+02
4.695189027078675963e+02
4.709331162702407028e+02
4.723473298326137524e+02
4.737615433949868589e+02
4.751757569573599653e+02
4.765899705197330718e+02
4.780041840821061783e+02
4.794183976444792279e+02
4.808326112068523344e+02
4.822468247692254408e+02
4.836610383315985473e+02
4.850752518939716538e+02
4.864894654563447034e+02
4.879036790187178099e+02
4.893178925810909163e+02
4.907321061434640228e+02
4.921463197058371293e+02
4.935605332682101789e+02
4.949747468305832854e+02
4.963889603929563918e+02
4.978031739553294983e+02
4.992173875177026048e+02
5.006316010800756544e+02
5.020458146424487609e+02
5.034600282048218673e+02
5.048742417671949738e+02
5.062884553295680803e+02
5.077026688919411299e+02
5.091168824543142364e+02
5.105310960166873429e+02
5.119453095790604493e+02
5.133595231414335558e+02
5.147737367038066623e+02
5.161879502661797687e+02
5.176021638285528752e+02
5.190163773909258680e+02
5.204305909532989745e+02
5.218448045156720809e+02
5.232590180780451874e+02
5.246732316404182939e+02
5.260874452027914003e+02
5.275016587651645068e+02
5.289158723275376133e+02
5.303300858899107197e+02
5.317442994522838262e+02
5.331585130146568190e+02
5.345727265770299255e+02
5.359869401394030319e+02
5.374011537017761384e+02
5.388153672641492449e+02
5.402295808265223513e+02
5.416437943888954578e+02
5.430580079512685643e+02
5.444722215136416708e+02
5.458864350760147772e+02
5.473006486383877700e+02
5.487148622007608765e+02
5.501290757631339829e+02
5.515432893255070894e+02
5.529575028878801959e+02
5.543717164502533024e+02
5.557859300126264088e+02
5.572001435749995153e+02
5.586143571373726218e+02
5.600285706997457282e+02
5.614427842621187210e+02
5.628569978244918275e+02
5.642712113868649340e+02
5.656854249492380404e+02
5.670996385116111469e+02
5.685138520739842534e+02
5.699280656363573598e+02
5.713422791987304663e+02
5.727564927611035728e+02
5.741707063234766792e+02
5.755849198858496720e+02
5.769991334482227785e+02
5.784133470105958850e+02
5.798275605729689914e+02
5.812417741353420979e+02
5.826559876977152044e+02
5.840702012600883108e+02
5.854844148224614173e+02
5.868986283848345238e+02
5.883128419472076303e+02
5.897270555095806230e+02
5.911412690719537295e+02
5.925554826343268360e+02
5.939696961966999424e+02
5.953839097590730489e+02
5.967981233214461554e+02
5.982123368838192619e+02
5.996265504461923683e+02
6.010407640085654748e+02
6.024549775709385813e+02
6.038691911333115740e+02
6.052834046956846805e+02
6.066976182580577870e+02
6.081118318204308935e+02
6.095260453828039999e+02
6.109402589451771064e+02
6.123544725075502129e+02
6.137686860699233193e+02
6.151828996322964258e+02
6.165971131946695323e+02
6.180113267570425251e+02
6.194255403194156315e+02
6.208397538817887380e+02
6.222539674441618445e+02
6.236681810065349509e+02
6.250823945689080574e+02
6.264966081312811639e+02
6.279108216936542703e+02
6.293250352560273768e+02
6.307392488184004833e+02
6.321534623807734761e+02
6.335676759431465825e+02
6.349818895055196890e+02
6.363961030678927955e+02
6.378103166302659019e+02
6.392245301926390084e+02
6.406387437550121149e+02
6.420529573173852214e+02
6.434671708797583278e+02
6.448813844421314343e+02
6.462955980045044271e+02
6.477098115668775336e+02
6.491240251292506400e+02
6.505382386916237465e+02
6.519524522539968530e+02
6.533666658163699594e+02
6.547808793787430659e+02
6.561950929411161724e+02
6.576093065034892788e+02
6.590235200658623853e+02
6.604377336282353781e+02
6.618519471906084846e+02
6.632661607529815910e+02
6.646803743153546975e+02
6.660945878777278040e+02
6.675088014401009104e+02
6.689230150024740169e+02
6.703372285648471234e+02
6.717514421272202298e+02
6.731656556895933363e+02
6.745798692519663291e+02
6.759940828143394356e+02
6.774082963767125420e+02
6.788225099390856485e+02
6.802367235014587550e+02
6.816509370638318615e+02
6.830651506262049679e+02
6.844793641885780744e+02
6.858935777509511809e+02
6.873077913133242873e+02
6.887220048756972801e+02
6.901362184380703866e+02
6.915504320004434931e+02
6.929646455628165995e+02
6.943788591251897060e+02
6.957930726875628125e+02
6.972072862499359189e+02
6.986214998123090254e+02
7.000357133746821319e+02
7.014499269370552383e+02
7.028641404994282311e+02
7.042783540618013376e+02
7.056925676241744441e+02
7.071067811865475505e+02
7.085209947489206570e+02
7.099352083112937635e+02
7.113494218736668699e+02
7.127636354360399764e+02
7.141778489984130829e+02
7.155920625607861894e+02
7.170062761231591821e+02
7.184204896855322886e+02
7.198347032479053951e+02
7.212489168102785015e+02
7.226631303726516080e+02
7.240773439350247145e+02
7.254915574973978210e+02
7.269057710597709274e+02
7.283199846221440339e+02
7.297341981845171404e+02
7.311484117468902468e+02
7.325626253092632396e+02
7.339768388716363461e+02
7.353910524340094526e+02
7.368052659963825590e+02
7.382194795587556655e+02
7.396336931211287720e+02
7.410479066835018784e+02
7.424621202458749849e+02
7.438763338082480914e+02
7.452905473706211978e+02
7.467047609329941906e+02
7.481189744953672971e+02
7.495331880577404036e+02
7.509474016201135100e+02
7.523616151824866165e+02
7.537758287448597230e+02
7.551900423072328294e+02
7.566042558696059359e+02
7.580184694319790424e+02
7.594326829943521489e+02
7.608468965567251416e+02
7.622611101190982481e+02
7.636753236814713546e+02
7.650895372438444610e+02
7.665037508062175675e+02
7.679179643685906740e+02
7.693321779309637805e+02
7.707463914933368869e+02
7.721606050557099934e+02
7.735748186180830999e+02
7.749890321804560926e+02
7.764032457428291991e+02
7.778174593052023056e+02
7.792316728675754121e+02
7.806458864299485185e+02
7.820600999923216250e+02
7.834743135546947315e+02
7.848885271170678379e+02
7.863027406794409444e+02
7.877169542418140509e+02
7.891311678041870437e+02
7.905453813665601501e+02
7.919595949289332566e+02
7.933738084913063631e+02
7.947880220536794695e+02
7.962022356160525760e+02
7.976164491784256825e+02
7.990306627407987889e+02
8.004448763031718954e+02
8.018590898655450019e+02
8.032733034279179947e+02
8.046875169902911011e+02
8.061017305526642076e+02
8.075159441150373141e+02
8.089301576774104205e+02
8.103443712397835270e+02
8.117585848021566335e+02
8.131727983645297400e+02
8.145870119269028464e+02
8.160012254892759529e+02
8.174154390516489457e+02
8.188296526140220521e+02
8.202438661763951586e+02
8.216580797387682651e+02
8.230722933011413716e+02
8.244865068635144780e+02
8.259007204258875845e+02
8.273149339882606910e+02
8.287291475506337974e+02
8.301433611130069039e+02
8.315575746753798967e+02
8.329717882377530032e+02
8.343860018001261096e+02
8.358002153624992161e+02
8.372144289248723226e+02
8.386286424872454290e+02
8.400428560496185355e+02
8.414570696119916420e+02
8.428712831743647484e+02
8.442854967367378549e+02
8.456997102991108477e+02
8.471139238614839542e+02
8.485281374238570606e+02
