0.000000000000000000e+00
2.396109882608786101e+00
4.792180157731108281e+00
7.188171217948043257e+00
9.584043456046082099e+00
1.197975726524536633e+01
1.437527303951918434e+01
1.677055117400474771e+01
1.916555206550516743e+01
2.156023611308267363e+01
2.395456371874291790e+01
2.634849528821044373e+01
2.874199123179511162e+01
3.113501196534953763e+01
3.352751791131732517e+01
3.591946949987205073e+01
3.831082717014690786e+01
4.070155137155471436e+01
4.309160256519832188e+01
4.548094122537110451e+01
4.786952784114736659e+01
5.025732291806242102e+01
5.264428697988213202e+01
5.503038057046164511e+01
5.741556425569294930e+01
5.979979862554103676e+01
6.218304429616822659e+01
6.456526191214632604e+01
6.694641214875623803e+01
6.932645571437453214e+01
7.170535335294650281e+01
7.408306584654533822e+01
7.645955401801670348e+01
7.883477873370827638e+01
8.120870090628366711e+01
8.358128149761988368e+01
8.595248152178810130e+01
8.832226204811649950e+01
9.069058420433482581e+01
9.305740917979974824e+01
9.542269822880017216e+01
9.778641267394169745e+01
1.001485139096094059e+02
1.025089634055077426e+02
1.048677227102769649e+02
1.072247534551846826e+02
1.095800173578917196e+02
1.119334762262911340e+02
1.142850919624191022e+02
1.166348265664368427e+02
1.189826421406816195e+02
1.213285008937865257e+02
1.236723651448668448e+02
1.260141973277721519e+02
1.283539599954025050e+02
1.306916158240873074e+02
1.330271276180253608e+02
1.353604583137845054e+02
1.376915709848593963e+02
1.400204288462855402e+02
1.423469952593081302e+02
1.446712337361035736e+02
1.469931079445526336e+02
1.493125817130624853e+02
1.516296190354365478e+02
1.539441840757896500e+02
1.562562411735070498e+02
1.585657548482448078e+02
1.608726898049698661e+02
1.631770109390375580e+02
1.654786833413044747e+02
1.677776723032744428e+02
1.700739433222755963e+02
1.723674621066658119e+02
1.746581945810651177e+02
1.769461068916117199e+02
1.792311654112398855e+02
1.815133367449772663e+02
1.837925877352588770e+02
1.860688854672557397e+02
1.883421972742153230e+02
1.906124907428111896e+02
1.928797337184998071e+02
1.951438943108813078e+02
1.974049408990619838e+02
1.996628421370154740e+02
2.019175669589405402e+02
2.041690845846123636e+02
2.064173645247243769e+02
2.086623765862187270e+02
2.109040908776015613e+02
2.131424778142412890e+02
2.153775081236464644e+02
2.176091528507206476e+02
2.198373833629916305e+02
2.220621713558116994e+02
2.242834888575267200e+02
2.265013082346107183e+02
2.287156021967633990e+02
2.309263438019675903e+02
2.331335064615039698e+02
2.353370639449199189e+02
2.375369903849501156e+02
2.397332602823854302e+02
2.419258485108881302e+02
2.441147303217494766e+02
2.462998813485882295e+02
2.484812776119861439e+02
2.506588955240582663e+02
2.528327118929551318e+02
2.550027039272942773e+02
2.571688492405181705e+02
2.593311258551759693e+02
2.614895122071266087e+02
2.636439871496602905e+02
2.657945299575358717e+02
2.679411203309322218e+02
2.700837383993099365e+02
2.722223647251818193e+02
2.743569803077892288e+02
2.764875665866822487e+02
2.786141054452013464e+02
2.807365792138572260e+02
2.828549706736087614e+02
2.849692630590340627e+02
2.870794400613952462e+02
2.891854858315928141e+02
2.912873849830086783e+02
2.933851225942352698e+02
2.954786842116896537e+02
2.975680558521096373e+02
2.996532240049310758e+02
3.017341756345444423e+02
3.038108981824285024e+02
3.058833795691600699e+02
3.079516081962983662e+02
3.100155729481422213e+02
3.120752631933588077e+02
3.141306687864827154e+02
3.161817800692843434e+02
3.182285878720063010e+02
3.202710835144662838e+02
3.223092588070268221e+02
3.243431060514289470e+02
3.263726180414914779e+02
3.283977880636725217e+02
3.304186098974948322e+02
3.324350778158332105e+02
3.344471865850635481e+02
3.364549314650735141e+02
3.384583082091344863e+02
3.404573130636342739e+02
3.424519427676707437e+02
3.444421945525056685e+02
3.464280661408802189e+02
3.484095557461905059e+02
3.503866620715248814e+02
3.523593843085616868e+02
3.543277221363299532e+02
3.562916757198309483e+02
3.582512457085235269e+02
3.602064332346722608e+02
3.621572399115595999e+02
3.641036678315630866e+02
3.660457195640984196e+02
3.679833981534285385e+02
3.699167071163407172e+02
3.718456504396928608e+02
3.737702325778292334e+02
3.756904584498672079e+02
3.776063334368575966e+02
3.795178633788174238e+02
3.814250545716399188e+02
3.833279137638800762e+02
3.852264481534193123e+02
3.871206653840108629e+02
3.890105735417068900e+02
3.908961811511692872e+02
3.927774971718669690e+02
3.946545309941599839e+02
3.965272924352742621e+02
3.983957917351677906e+02
4.002600395522907775e+02
4.021200469592419608e+02
4.039758254383234544e+02
4.058273868769955470e+02
4.076747435632357792e+02
4.095179081808023511e+02
4.113568938044055017e+02
4.131917138947890180e+02
4.150223822937254567e+02
4.168489132189250768e+02
4.186713212588641682e+02
4.204896213675323793e+02
4.223038288591047262e+02
4.241139594025383985e+02
4.259200290160980558e+02
4.277220540618126279e+02
4.295200512398660067e+02
4.313140375829246409e+02
4.331040304504041387e+02
4.348900475226782874e+02
4.366721067952342423e+02
4.384502265727732606e+02
4.402244254632653337e+02
4.419947223719543103e+02
4.437611364953216935e+02
4.455236873150086581e+02
4.472823945917006654e+02
4.490372783589762093e+02
4.507883589171248104e+02
4.525356568269339164e+02
4.542791929034509053e+02
4.560189882097199643e+02
4.577550640504989587e+02
4.594874419659577143e+02
4.612161437253612917e+02
4.629411913207399607e+02
4.646626069605498515e+02
4.663804130633267846e+02
4.680946322513343034e+02
4.698052873442111945e+02
4.715124013526192925e+02
4.732159974718944113e+02
4.749160990757040963e+02
4.766127297097128235e+02
4.783059130852591920e+02
4.799956730730464756e+02
4.816820336968485208e+02
4.833650191272349161e+02
4.850446536753164537e+02
4.867209617865137261e+02
4.883939680343511895e+02
4.900636971142791936e+02
4.917301738375251148e+02
4.933934231249771756e+02
4.950534700011018572e+02
4.967103395878985452e+02
4.983640570988912941e+02
5.000146478331611206e+02
5.016621371694211007e+02
5.033065505601346104e+02
5.049479135256801214e+02
5.065862516485635751e+02
5.082215905676799252e+02
5.098539559726260109e+02
5.114833735980660663e+02
5.131098692181517436e+02
5.147334686409980122e+02
5.163541977032163004e+02
5.179720822645064118e+02
5.195871482023086401e+02
5.211994214065176720e+02
5.228089277742590184e+02
5.244156932047297914e+02
5.260197435941038293e+02
5.276211048305045779e+02
5.292198027890435696e+02
5.308158633269293887e+02
5.324093122786440517e+02
5.340001754511907848e+02
5.355884786194134222e+02
5.371742475213860644e+02
5.387575078538770867e+02
5.403382852678860218e+02
5.419166053642546785e+02
5.434924936893529548e+02
5.450659757308397957e+02
5.466370769135000955e+02
5.482058225951584518e+02
5.497722380626689755e+02
5.513363485279819542e+02
5.528981791242892996e+02
5.544577549022465064e+02
5.560151008262729420e+02
5.575702417709308065e+02
5.591232025173817419e+02
5.606740077499223389e+02
5.622226820525983157e+02
5.637692499058970270e+02
5.653137356835185301e+02
5.668561636492256639e+02
5.683965579537720032e+02
5.699349426319083705e+02
5.714713415994682464e+02
5.730057786505298054e+02
5.745382774546569635e+02
5.760688615542176194e+02
5.775975543617786343e+02
5.791243791575783462e+02
5.806493590870759363e+02
5.821725171585757153e+02
5.836938762409281480e+02
5.852134590613065939e+02
5.867312882030573746e+02
5.882473861036260132e+02
5.897617750525558904e+02
5.912744771895609119e+02
5.927855145026709351e+02
5.942949088264484772e+02
5.958026818402779554e+02
5.973088550667254140e+02
5.988134498699679398e+02
6.003164874542937923e+02
6.018179888626694947e+02
6.033179749753771830e+02
6.048164665087173262e+02
6.063134840137796573e+02
6.078090478752786794e+02
6.093031783104552233e+02
6.107958953680414425e+02
6.122872189272895866e+02
6.137771686970638712e+02
6.152657642149933963e+02
6.167530248466857756e+02
6.182389697850022685e+02
6.197236180493903248e+02
6.212069884852762698e+02
6.226890997635132408e+02
6.241699703798881274e+02
6.256496186546823992e+02
6.271280627322879582e+02
6.286053205808779012e+02
6.300814099921287834e+02
6.315563485809958593e+02
6.330301537855392553e+02
6.345028428667991420e+02
6.359744329087228607e+02
6.374449408181368426e+02
6.389143833247685507e+02
6.403827769813140094e+02
6.418501381635504686e+02
6.433164830704937458e+02
6.447818277246001344e+02
6.462461879720091247e+02
6.477095794828300086e+02
6.491720177514677061e+02
6.506335180969894054e+02
6.520940956635296288e+02
6.535537654207340665e+02
6.550125421642395622e+02
6.564704405161911609e+02
6.579274749257941721e+02
6.593836596699009078e+02
6.608390088536302756e+02
6.622935364110209093e+02
6.637472561057151097e+02
6.652001815316747297e+02
6.666523261139260512e+02
6.681037031093343330e+02
6.695543256074064402e+02
6.710042065311209853e+02
6.724533586377848451e+02
6.739017945199160522e+02
6.753495266061505617e+02
6.767965671621734600e+02
6.782429282916742750e+02
6.796886219373234326e+02
6.811336598817715640e+02
6.825780537486683670e+02
6.840218150037034093e+02
6.854649549556639840e+02
6.869074847575135436e+02
6.883494154074871858e+02
6.897907577502032836e+02
6.912315224777933054e+02
6.926717201310459586e+02
6.941113611005663415e+02
6.955504556279502140e+02
6.969890138069700924e+02
6.984270455847763515e+02
6.998645607631088978e+02
7.013015689995205548e+02
7.027380798086119285e+02
7.041741025632765059e+02
7.056096464959541663e+02
7.070447206998952652e+02
7.084793341304322212e+02
7.099134956062584934e+02
7.113472138107157434e+02
7.127804972930874783e+02
7.142133544698971264e+02
7.156457936262144131e+02
7.170778229169642373e+02
7.185094503682407776e+02
7.199406838786262597e+02
7.213715312205116561e+02
7.228020000414218202e+02
7.242320978653417569e+02
7.256618320940453941e+02
7.270912100084257190e+02
7.285202387698259372e+02
7.299489254213709728e+02
7.313772768892990825e+02
7.328052999842935833e+02
7.342330014028131018e+02
7.356603877284213695e+02
7.370874654331146303e+02
7.385142408786481383e+02
7.399407203178597001e+02
7.413669098959898065e+02
7.427928156520003995e+02
7.442184435198888650e+02
7.456437993299992968e+02
7.470688888103279623e+02
7.484937175878264952e+02
7.499182911896992891e+02
7.513426150446955489e+02
7.527666944843966803e+02
7.541905347444979952e+02
7.556141409660846193e+02
7.570375181969002369e+02
7.584606713926111752e+02
7.598836054180624160e+02
7.613063250485276967e+02
7.627288349709515387e+02
7.641511397851850234e+02
7.655732440052125867e+02
7.669951520603729023e+02
7.684168682965702146e+02
7.698383969774780553e+02
7.712597422857351148e+02
7.726809083241320195e+02
7.741018991167886725e+02
7.755227186103253416e+02
7.769433706750212423e+02
7.783638591059670944e+02
7.797841876242065382e+02
7.812043598778682281e+02
7.826243794432898540e+02
7.840442498261304536e+02
7.854639744624741979e+02
7.868835567199248544e+02
7.883029998986879718e+02
7.897223072326456759e+02
7.911414818904192998e+02
7.925605269764232617e+02
7.939794455319071176e+02
7.953982405359888617e+02
7.968169149066756063e+02
7.982354715018769866e+02
7.996539131204038995e+02
8.010722425029605347e+02
8.024904623331229914e+02
8.039085752383083445e+02
8.053265837907331388e+02
8.067444905083607409e+02
8.081622978558376644e+02
8.095800082454198900e+02
8.109976240378873626e+02
8.124151475434489384e+02
8.138325810226345993e+02
8.152499266871797090e+02
8.166671867008951722e+02
8.180843631805289533e+02
8.195014581966166816e+02
8.209184737743202049e+02
8.223354118942563673e+02
8.237522744933149852e+02
8.251690634654660244e+02
8.265857806625555213e+02
8.280024278950920689e+02
8.294190069330207962e+02
8.308355195064891632e+02
8.322519673065997949e+02
8.336683519861547893e+02
8.350846751603880875e+02
8.365009384076889773e+02
8.379171432703132041e+02
8.393332912550853280e+02
8.407493838340915318e+02
8.421654224453591269e+02
8.435814084935300343e+02
8.449973433505205094e+02
8.464132283561738177e+02
8.478290648189004060e+02
8.492448540163111375e+02
8.506605971958375676e+02
8.520762955753451706e+02
8.534919503437350841e+02
8.549075626615375540e+02
8.563231336614956035e+02
8.577386644491383549e+02
8.591541561033468497e+02
8.605696096769084988e+02
8.619850261970641441e+02
8.634004066660457966e+02
8.648157520616042575e+02
8.662310633375285533e+02
8.676463414241575265e+02
8.690615872288807395e+02
8.704768016366326719e+02
8.718919855103771397e+02
8.733071396915839841e+02
8.747222650006962112e+02
8.761373622375911054e+02
8.775524321820305431e+02
8.789674755941057356e+02
8.803824932146720812e+02
8.817974857657762868e+02
8.832124539510779186e+02
8.846273984562598116e+02
8.860423199494334767e+02
8.874572190815366639e+02
8.888720964867214889e+02
8.902869527827389220e+02
8.917017885713115675e+02
8.931166044385033729e+02
8.945314009550801302e+02
8.959461786768632692e+02
8.973609381450763749e+02
8.987756798866872714e+02
9.001904044147404420e+02
9.016051122286845612e+02
9.030198038146930912e+02
9.044344796459793088e+02
9.058491401831033727e+02
9.072637858742743902e+02
9.086784171556473666e+02
9.100930344516110608e+02
9.115076381750732253e+02
9.129222287277380019e+02
9.143368065003786569e+02
9.157513718731033805e+02
9.171659252156174489e+02
9.185804668874777690e+02
9.199949972383441263e+02
9.214095166082227024e+02
9.228240253277068632e+02
9.242385237182123774e+02
9.256530120922049036e+02
9.270674907534263411e+02
9.284819599971136768e+02
9.298964201102144216e+02
9.313108713715962494e+02
9.327253140522533386e+02
9.341397484155066877e+02
9.355541747172011355e+02
9.369685932058978324e+02
9.383830041230610277e+02
9.397974077032430387e+02
9.412118041742630794e+02
9.426261937573832483e+02
9.440405766674783763e+02
9.454549531132059883e+02
9.468693232971681937e+02
9.482836874160715297e+02
9.496980456608848726e+02
9.511123982169891633e+02
9.525267452643290653e+02
9.539410869775570063e+02
9.553554235261749454e+02
9.567697550746738671e+02
9.581840817826689545e+02
9.595984038050307845e+02
9.610127212920157262e+02
9.624270343893906556e+02
9.638413432385557371e+02
9.652556479766649318e+02
9.666699487367426400e+02
9.680842456477972746e+02
9.694985388349321056e+02
9.709128284194558773e+02
9.723271145189855815e+02
9.737413972475516175e+02
9.751556767156976093e+02
9.765699530305791995e+02
9.779842262960580683e+02
9.793984966127966345e+02
9.808127640783476409e+02
9.822270287872439667e+02
9.836412908310838930e+02
9.850555502986146621e+02
9.864698072758154694e+02
9.878840618459765892e+02
9.892983140897772500e+02
9.907125640853605546e+02
9.921268119084081718e+02
9.935410576322108227e+02
9.949553013277400169e+02
9.963695430637137633e+02
9.977837829066643280e+02
9.991980209210022394e+02
1.000612257169078475e+03
1.002026491711246649e+03
1.003440724605920650e+03
1.004854955909634327e+03
1.006269185677096402e+03
1.007683413961245606e+03
1.009097640813303997e+03
1.010511866282828009e+03
1.011926090417759951e+03
1.013340313264475526e+03
1.014754534867832945e+03
1.016168755271217833e+03
1.017582974516589047e+03
1.018997192644521760e+03
1.020411409694250779e+03
1.021825625703710671e+03
1.023239840709577379e+03
1.024654054747305963e+03
