0.000000000000000000e+00
1.749500453622561125e+01
3.498893602291676785e+01
5.248072141569762294e+01
6.996928768588075798e+01
8.745356183789508009e+01
1.049324709336782462e+02
1.224049421240264621e+02
1.398699026868920043e+02
1.573262800726158730e+02
1.747730019560801793e+02
1.922089962957617786e+02
2.096331913996644118e+02
2.270445159981039467e+02
2.444418993233166475e+02
2.618242711958564541e+02
2.791905621177434114e+02
2.965397033723193090e+02
3.138706271307641487e+02
3.311822665652198907e+02
3.484735559684635291e+02
3.657434308800672511e+02
3.829908282189759348e+02
4.002146864224280307e+02
4.174139455911396226e+02
4.345875476406648659e+02
4.517344364588409462e+02
4.688535580692180815e+02
4.859438608003700324e+02
5.030042954609726280e+02
5.200338155205329258e+02
5.370313772956428693e+02
5.539959401416265337e+02
5.709264666494409539e+02
5.878219228476875742e+02
6.046812784095782263e+02
6.215035068646992613e+02
6.382875858154062598e+02
6.550324971576764028e+02
6.717372273062376280e+02
6.884007674237894889e+02
7.050221136541209717e+02
7.216002673589240430e+02
7.381342353580987492e+02
7.546230301733346550e+02
7.710656702747501186e+02
7.874611803303630495e+02
8.038085914581627094e+02
8.201069414805458564e+02
8.363552751808705352e+02
8.525526445618871776e+02
8.686981091057855338e+02
8.847907360356060735e+02
9.008296005777496021e+02
9.168137862253220192e+02
9.327423850020403506e+02
9.486144977264300451e+02
9.644292342760340944e+02
9.801857138513543077e+02
9.958830652392447291e+02
1.011520427075470479e+03
1.027096948106147465e+03
1.042611787447776805e+03
1.058064114845583390e+03
1.073453110929874356e+03
1.088777967470125759e+03
1.104037887626512202e+03
1.119232086198591787e+03
1.134359789870861277e+03
1.149420237454901098e+03
1.164412680127823705e+03
1.179336381666753596e+03
1.194190618679060890e+03
1.208974680828077453e+03
1.223687871054032485e+03
1.238329505789942004e+03
1.252898915172198031e+03
1.267395443245605065e+03
1.281818448162621735e+03
1.296167302376565885e+03
1.310441392828554399e+03
1.324640121127952398e+03
1.338762903726117429e+03
1.352809172083228304e+03
1.366778372828001238e+03
1.380669967910100013e+03
1.394483434745063960e+03
1.408218266351575039e+03
1.421873971480907585e+03
1.435450074738406784e+03
1.448946116696855370e+03
1.462361654001594843e+03
1.475696259467285927e+03
1.488949522166195493e+03
1.502121047507914227e+03
1.515210457310418178e+03
1.528217389862399614e+03
1.541141499976803061e+03
1.553982459035516285e+03
1.566739955025176187e+03
1.579413692564058238e+03
1.592003392920039232e+03
1.604508794019623110e+03
1.616929650448037592e+03
1.629265733440423901e+03
1.641516830864143458e+03
1.653682747192248826e+03
1.665763303468167123e+03
1.677758337261659563e+03
1.689667702616135557e+03
1.701491269987400074e+03
1.713228926173934042e+03
1.724880574238811960e+03
1.736446133423370384e+03
1.747925539052754857e+03
1.759318742433475563e+03
1.770625710743119498e+03
1.781846426912363995e+03
1.792980889499458499e+03
1.804029112557336703e+03
1.814991125493537083e+03
1.825866972923110325e+03
1.836656714514709165e+03
1.847360424830047350e+03
1.857978193156934822e+03
1.868510123336091965e+03
1.878956333581958006e+03
1.889316956297704110e+03
1.899592137884677413e+03
1.909782038546494960e+03
1.919886832088018537e+03
1.929906705709435528e+03
1.939841859795685650e+03
1.949692507701462318e+03
1.959458875532024877e+03
1.969141201920067033e+03
1.978739737798864553e+03
1.988254746171958686e+03
1.997686501879601792e+03
2.007035291362205271e+03
2.016301412421034229e+03
2.025485173976376927e+03
2.034586895823426858e+03
2.043606908386115947e+03
2.052545552469120594e+03
2.061403179008279039e+03
2.070180148819636088e+03
2.078876832347350501e+03
2.087493609410670160e+03
2.096030868950204876e+03
2.104489008773700334e+03
2.112868435301523277e+03
2.121169563312067567e+03
2.129392815687270740e+03
2.137538623158444352e+03
2.145607424052607712e+03
2.153599664039501477e+03
2.161515795879476627e+03
2.169356279172414361e+03
2.177121580107867885e+03
2.184812171216571187e+03
2.192428531123478933e+03
2.199971144302506218e+03
2.207440500833081842e+03
2.214837096158693384e+03
2.222161430847530482e+03
2.229414010355374103e+03
2.236595344790847776e+03
2.243705948683149927e+03
2.250746340752380092e+03
2.257717043682567692e+03
2.264618583897499320e+03
2.271451491339445056e+03
2.278216299250866086e+03
2.284913543959195977e+03
2.291543764664765604e+03
2.298107503231949977e+03
2.304605303983600606e+03
2.311037713498826633e+03
2.317405280414183380e+03
2.323708555228313344e+03
2.329948090110096018e+03
2.336124438710335198e+03
2.342238155977036513e+03
2.348289797974290195e+03
2.354279921704799563e+03
2.360209084936070667e+03
2.366077846030284491e+03
2.371886763777869874e+03
2.377636397234775359e+03
2.383327305563463142e+03
2.388960047877614215e+03
2.394535183090546980e+03
2.400053269767354777e+03
2.405514865980735976e+03
2.410920529170518876e+03
2.416270816006868245e+03
2.421566282257143939e+03
2.426807482656405227e+03
2.431994970781526717e+03
2.437129298928907701e+03
2.442211017995746261e+03
2.447240677364840849e+03
2.452218824792899795e+03
2.457146006302307342e+03
2.462022766076326207e+03
2.466849646357688471e+03
2.471627187350537042e+03
2.476355927125674953e+03
2.481036401529084742e+03
2.485669144093665182e+03
2.490254685954144861e+03
2.494793555765125802e+03
2.499286279622207985e+03
2.503733380986144311e+03
2.508135380609978256e+03
2.512492796469113273e+03
2.516806143694264392e+03
2.521075934507234706e+03
2.525302678159471725e+03
2.529486880873342670e+03
2.533629045786089137e+03
2.537729672896386546e+03
2.541789259013478386e+03
2.545808297708812461e+03
2.549787279270138697e+03
2.553726690658007101e+03
2.557627015464612668e+03
2.561488733874940863e+03
2.565312322630148174e+03
2.569098254993138198e+03
2.572847000716268667e+03
2.576559026011144852e+03
2.580234793520442054e+03
2.583874762291709430e+03
2.587479387753099218e+03
2.591049121690978154e+03
2.594584412229360623e+03
2.598085703811122130e+03
2.601553437180939909e+03
2.604988049369912915e+03
2.608389973681812535e+03
2.611759639680921282e+03
2.615097473181402165e+03
2.618403896238167818e+03
2.621679327139188899e+03
2.624924180399209490e+03
2.628138866754817627e+03
2.631323793160833247e+03
2.634479362787967148e+03
2.637605975021712766e+03
2.640704025462428945e+03
2.643773905926572297e+03
2.646816004449042339e+03
2.649830705286603006e+03
2.652818388922332360e+03
2.655779432071081828e+03
2.658714207685892234e+03
2.661623084965338876e+03
2.664506429361773826e+03
2.667364602590427239e+03
2.670197962639334946e+03
2.673006863780064577e+03
2.675791656579207938e+03
2.678552687910601435e+03
2.681290300968260908e+03
2.684004835279985855e+03
2.686696626721612120e+03
2.689366007531892592e+03
2.692013306327961345e+03
2.694638848121377578e+03
2.697242954334703882e+03
2.699825942818608837e+03
2.702388127869464824e+03
2.704929820247416046e+03
2.707451327194897658e+03
2.709952952455583727e+03
2.712434996293744007e+03
2.714897755513984976e+03
2.717341523481359673e+03
2.719766590141826782e+03
2.722173242043038499e+03
2.724561762355441260e+03
2.726932430893670244e+03
2.729285524138221717e+03
2.731621315257387778e+03
2.733940074129437562e+03
2.736242067365028106e+03
2.738527558329833482e+03
2.740796807167373572e+03
2.743050070822033376e+03
2.745287603062258768e+03
2.747509654503912770e+03
2.749716472633783269e+03
2.751908301833231235e+03
2.754085383401964918e+03
2.756247955581931365e+03
2.758396253581312521e+03
2.760530509598620483e+03
2.762650952846875953e+03
2.764757809577866283e+03
2.766851303106468549e+03
2.768931653835032193e+03
2.770999079277818055e+03
2.773053794085469690e+03
2.775096010069530621e+03
2.777125936226980230e+03
2.779143778764798299e+03
2.781149741124536376e+03
2.783144024006900509e+03
2.785126825396333061e+03
2.787098340585589085e+03
2.789058762200302681e+03
2.791008280223536076e+03
2.792947082020306880e+03
2.794875352362088051e+03
2.796793273451273308e+03
2.798701024945611607e+03
2.800598783982593886e+03
2.802486725203797050e+03
2.804365020779177485e+03
2.806233840431309090e+03
2.808093351459566748e+03
2.809943718764244750e+03
2.811785104870609757e+03
2.813617669952887809e+03
2.815441571858176303e+03
2.817256966130286401e+03
2.819064006033494934e+03
2.820862842576231287e+03
2.822653624534667870e+03
2.824436498476228280e+03
2.826211608783006341e+03
2.827979097675093271e+03
2.829739105233809823e+03
2.831491769424841095e+03
2.833237226121274944e+03
2.834975609126535801e+03
2.836707050197219360e+03
2.838431679065818571e+03
2.840149623463345506e+03
2.841861009141840896e+03
2.843565959896774984e+03
2.845264597589337427e+03
2.846957042168609405e+03
2.848643411693621601e+03
2.850323822355294851e+03
2.851998388498261647e+03
2.853667222642566230e+03
2.855330435505245987e+03
2.856988136021783703e+03
2.858640431367442034e+03
2.860287426978466556e+03
2.861929226573163305e+03
2.863565932172851262e+03
2.865197644122677957e+03
2.866824461112312747e+03
2.868446480196502307e+03
2.870063796815494243e+03
2.871676504815329281e+03
2.873284696467996127e+03
2.874888462491451264e+03
2.876487892069501413e+03
2.878083072871548666e+03
2.879674091072196916e+03
2.881261031370719138e+03
2.882843977010382787e+03
2.884423009797636951e+03
2.885998210121154898e+03
2.887569656970734741e+03
2.889137427956058673e+03
2.890701599325305779e+03
2.892262245983622051e+03
2.893819441511442164e+03
2.895373258182671634e+03
2.896923766982715733e+03
2.898471037626363795e+03
2.900015138575529818e+03
2.901556137056841180e+03
2.903094099079076841e+03
2.904629089450464107e+03
2.906161171795820337e+03
2.907690408573545483e+03
2.909216861092469117e+03
2.910740589528540113e+03
2.912261652941373995e+03
2.913780109290642486e+03
2.915296015452315714e+03
2.916809427234753912e+03
2.918320399394644483e+03
2.919828985652789925e+03
2.921335238709742953e+03
2.922839210261290191e+03
2.924340951013787617e+03
2.925840510699333663e+03
2.927337938090803618e+03
2.928833281016723049e+03
2.930326586375991155e+03
2.931817900152454513e+03
2.933307267429328022e+03
2.934794732403460785e+03
2.936280338399458742e+03
2.937764127883645415e+03
2.939246142477878493e+03
2.940726422973214994e+03
2.942205009343421807e+03
2.943681940758341625e+03
2.945157255597100630e+03
2.946630991461176109e+03
2.948103185187305826e+03
2.949573872860252777e+03
2.951043089825422612e+03
2.952510870701324620e+03
2.953977249391898113e+03
2.955442259098677823e+03
2.956905932332820157e+03
2.958368300926980737e+03
2.959829396047048704e+03
2.961289248203730494e+03
2.962747887263992652e+03
2.964205342462358203e+03
2.965661642412064793e+03
2.967116815116069120e+03
2.968570887977923576e+03
2.970023887812495559e+03
2.971475840856561263e+03
2.972926772779246221e+03
2.974376708692335342e+03
2.975825673160439237e+03
2.977273690211026860e+03
2.978720783344315805e+03
2.980166975543031185e+03
2.981612289282028541e+03
2.983056746537777144e+03
2.984500368797715964e+03
2.985943177069474586e+03
2.987385191889961334e+03
2.988826433334320882e+03
2.990266921024759540e+03
2.991706674139249117e+03
2.993145711420093903e+03
2.994584051182373514e+03
2.996021711322261126e+03
2.997458709325215750e+03
2.998895062274049451e+03
3.000330786856871782e+03
3.001765899374912351e+03
3.003200415750221964e+03
3.004634351533255540e+03
3.006067721910332693e+03
3.007500541710984180e+03
3.008932825415176012e+03
3.010364587160426709e+03
3.011795840748800401e+03
3.013226599653793073e+03
3.014656877027103292e+03
3.016086685705292894e+03
3.017516038216336256e+03
3.018944946786062246e+03
3.020373423344486582e+03
3.021801479532038684e+03
3.023229126705683029e+03
3.024656375944934553e+03
3.026083238057770359e+03
3.027509723586444125e+03
3.028935842813194085e+03
3.030361605765849163e+03
3.031787022223347776e+03
3.033212101721144336e+03
3.034636853556531605e+03
3.036061286793858471e+03
3.037485410269663589e+03
3.038909232597702157e+03
3.040332762173897663e+03
3.041756007181188579e+03
3.043178975594295935e+03
3.044601675184393116e+03
3.046024113523700180e+03
3.047446297989978575e+03
3.048868235770954470e+03
3.050289933868647040e+03
3.051711399103622171e+03
3.053132638119160674e+03
3.054553657385345559e+03
3.055974463203075175e+03
3.057395061707993136e+03
3.058815458874340493e+03
3.060235660518739223e+03
3.061655672303892516e+03
3.063075499742218199e+03
3.064495148199402593e+03
3.065914622897892514e+03
3.067333928920307244e+03
3.068753071212785017e+03
3.070172054588264473e+03
3.071590883729694269e+03
3.073009563193178110e+03
3.074428097411055205e+03
3.075846490694915246e+03
3.077264747238554264e+03
3.078682871120862274e+03
3.080100866308655895e+03
3.081518736659445494e+03
3.082936485924149565e+03
3.084354117749745001e+03
3.085771635681863700e+03
3.087189043167332784e+03
3.088606343556659795e+03
3.090023540106461496e+03
3.091440635981842661e+03
3.092857634258720282e+03
3.094274537926097310e+03
3.095691349888285458e+03
3.097108072967079806e+03
3.098524709903883831e+03
3.099941263361781694e+03
3.101357735927575959e+03
3.102774130113766205e+03
3.104190448360488972e+03
3.105606693037412242e+03
3.107022866445586715e+03
3.108438970819253882e+03
3.109855008327611813e+03
3.111270981076540011e+03
3.112686891110282886e+03
3.114102740413098672e+03
3.115518530910861955e+03
3.116934264472633458e+03
3.118349942912189817e+03
3.119765567989520605e+03
3.121181141412284887e+03
3.122596664837234584e+03
3.124012139871605541e+03
3.125427568074469946e+03
3.126842950958061010e+03
3.128258289989062177e+03
3.129673586589866773e+03
3.131088842139803091e+03
3.132504057976333570e+03
3.133919235396219392e+03
3.135334375656661905e+03
3.136749479976410839e+03
3.138164549536844788e+03
3.139579585483027586e+03
3.140994588924735581e+03
3.142409560937459901e+03
3.143824502563380975e+03
3.145239414812319865e+03
3.146654298662668225e+03
3.148069155062285972e+03
3.149483984929385315e+03
3.150898789153384769e+03
3.152313568595744528e+03
3.153728324090777733e+03
3.155143056446444461e+03
3.156557766445116613e+03
3.157972454844333697e+03
3.159387122377529522e+03
3.160801769754743873e+03
3.162216397663312364e+03
3.163631006768541283e+03
3.165045597714362430e+03
3.166460171123970213e+03
3.167874727600439201e+03
3.169289267727330753e+03
3.170703792069278279e+03
3.172118301172555221e+03
3.173532795565636206e+03
3.174947275759728655e+03
3.176361742249304370e+03
3.177776195512606137e+03
3.179190636012142932e+03
3.180605064195174236e+03
3.182019480494178424e+03
3.183433885327306598e+03
3.184848279098826424e+03
3.186262662199549595e+03
3.187677035007255654e+03
3.189091397887090352e+03
3.190505751191964464e+03
3.191920095262936684e+03
3.193334430429585154e+03
3.194748757010365352e+03
3.196163075312967067e+03
3.197577385634651364e+03
3.198991688262579828e+03
3.200405983474140157e+03
3.201820271537253575e+03
3.203234552710679509e+03
3.204648827244308450e+03
3.206063095379447532e+03
3.207477357349094746e+03
3.208891613378211332e+03
3.210305863683978259e+03
3.211720108476049063e+03
3.213134347956797683e+03
3.214548582321551748e+03
3.215962811758826319e+03
3.217377036450544892e+03
3.218791256572258590e+03
3.220205472293353068e+03
