0.000000000000000000e+00
1.039440899723890332e+01
2.078831612914504490e+01
3.118121953212688524e+01
4.157261734788841068e+01
5.196200772931210565e+01
6.234888884869346981e+01
7.273275890832530877e+01
8.311311615342931702e+01
9.348945888743196519e+01
1.038612854895806805e+02
1.142280944348957235e+02
1.245893843164525379e+02
1.349446538699874623e+02
1.452934020008202367e+02
1.556351278130841536e+02
1.659693306412548282e+02
1.762955100839666898e+02
1.866131660401056251e+02
1.969217987471641891e+02
2.072209088218457964e+02
2.175099973029014393e+02
2.277885656961826442e+02
2.380561160218914267e+02
2.483121508640076911e+02
2.585561734218728134e+02
2.687876875639055925e+02
2.790061978834272054e+02
2.892112097565672570e+02
2.994022294022246342e+02
3.095787639440528096e+02
3.197403214744376214e+02
3.298864111204359801e+02
3.400165431116390664e+02
3.501302288499243787e+02
3.602269809810579204e+02
3.703063134681054862e+02
3.803677416666122326e+02
3.904107824015052302e+02
4.004349540456736349e+02
4.104397766001787886e+02
4.204247717760445653e+02
4.303894630775762380e+02
4.403333758871546593e+02
4.502560375514508451e+02
4.601569774690031522e+02
4.700357271790987852e+02
4.798918204518992638e+02
4.897247933797465294e+02
4.995341844695865348e+02
5.093195347364430745e+02
5.190803877978761420e+02
5.288162899693545569e+02
5.385267903604714093e+02
5.482114409719324613e+02
5.578697967932407664e+02
5.675014159010047479e+02
5.771058595577918595e+02
5.866826923114506371e+02
5.962314820948218994e+02
6.057518003257583814e+02
6.152432220073732196e+02
6.247053258284321373e+02
6.341376942638091805e+02
6.435399136749201716e+02
6.529115744100490701e+02
6.622522709044828844e+02
6.715616017803680506e+02
6.808391699462024462e+02
6.900845826958765201e+02
6.992974518071744114e+02
7.084773936396518366e+02
7.176240292317986587e+02
7.267369843974026935e+02
7.358158898210258485e+02
7.448603811525061928e+02
7.538700991003994432e+02
7.628446895242744858e+02
7.717838035257768752e+02
7.806870975383765199e+02
7.895542334157152027e+02
7.983848785184706003e+02
8.071787057996583599e+02
8.159353938882867396e+02
8.246546271712884391e+02
8.333360958736499242e+02
8.419794961366628741e+02
8.505845300942229414e+02
8.591509059471020464e+02
8.676783380351231472e+02
8.761665469071712096e+02
8.846152593889676155e+02
8.930242086485482105e+02
9.013931342593795080e+02
9.097217822610529083e+02
9.180099052174991812e+02
9.262572622726677309e+02
9.344636192036163038e+02
9.426287484709631599e+02
9.507524292666505517e+02
9.588344475589778995e+02
9.668745961348604396e+02
9.748726746392738960e+02
9.828284896118511824e+02
9.907418545205947567e+02
9.986125897926765447e+02
1.006440522842297241e+03
1.014225488095580431e+03
1.021967327012481860e+03
1.029665888105695103e+03
1.037321026956537708e+03
1.044932606227809629e+03
1.052500495673610885e+03
1.060024572146118089e+03
1.067504719599314285e+03
1.074940829089673798e+03
1.082332798773808690e+03
1.089680533903079777e+03
1.096983946815188347e+03
1.104242956922756775e+03
1.111457490698916899e+03
1.118627481659926389e+03
1.125752870344834264e+03
1.132833604292221025e+03
1.139869638014041584e+03
1.146860932966602604e+03
1.153807457518706315e+03
1.160709186916998078e+03
1.167566103248557738e+03
1.174378195400771801e+03
1.181145459018535121e+03
1.187867896458824134e+03
1.194545516742692598e+03
1.201178335504737106e+03
1.207766374940089236e+03
1.214309663748983439e+03
1.220808237078959792e+03
1.227262136464761625e+03
1.233671409765981025e+03
1.240036111102521772e+03
1.246356300787934970e+03
1.252632045260696032e+03
1.258863417013487378e+03
1.265050494520551183e+03
1.271193362163182655e+03
1.277292110153430713e+03
1.283346834456074930e+03
1.289357636708949258e+03
1.295324624141684808e+03
1.301247909492939925e+03
1.307127610926191437e+03
1.312963851944159842e+03
1.318756761301935057e+03
1.324506472918884810e+03
1.330213125789407968e+03
1.335876863892613756e+03
1.341497836100991890e+03
1.347076196088150709e+03
1.352612102235694692e+03
1.358105717539307307e+03
1.363557209514118767e+03
1.368966750099422143e+03
1.374334515562808747e+03
1.379660686403794671e+03
1.384945447257003934e+03
1.390188986794976472e+03
1.395391497630666663e+03
1.400553176219699708e+03
1.405674222762448380e+03
1.410754841105994274e+03
1.415795238646035614e+03
1.420795626228803030e+03
1.425756218053043312e+03
1.430677231572126175e+03
1.435558887396339060e+03
1.440401409195416591e+03
1.445205023601364701e+03
1.449969960111632190e+03
1.454696450992678137e+03
1.459384731183989970e+03
1.464035038202596070e+03
1.468647612048121346e+03
1.473222695108433982e+03
1.477760532065925190e+03
1.482261369804462902e+03
1.486725457317063047e+03
1.491153045614315943e+03
1.495544387633607357e+03
1.499899738149167661e+03
1.504219353682986139e+03
1.508503492416622748e+03
1.512752414103947331e+03
1.516966379984837886e+03
1.521145652699866787e+03
1.525290496205999489e+03
1.529401175693333016e+03
1.533477957502897198e+03
1.537521109045540015e+03
1.541530898721922313e+03
1.545507595843633680e+03
1.549451470555455444e+03
1.553362793758781663e+03
1.557241837036218385e+03
1.561088872577368193e+03
1.564904173105820291e+03
1.568688011807352041e+03
1.572440662259355122e+03
1.576162398361492706e+03
1.579853494267596261e+03
1.583514224318810648e+03
1.587144862977987714e+03
1.590745684765338183e+03
1.594316964195340688e+03
1.597858975714912731e+03
1.601371993642843563e+03
1.604856292110488539e+03
1.608312145003724936e+03
1.611739825906166516e+03
1.615139608043637963e+03
1.618511764229897835e+03
1.621856566813613881e+03
1.625174287626581872e+03
1.628465197933181571e+03
1.631729568381063700e+03
1.634967668953064049e+03
1.638179768920330389e+03
1.641366136796658566e+03
1.644527040294030485e+03
1.647662746279334215e+03
1.650773520732271436e+03
1.653859628704425859e+03
1.656921334279492839e+03
1.659958900534654276e+03
1.662972589503085146e+03
1.665962662137581674e+03
1.668929378275299314e+03
1.671872996603584852e+03
1.674793774626889217e+03
1.677691968634749855e+03
1.680567833670827667e+03
1.683421623502981220e+03
1.686253590594370507e+03
1.689063986075567755e+03
1.691853059717666611e+03
1.694621059906372011e+03
1.697368233617057285e+03
1.700094826390768503e+03
1.702801082311170148e+03
1.705487243982407335e+03
1.708153552507873883e+03
1.710800247469870101e+03
1.713427566910135056e+03
1.716035747311237856e+03
1.718625023578810215e+03
1.721195629024609616e+03
1.723747795350391470e+03
1.726281752632582993e+03
1.728797729307732880e+03
1.731295952158731552e+03
1.733776646301782193e+03
1.736240035174105287e+03
1.738686340522368482e+03
1.741115782391819494e+03
1.743528579116110222e+03
1.745924947307801631e+03
1.748305101849526181e+03
1.750669255885801931e+03
1.753017620815478722e+03
1.755350406284803739e+03
1.757667820181093703e+03
1.759970068626999364e+03
1.762257355975347309e+03
1.764529884804547237e+03
1.766787855914551528e+03
1.769031468323352556e+03
1.771260919264004997e+03
1.773476404182164742e+03
1.775678116734123250e+03
1.777866248785334164e+03
1.780040990409412188e+03
1.782202529887600804e+03
1.784351053708686777e+03
1.786486746569358729e+03
1.788609791374993847e+03
1.790720369240862283e+03
1.792818659493738551e+03
1.794904839673909009e+03
1.796979085537565652e+03
1.799041571059572561e+03
1.801092468436599120e+03
1.803131948090608148e+03
1.805160178672684879e+03
1.807177327067206988e+03
1.809183558396333183e+03
1.811179036024813968e+03
1.813163921565104374e+03
1.815138374882779317e+03
1.817102554102231352e+03
1.819056615612656742e+03
1.821000714074306188e+03
1.822935002425004541e+03
1.824859631886921306e+03
1.826774751973592402e+03
1.828680510497178830e+03
1.830577053575958416e+03
1.832464525642042418e+03
1.834343069449305631e+03
1.836212826081531375e+03
1.838073934960756333e+03
1.839926533855810021e+03
1.841770758891044807e+03
1.843606744555248497e+03
1.845434623710731785e+03
1.847254527602586450e+03
1.849066585868102948e+03
1.850870926546349892e+03
1.852667676087902237e+03
1.854456959364713384e+03
1.856238899680128725e+03
1.858013618779033322e+03
1.859781236858123975e+03
1.861541872576308833e+03
1.863295643065222521e+03
1.865042663939852218e+03
1.866783049309272656e+03
1.868516911787484332e+03
1.870244362504346327e+03
1.871965511116603238e+03
1.873680465819001256e+03
1.875389333355484723e+03
1.877092219030473416e+03
1.878789226720214856e+03
1.880480458884204609e+03
1.882166016576674338e+03
1.883845999458138976e+03
1.885520505807007112e+03
1.887189632531237521e+03
1.888853475180050964e+03
1.890512127955686537e+03
1.892165683725198505e+03
1.893814234032294053e+03
1.895457869109205149e+03
1.897096677888590420e+03
1.898730748015467043e+03
1.900360165859165363e+03
1.901985016525306264e+03
1.903605383867794671e+03
1.905221350500831022e+03
1.906832997810929555e+03
1.908440405968949563e+03
1.910043653942129595e+03
1.911642819506126216e+03
1.913237979257050483e+03
1.914829208623502609e+03
1.916416581878599800e+03
1.918000172151997504e+03
1.919580051441898831e+03
1.921156290627045792e+03
1.922728959478702791e+03
1.924298126672612398e+03
1.925863859800936325e+03
1.927426225384169811e+03
1.928985288883030762e+03
1.930541114710319562e+03
1.932093766242750917e+03
1.933643305832749775e+03
1.935189794820215866e+03
1.936733293544248681e+03
1.938273861354835844e+03
1.939811556624498962e+03
1.941346436759895369e+03
1.942878558213380984e+03
1.944407976494519744e+03
1.945934746181548462e+03
1.947458920932791898e+03
1.948980553498023937e+03
1.950499695729777613e+03
1.952016398594598513e+03
1.953530712184242702e+03
1.955042685726815535e+03
1.956552367597852026e+03
1.958059805331334701e+03
1.959565045630651639e+03
1.961068134379486082e+03
1.962569116652647836e+03
1.964068036726830769e+03
1.965564938091308477e+03
1.967059863458557857e+03
1.968552854774814705e+03
1.970043953230556781e+03
1.971533199270917066e+03
1.973020632606019035e+03
1.974506292221244621e+03
1.975990216387420332e+03
1.977472442670933333e+03
1.978953007943765670e+03
1.980431948393453240e+03
1.981909299532966315e+03
1.983385096210510483e+03
1.984859372619246187e+03
1.986332162306929831e+03
1.987803498185471199e+03
1.989273412540410618e+03
1.990741937040312678e+03
1.992209102746076951e+03
1.993674940120164592e+03
1.995139479035740351e+03
1.996602748785732501e+03
1.998064778091803646e+03
1.999525595113239660e+03
2.000985227455749964e+03
2.002443702180183664e+03
2.003901045811158838e+03
2.005357284345602920e+03
2.006812443261209637e+03
2.008266547524805674e+03
2.009719621600631626e+03
2.011171689458535411e+03
2.012622774582075408e+03
2.014072899976540384e+03
2.015522088176877787e+03
2.016970361255535181e+03
2.018417740830214825e+03
2.019864248071538441e+03
2.021309903710626486e+03
2.022754728046587616e+03
2.024198740953920378e+03
2.025641961889829190e+03
2.027084409901451409e+03
2.028526103632996183e+03
2.029967061332798494e+03
2.031407300860284067e+03
2.032846839692849244e+03
2.034285694932652177e+03
2.035723883313320357e+03
2.037161421206570594e+03
2.038598324628742830e+03
2.040034609247250501e+03
2.041470290386943816e+03
2.042905383036389594e+03
2.044339901854067193e+03
2.045773861174478952e+03
2.047207275014178549e+03
2.048640157077716140e+03
2.050072520763498687e+03
2.051504379169574349e+03
2.052935745099324777e+03
2.054366631067088747e+03
2.055797049303691438e+03
2.057227011761908216e+03
2.058656530121835658e+03
2.060085615796191178e+03
2.061514279935531249e+03
2.062942533433392782e+03
2.064370386931356279e+03
2.065797850824031229e+03
2.067224935263968746e+03
2.068651650166493710e+03
2.070078005214466430e+03
2.071504009862964267e+03
2.072929673343897321e+03
2.074355004670542712e+03
2.075780012642012935e+03
2.077204705847648256e+03
2.078629092671337730e+03
2.080053181295775630e+03
2.081476979706637849e+03
2.082900495696699636e+03
2.084323736869876939e+03
2.085746710645204985e+03
2.087169424260745927e+03
2.088591884777434643e+03
2.090014099082852226e+03
2.091436073894942638e+03
2.092857815765657506e+03
2.094279331084542264e+03
2.095700626082256804e+03
2.097121706834036559e+03
2.098542579263089010e+03
2.099963249143930625e+03
2.101383722105667403e+03
2.102804003635207664e+03
2.104224099080425731e+03
2.105644013653263755e+03
2.107063752432772162e+03
2.108483320368104160e+03
2.109902722281441584e+03
2.111321962870878451e+03
2.112741046713238575e+03
2.114159978266851795e+03
2.115578761874266092e+03
2.116997401764914684e+03
2.118415902057730818e+03
2.119834266763708001e+03
2.121252499788417026e+03
2.122670604934465246e+03
2.124088585903916737e+03
2.125506446300656989e+03
2.126924189632714842e+03
2.128341819314536224e+03
2.129759338669211502e+03
2.131176750930661001e+03
2.132594059245771405e+03
2.134011266676495325e+03
2.135428376201897663e+03
2.136845390720171054e+03
2.138262313050600369e+03
2.139679145935492670e+03
2.141095892042063497e+03
2.142512553964282688e+03
2.143929134224684276e+03
2.145345635276135908e+03
2.146762059503569617e+03
2.148178409225679388e+03
2.149594686696577355e+03
2.151010894107415425e+03
2.152427033587975984e+03
2.153843107208219863e+03
2.155259116979809278e+03
2.156675064857588495e+03
2.158090952741039018e+03
2.159506782475697037e+03
2.160922555854543589e+03
2.162338274619358344e+03
2.163753940462049741e+03
2.165169555025945556e+03
2.166585119907065746e+03
2.168000636655355720e+03
2.169416106775896878e+03
2.170831531730088045e+03
2.172246912936799617e+03
2.173662251773499975e+03
2.175077549577357331e+03
2.176492807646315214e+03
2.177908027240139290e+03
2.179323209581445099e+03
2.180738355856698035e+03
2.182153467217189245e+03
2.183568544779989679e+03
2.184983589628879599e+03
2.186398602815256709e+03
2.187813585359024273e+03
2.189228538249451503e+03
2.190643462446019839e+03
2.192058358879244224e+03
2.193473228451476643e+03
2.194888072037686925e+03
2.196302890486225806e+03
2.197717684619572083e+03
2.199132455235053385e+03
2.200547203105557401e+03
2.201961928980219454e+03
2.203376633585092804e+03
2.204791317623808027e+03
2.206205981778207843e+03
2.207620626708968757e+03
2.209035253056208148e+03
2.210449861440077257e+03
2.211864452461328710e+03
2.213279026701885869e+03
2.214693584725380788e+03
2.216108127077690369e+03
2.217522654287449768e+03
2.218937166866559892e+03
2.220351665310675799e+03
2.221766150099683728e+03
2.223180621698165851e+03
2.224595080555854111e+03
2.226009527108068596e+03
2.227423961776146371e+03
2.228838384967857110e+03
2.230252797077812374e+03
2.231667198487854421e+03
2.233081589567444553e+03
2.234495970674033288e+03
2.235910342153425063e+03
2.237324704340130211e+03
2.238739057557708747e+03
2.240153402119103703e+03
2.241567738326964445e+03
2.242982066473963641e+03
2.244396386843103301e+03
2.245810699708012180e+03
2.247225005333235458e+03
2.248639303974515315e+03
2.250053595879065597e+03
2.251467881285836938e+03
2.252882160425773236e+03
2.254296433522063580e+03
2.255710700790385999e+03
2.257124962439141655e+03
2.258539218669687671e+03
2.259953469676556324e+03
2.261367715647673776e+03
2.262781956764569259e+03
2.264196193202578797e+03
2.265610425131043939e+03
2.267024652713502746e+03
2.268438876107876240e+03
2.269853095466650757e+03
2.271267310937051207e+03
