0.000000000000000000e+00
2.668442153427553976e+01
5.336685923113315511e+01
8.004532926579393859e+01
1.067178478519161047e+02
1.333824312842917266e+02
1.600370959986015009e+02
1.866798586482056521e+02
2.133087361979407319e+02
2.399217460348836255e+02
2.665169060960346314e+02
2.930922350128608400e+02
3.196457522726306593e+02
3.461754783964582316e+02
3.726794351339643185e+02
3.991556456744469870e+02
4.256021348744416173e+02
4.520169295015354010e+02
4.783980584942869996e+02
5.047435532380843597e+02
5.310514478567605465e+02
5.573197795197672804e+02
5.835465887646909096e+02
6.097299198348769096e+02
6.358678210319095570e+02
6.619583450826771696e+02
6.879995495207314207e+02
7.139894970816314981e+02
7.399262561119431894e+02
7.658079009915447841e+02
7.916325125688679236e+02
8.173981786086845887e+02
8.431029942520303848e+02
8.687450624878298413e+02
8.943224946357776162e+02
9.198334108399980096e+02
9.452759405729938180e+02
9.706482231493720292e+02
9.959484082488132799e+02
1.021174656447734833e+03
1.046325139759074546e+03
1.071398042179609547e+03
1.096391560244199127e+03
1.121303903586330307e+03
1.146133295504321040e+03
1.170877973532525175e+03
1.195536190016867067e+03
1.220106212694015312e+03
1.244586325273496186e+03
1.268974828022033080e+03
1.293270038349385231e+03
1.317470291394949072e+03
1.341573940614380035e+03
1.365579358365477219e+03
1.389484936492571478e+03
1.413289086908651825e+03
1.436990242174458444e+03
1.460586856073766285e+03
1.484077404184090710e+03
1.507460384442029408e+03
1.530734317702477028e+03
1.553897748290932668e+03
1.576949244548138722e+03
1.599887399366287127e+03
1.622710830716039936e+03
1.645418182163617530e+03
1.668008123377223228e+03
1.690479350622078982e+03
1.712830587243363198e+03
1.735060584136356738e+03
1.757168120203120452e+03
1.779152002795041881e+03
1.801011068140612906e+03
1.822744181757818296e+03
1.844350238850533742e+03
1.865828164688364950e+03
1.887176914969372319e+03
1.908395476165160289e+03
1.929482865847834319e+03
1.950438132998352785e+03
1.971260358295838387e+03
1.991948654387435454e+03
2.012502166138335497e+03
2.032920070861620616e+03
2.053201578527611673e+03
2.073345931952438150e+03
2.093352406965577302e+03
2.113220312556151839e+03
2.132948990997796955e+03
2.152537817951962552e+03
2.171986202549521749e+03
2.191293587450621999e+03
2.210459448882730157e+03
2.229483296656858784e+03
2.248364674162011852e+03
2.267103158337894456e+03
2.285698359625996090e+03
2.304149921899159835e+03
2.322457522369812068e+03
2.340620871477034143e+03
2.358639712752704327e+03
2.376513822666964188e+03
2.394243010453295028e+03
2.411827117913518123e+03
2.429266019203055748e+03
2.446559620596827699e+03
2.463707860236178021e+03
2.480710707857246689e+03
2.497568164501231422e+03
2.514280262207010765e+03
2.530847063686607271e+03
2.547268661984003302e+03
2.563545180117830114e+03
2.579676770708481854e+03
2.595663615590201516e+03
2.611505925408720032e+03
2.627203939205031020e+03
2.642757923985904654e+03
2.658168174281735901e+03
2.673435011692363787e+03
2.688558784421466498e+03
2.703539866800178515e+03
2.718378658800553694e+03
2.733075585539525491e+03
2.747631096773992340e+03
2.762045666387682559e+03
2.776319791870429526e+03
2.790453993790509685e+03
2.804448815260664105e+03
2.818304821398457989e+03
2.832022598781581564e+03
2.845602754898738112e+03
2.859045917596718937e+03
2.872352734524275093e+03
2.885523872573386598e+03
2.898560017318515293e+03
2.911461872454412969e+03
2.924230159233061840e+03
2.936865615900284411e+03
2.949368997132578897e+03
2.961741073474690893e+03
2.973982630778445582e+03
2.986094469643332104e+03
2.998077404859322087e+03
3.009932264852389380e+03
3.021659891133180736e+03
3.033261137749275804e+03
3.044736870741446637e+03
3.056087967604325513e+03
3.067315316751854880e+03
3.078419816987902323e+03
3.089402376982365695e+03
3.100263914753126301e+03
3.111005357154152080e+03
3.121627639370041379e+03
3.132131704417308811e+03
3.142518502652656935e+03
3.152788991288487523e+03
3.162944133915890689e+03
3.172984900035309693e+03
3.182912264595091074e+03
3.192727207538091534e+03
3.202430713356522574e+03
3.212023770655162480e+03
3.221507371723082088e+03
3.230882512114006659e+03
3.240150190235411173e+03
3.249311406946444549e+03
3.258367165164762810e+03
3.267318469482330329e+03
3.276166325790245992e+03
3.284911740912627010e+03
3.293555722249586324e+03
3.302099277429309041e+03
3.310543413969241556e+03
3.318889138946375624e+03
3.327137458676627830e+03
3.335289378403264436e+03
3.343345901994360702e+03
3.351308031649229179e+03
3.359176767613772427e+03
3.366953107904703302e+03
3.374638048042550508e+03
3.382232580793387115e+03
3.389737695919184716e+03
3.397154379936715941e+03
3.404483615884901610e+03
3.411726383100502972e+03
3.418883657002055770e+03
3.425956408881923380e+03
3.432945605706373954e+03
3.439852209923535611e+03
3.446677179279127358e+03
3.453421466639827486e+03
3.460086019824147115e+03
3.466671781440687027e+03
3.473179688733630428e+03
3.479610673435335684e+03
3.485965661625900339e+03
3.492245573599535874e+03
3.498451323737630901e+03
3.504583820388341792e+03
3.510643965752576150e+03
3.516632655776224510e+03
3.522550780048487468e+03
3.528399221706154549e+03
3.534178857343698382e+03
3.539890556929023205e+03
3.545535183724733997e+03
3.551113594214780733e+03
3.556626638036324493e+03
3.562075157916694025e+03
3.567459989615287213e+03
3.572781961870270152e+03
3.578041896349944182e+03
3.583240607608635855e+03
3.588378903046975211e+03
3.593457582876430934e+03
3.598477440087962805e+03
3.603439260424660915e+03
3.608343822358250236e+03
3.613191897069320476e+03
3.617984248431167089e+03
3.622721632997108827e+03
3.627404799991171330e+03
3.632034491302004881e+03
3.636611441479935820e+03
3.641136377737018847e+03
3.645610019949989237e+03
3.650033080665995840e+03
3.654406265111025277e+03
3.658730271200878633e+03
3.663005789554635612e+03
3.667233503510471110e+03
3.671414089143751426e+03
3.675548215287295989e+03
3.679636543553720458e+03
3.683679728359762976e+03
3.687678416952513999e+03
3.691633249437447375e+03
3.695544858808184472e+03
3.699413870977894021e+03
3.703240904812261306e+03
3.707026572163932997e+03
3.710771477908380803e+03
3.714476219981090708e+03
3.718141389416021866e+03
3.721767570385258296e+03
3.725355340239783345e+03
3.728905269551326001e+03
3.732417922155193082e+03
3.735893855194051412e+03
3.739333619162582636e+03
3.742737757952961147e+03
3.746106808901097338e+03
3.749441302833600275e+03
3.752741764115391106e+03
3.756008710697943116e+03
3.759242654168074296e+03
3.762444099797263334e+03
3.765613546591443082e+03
3.768751487341216034e+03
3.771858408672473161e+03
3.774934791097348807e+03
3.777981109065497549e+03
3.780997831015647535e+03
3.783985419427389843e+03
3.786944330873177023e+03
3.789875016070500806e+03
3.792777919934209422e+03
3.795653481628941790e+03
3.798502134621650839e+03
3.801324306734181846e+03
3.804120420195888073e+03
3.806890891696259587e+03
3.809636132437526612e+03
3.812356548187242424e+03
3.815052539330795753e+03
3.817724500923849973e+03
3.820372822744691348e+03
3.822997889346452666e+03
3.825600080109212740e+03
3.828179769291939010e+03
3.830737326084278720e+03
3.833273114658158647e+03
3.835787494219201108e+03
3.838280819057931240e+03
3.840753438600767367e+03
3.843205697460783540e+03
3.845637935488232415e+03
3.848050487820817125e+03
3.850443684933705299e+03
3.852817852689276151e+03
3.855173312386590624e+03
3.857510380810576407e+03
3.859829370280927378e+03
3.862130588700698809e+03
3.864414339604608813e+03
3.866680922207023286e+03
3.868930631449631619e+03
3.871163758048802720e+03
3.873380588542622263e+03
3.875581405337597971e+03
3.877766486755043843e+03
3.879936107077124234e+03
3.882090536592570061e+03
3.884230041642053038e+03
3.886354884663222947e+03
3.888465324235407024e+03
3.890561615123960109e+03
3.892644008324281913e+03
3.894712751105478674e+03
3.896768087053690124e+03
3.898810256115067205e+03
3.900839494638403721e+03
3.902856035417422390e+03
3.904860107732722554e+03
3.906851937393371372e+03
3.908831746778161687e+03
3.910799754876521547e+03
3.912756177329081765e+03
3.914701226467896504e+03
3.916635111356335528e+03
3.918558037828626766e+03
3.920470208529058254e+03
3.922371822950854948e+03
3.924263077474705369e+03
3.926144165406967659e+03
3.928015277017533208e+03
3.929876599577362867e+03
3.931728317395697559e+03
3.933570611856928736e+03
3.935403661457163253e+03
3.937227641840440810e+03
3.939042725834652629e+03
3.940849083487117241e+03
3.942646882099853883e+03
3.944436286264535738e+03
3.946217457897121221e+03
3.947990556272179674e+03
3.949755738056906011e+03
3.951513157344822048e+03
3.953262965689170869e+03
3.955005312136012435e+03
3.956740343257007680e+03
3.958468203181904300e+03
3.960189033630725589e+03
3.961902973945655958e+03
3.963610161122635418e+03
3.965310729842656201e+03
3.967004812502769255e+03
3.968692539246799697e+03
3.970374037995773961e+03
3.972049434478054536e+03
3.973718852259200958e+03
3.975382412771533836e+03
3.977040235343426502e+03
3.978692437228309245e+03
3.980339133633403890e+03
3.981980437748168242e+03
3.983616460772479968e+03
3.985247311944531702e+03
3.986873098568465593e+03
3.988493926041730901e+03
3.990109897882172845e+03
3.991721115754852690e+03
3.993327679498605448e+03
3.994929687152327460e+03
3.996527234981001129e+03
3.998120417501462725e+03
3.999709327507899616e+03
4.001294056097098292e+03
4.002874692693424549e+03
4.004451325073557200e+03
4.006024039390952566e+03
4.007592920200069784e+03
4.009158050480330985e+03
4.010719511659836826e+03
4.012277383638828269e+03
4.013831744812898251e+03
4.015382672095962334e+03
4.016930240942970158e+03
4.018474525372383596e+03
4.020015597988403897e+03
4.021553530002956450e+03
4.023088391257435887e+03
4.024620250244209274e+03
4.026149174127875085e+03
4.027675228766296641e+03
4.029198478731381329e+03
4.030718987329639276e+03
4.032236816622497827e+03
4.033752027446383636e+03
4.035264679432580124e+03
4.036774831026842548e+03
4.038282539508789796e+03
4.039787861011068799e+03
4.041290850538285213e+03
4.042791561985716271e+03
4.044290048157788078e+03
4.045786360786340083e+03
4.047280550548661722e+03
4.048772667085303510e+03
4.050262759017677581e+03
4.051750873965431310e+03
4.053237058563608571e+03
4.054721358479589981e+03
4.056203818429825787e+03
4.057684482196344561e+03
4.059163392643058160e+03
4.060640591731855238e+03
4.062116120538476935e+03
4.063590019268193828e+03
4.065062327271271442e+03
4.066533083058229749e+03
4.068002324314898942e+03
4.069470087917274213e+03
4.070936409946164986e+03
4.072401325701649057e+03
4.073864869717323018e+03
4.075327075774358491e+03
4.076787976915362833e+03
4.078247605458042472e+03
4.079705993008676614e+03
4.081163170475398601e+03
4.082619168081283078e+03
4.084074015377253090e+03
4.085527741254793000e+03
4.086980373958474956e+03
4.088431941098311199e+03
4.089882469661910363e+03
4.091331986026465529e+03
4.092780515970552187e+03
4.094228084685754311e+03
4.095674716788114893e+03
4.097120436329406402e+03
4.098565266808233901e+03
4.100009231180963070e+03
4.101452351872478175e+03
4.102894650786772218e+03
4.104336149317372474e+03
4.105776868357595959e+03
4.107216828310647543e+03
4.108656049099548909e+03
4.110094550176911071e+03
4.111532350534553188e+03
4.112969468712949492e+03
4.114405922810539778e+03
4.115841730492867100e+03
4.117276909001580862e+03
4.118711475163273462e+03
4.120145445398178708e+03
4.121578835728721970e+03
4.123011661787914818e+03
4.124443938827621423e+03
4.125875681726666699e+03
4.127306904998815298e+03
4.128737622800606005e+03
4.130167848939050600e+03
4.131597596879191769e+03
4.133026879751539127e+03
4.134455710359356999e+03
4.135884101185833060e+03
4.137312064401110547e+03
4.138739611869201326e+03
4.140166755154759812e+03
4.141593505529744107e+03
4.143019873979953445e+03
4.144445871211433769e+03
4.145871507656775975e+03
4.147296793481289569e+03
4.148721738589063534e+03
4.150146352628908971e+03
4.151570645000186232e+03
4.152994624858532006e+03
4.154418301121462719e+03
4.155841682473874243e+03
4.157264777373440666e+03
4.158687594055896625e+03
4.160110140540225075e+03
4.161532424633736809e+03
4.162954453937049948e+03
4.164376235848977558e+03
4.165797777571302504e+03
4.167219086113471349e+03
4.168640168297180935e+03
4.170061030760882204e+03
4.171481679964183058e+03
4.172902122192165734e+03
4.174322363559613223e+03
4.175742410015148380e+03
4.177162267345287546e+03
4.178581941178407760e+03
4.180001436988629393e+03
4.181420760099622385e+03
4.182839915688323345e+03
4.184258908788580811e+03
4.185677744294716831e+03
4.187096426965014871e+03
4.188514961425129513e+03
4.189933352171429760e+03
4.191351603574254113e+03
4.192769719881111996e+03
4.194187705219800591e+03
4.195605563601459835e+03
4.197023298923561924e+03
4.198440914972820792e+03
4.199858415428053377e+03
4.201275803862967223e+03
4.202693083748882600e+03
4.204110258457400960e+03
4.205527331263003362e+03
4.206944305345599787e+03
4.208361183793005694e+03
4.209777969603379461e+03
4.211194665687585257e+03
4.212611274871512251e+03
4.214027799898336525e+03
4.215444243430727511e+03
4.216860608053006217e+03
4.218276896273251623e+03
4.219693110525350676e+03
4.221109253171007367e+03
4.222525326501704512e+03
4.223941332740607322e+03
4.225357274044431506e+03
4.226773152505262260e+03
4.228188970152330512e+03
4.229604728953742779e+03
4.231020430818169189e+03
4.232436077596491486e+03
4.233851671083412839e+03
4.235267213019018527e+03
4.236682705090309355e+03
4.238098148932684126e+03
4.239513546131400290e+03
4.240928898222980024e+03
4.242344206696598121e+03
4.243759472995417127e+03
4.245174698517906108e+03
4.246589884619111217e+03
4.248005032611901697e+03
4.249420143768183152e+03
4.250835219320072611e+03
4.252250260461051766e+03
4.253665268347088386e+03
4.255080244097720424e+03
4.256495188797123774e+03
4.257910103495142721e+03
4.259324989208294937e+03
4.260739846920757373e+03
4.262154677585311219e+03
4.263569482124275055e+03
4.264984261430407059e+03
4.266399016367785407e+03
4.267813747772656825e+03
4.269228456454277875e+03
4.270643143195718039e+03
4.272057808754647340e+03
4.273472453864101226e+03
4.274887079233230907e+03
4.276301685548020941e+03
4.277716273471995919e+03
4.279130843646904395e+03
4.280545396693383736e+03
4.281959933211609496e+03
4.283374453781920238e+03
4.284788958965434176e+03
4.286203449304634887e+03
4.287617925323957024e+03
4.289032387530339292e+03
4.290446836413775600e+03
4.291861272447838928e+03
4.293275696090198835e+03
4.294690107783119856e+03
4.296104507953943539e+03
4.297518897015562288e+03
4.298933275366875023e+03
4.300347643393231920e+03
4.301762001466864604e+03
4.303176349947303606e+03
4.304590689181784910e+03
4.306005019505643759e+03
4.307419341242699375e+03
4.308833654705619665e+03
4.310247960196288659e+03
4.311662258006147567e+03
4.313076548416543119e+03
4.314490831699046794e+03
4.315905108115781331e+03
4.317319377919720864e+03
4.318733641355001055e+03
4.320147898657201949e+03
4.321562150053631740e+03
4.322976395763601431e+03
4.324390635998687685e+03
4.325804870962989298e+03
4.327219100853379132e+03
4.328633325859740580e+03
4.330047546165205858e+03
4.331461761946377919e+03
