0.000000000000000000e+00
3.796459215026002454e+01
7.592586369074206232e+01
1.138804940386627464e+02
1.518251626933320608e+02
1.897565493273390587e+02
2.276713339141592769e+02
2.655661968921256744e+02
3.034378193646857085e+02
3.412828833368432697e+02
3.790980719876596368e+02
4.168800699786600035e+02
4.546255637979641051e+02
4.923312421399278378e+02
5.299937963200505919e+02
5.676099207248672656e+02
6.051763132965080558e+02
6.426896760515718370e+02
6.801467156339164148e+02
7.175441439009314308e+02
7.548786785428113717e+02
7.921470437343082267e+02
8.293459708183903558e+02
8.664721990211951379e+02
9.035224761976072614e+02
9.404935596067517736e+02
9.773822167166379131e+02
1.014185226037140524e+03
1.050899377980453892e+03
1.087521475748103285e+03
1.124048336243547283e+03
1.160476791009351246e+03
1.196803687187860987e+03
1.233025888504259228e+03
1.269140276270827371e+03
1.305143750411195697e+03
1.341033230503307550e+03
1.376805656839779886e+03
1.412457991504294341e+03
1.447987219462606618e+03
1.483390349666719430e+03
1.518664416170720415e+03
1.553806479256752709e+03
1.588813626569534563e+03
1.623682974257825890e+03
1.658411668121193998e+03
1.692996884760406601e+03
1.727435832729750018e+03
1.761725753689549947e+03
1.795863923557148382e+03
1.829847653654572014e+03
1.863674291851118141e+03
1.897341223699065495e+03
1.930845873560724158e+03
1.964185705725017669e+03
1.997358225511809906e+03
2.030360980362180726e+03
2.063191560912873683e+03
2.095847602053145692e+03
2.128326783962267200e+03
2.160626833125949815e+03
2.192745523329993375e+03
2.224680676629482150e+03
2.256430164291899928e+03
2.287991907712548254e+03
2.319363879300730332e+03
2.350544103335173986e+03
2.381530656787245789e+03
2.412321670110538889e+03
2.442915327995495772e+03
2.473309870087771742e+03
2.503503591669119032e+03
2.533494844299631495e+03
2.563282036420271652e+03
2.592863633914655566e+03
2.622238160629171944e+03
2.651404198850565081e+03
2.680360389740209030e+03
2.709105433724372688e+03
2.737638090839860979e+03
2.765957181034503719e+03
2.794061584422048782e+03
2.821950241491099405e+03
2.849622153267830072e+03
2.877076381432289054e+03
2.904312048388201674e+03
2.931328337286260194e+03
2.958124492000974442e+03
2.984699817061256908e+03
3.011053677534973758e+03
3.037185498867811930e+03
3.063094766676861127e+03
3.088781026499406380e+03
3.114243883497503703e+03
3.139483002118989589e+03
3.164498105715633756e+03
3.189288976119233212e+03
3.213855453176511674e+03
3.238197434243725183e+03
3.262314873641993472e+03
3.286207782074371607e+03
3.309876226005773788e+03
3.333320327006904336e+03
3.356540261063385060e+03
3.379536257851334085e+03
3.402308599980668532e+03
3.424857622207468921e+03
3.447183710616746794e+03
3.469287301777005723e+03
3.491168881868009521e+03
3.512828985783187818e+03
3.534268196208125573e+03
3.555487142676610347e+03
3.576486500605708898e+03
3.597266990311349218e+03
3.617829376005910945e+03
3.638174464779292975e+03
3.658303105564956240e+03
3.678216188092406810e+03
3.697914641827592277e+03
3.717399434902667053e+03
3.736671573036559948e+03
3.755732098447766475e+03
3.774582088760764691e+03
3.793222655907429726e+03
3.811654945024794415e+03
3.829880133350481628e+03
3.847899429117090222e+03
3.865714070446801088e+03
3.883325324247425669e+03
3.900734485111081995e+03
3.917942874216659220e+03
3.934951838237169795e+03
3.951762748253081099e+03
3.968376998672646096e+03
3.984796006160237084e+03
4.001021208573622516e+03
4.017054063911106368e+03
4.032896049269390915e+03
4.048548659812976439e+03
4.064013407755905973e+03
4.079291821356547189e+03
4.094385443926144035e+03
4.109295832851772502e+03
4.124024558634296227e+03
4.138573203941905376e+03
4.152943362679751772e+03
4.167136639076162282e+03
4.181154646785866134e+03
4.194999008010649959e+03
4.208671352637783457e+03
4.222173317396562197e+03
4.235506545033221300e+03
4.248672683504503766e+03
4.261673385190068075e+03
4.274510306123930604e+03
4.287185105245087470e+03
4.299699443667415835e+03
4.312054983968961096e+03
4.324253389500635421e+03
4.336296323714374921e+03
4.348185449510732724e+03
4.359922428605900677e+03
4.371508920918073272e+03
4.382946583973110137e+03
4.394237072329361581e+03
4.405382037021565338e+03
4.416383125023646244e+03
4.427241978730266055e+03
4.437960235456947885e+03
4.448539526958566967e+03
4.458981478966001305e+03
4.469287710740710281e+03
4.479459834647007483e+03
4.489499455741754900e+03
4.499408171381241118e+03
4.509187570844938818e+03
4.518839234975866930e+03
4.528364735837279113e+03
4.537765636385340258e+03
4.547043490157514498e+03
4.556199840976338237e+03
4.565236222668247137e+03
4.574154158797145101e+03
4.582955162412387836e+03
4.591640735810834485e+03
4.600212370312649000e+03
4.608671546050500183e+03
4.617019731771843908e+03
4.625258384653920984e+03
4.633388950131165984e+03
4.641412861734658691e+03
4.649331540943308028e+03
4.657146397046413767e+03
4.664858827017287695e+03
4.672470215397597713e+03
4.679981934192101107e+03
4.687395342773459561e+03
4.694711787796796671e+03
4.701932603123689660e+03
4.709059109755282407e+03
4.716092615774204205e+03
4.723034416294992297e+03
4.729885793422725328e+03
4.736648016219558485e+03
4.743322340678881119e+03
4.749910009706805795e+03
4.756412253110706843e+03
4.762830287594544643e+03
4.769165316760694623e+03
4.775418531118022656e+03
4.781591108095945856e+03
4.787684212064235908e+03
4.793698994358306663e+03
4.799636593309751333e+03
4.805498134281893726e+03
4.811284729710129795e+03
4.816997479146824844e+03
4.822637469310559936e+03
4.828205774139510140e+03
4.833703454848751790e+03
4.839131559991299582e+03
4.844491125522672519e+03
4.849783174868811329e+03
4.855008718997150936e+03
4.860168756490685155e+03
4.865264273624840826e+03
4.870296244446992205e+03
4.875265630858471923e+03
4.880173382698899331e+03
4.885020437832691641e+03
4.889807722237605049e+03
4.894536150095169432e+03
4.899206623882873828e+03
4.903820034467975347e+03
4.908377261202805130e+03
4.912879172021454906e+03
4.917326623537710475e+03
4.921720461144137516e+03
4.926061519112199676e+03
4.930350620693304336e+03
4.934588578220687850e+03
4.938776193212026556e+03
4.942914256472690795e+03
4.947003548199555553e+03
4.951044838085274932e+03
4.955038885422945896e+03
4.958986439211077595e+03
4.962888238258798083e+03
4.966745011291223818e+03
4.970557477054921947e+03
4.974326344423404407e+03
4.978052312502594759e+03
4.981736070736196780e+03
4.985378299010929368e+03
4.988979667761549535e+03
4.992540838075636202e+03
4.996062461798073855e+03
4.999545181635196968e+03
5.002989631258539703e+03
5.006396435408174511e+03
5.009766209995581448e+03
5.013099562206012706e+03
5.016397090600331467e+03
5.019659385216284136e+03
5.022887027669177769e+03
5.026080591251933583e+03
5.029240641034492910e+03
5.032367733962552848e+03
5.035462418955601606e+03
5.038525237004243536e+03
5.041556721266786553e+03
5.044557397165073780e+03
5.047527782479546659e+03
5.050468387443529537e+03
5.053379714836707535e+03
5.056262260077797691e+03
5.059116511316401557e+03
5.061942949524022879e+03
5.064742048584243094e+03
5.067514275382056439e+03
5.070260089892344695e+03
5.072979945267491530e+03
5.075674287924135569e+03
5.078343557629053976e+03
5.080988187584174739e+03
5.083608604510706755e+03
5.086205228732412252e+03
5.088778474257986090e+03
5.091328748862569228e+03
5.093856454168384516e+03
5.096361985724495753e+03
5.098845733085700886e+03
5.101308079890552108e+03
5.103749403938508294e+03
5.106170077266225235e+03
5.108570466222992764e+03
5.110950931545305139e+03
5.113311828430595597e+03
5.115653506610115983e+03
5.117976310420976006e+03
5.120280578877364860e+03
5.122566645740921558e+03
5.124834839590305819e+03
5.127085483889942225e+03
5.129318897057962204e+03
5.131535392533343838e+03
5.133735278842259504e+03
5.135918859663637704e+03
5.138086433893950016e+03
5.140238295711222236e+03
5.142374734638288828e+03
5.144496035605289762e+03
5.146602479011426112e+03
5.148694340785971690e+03
5.150771892448557082e+03
5.152835401168738827e+03
5.154885129824843716e+03
5.156921337062120074e+03
5.158944277350183256e+03
5.160954201039782674e+03
5.162951354418879419e+03
5.164935979768060861e+03
5.166908315415287689e+03
5.168868595789987921e+03
5.170817051476505185e+03
5.172753909266901246e+03
5.174679392213146457e+03
5.176593719678664456e+03
5.178497107389282974e+03
5.180389767483566175e+03
5.182271908562553108e+03
5.184143735738905889e+03
5.186005450685471260e+03
5.187857251683272807e+03
5.189699333668927466e+03
5.191531888281507236e+03
5.193355103908846104e+03
5.195169165733297632e+03
5.196974255776957762e+03
5.198770552946348289e+03
5.200558233076587385e+03
5.202337468975021693e+03
5.204108430464365483e+03
5.205871284425325030e+03
5.207626194838719130e+03
5.209373322827113043e+03
5.211112826695965850e+03
5.212844861974287596e+03
5.214569581454832587e+03
5.216287135233810659e+03
5.217997670750150064e+03
5.219701332824281053e+03
5.221398263696485628e+03
5.223088603064791641e+03
5.224772488122417599e+03
5.226450053594791825e+03
5.228121431776132340e+03
5.229786752565595634e+03
5.231446143503013445e+03
5.233099729804198432e+03
5.234747634395844216e+03
5.236389977950014327e+03
5.238026878918224611e+03
5.239658453565124546e+03
5.241284816001785657e+03
5.242906078218591574e+03
5.244522350117749738e+03
5.246133739545402932e+03
5.247740352323374282e+03
5.249342292280532092e+03
5.250939661283772693e+03
5.252532559268648583e+03
5.254121084269615494e+03
5.255705332449927482e+03
5.257285398131168222e+03
5.258861373822425776e+03
5.260433350249118121e+03
5.262001416381468516e+03
5.263565659462628901e+03
5.265126165036468592e+03
5.266683016975020109e+03
5.268236297505581206e+03
5.269786087237497668e+03
5.271332465188596871e+03
5.272875508811308464e+03
5.274415294018450368e+03
5.275951895208692804e+03
5.277485385291709463e+03
5.279015835713003980e+03
5.280543316478421730e+03
5.282067896178356023e+03
5.283589642011638716e+03
5.285108619809127049e+03
5.286624894056986705e+03
5.288138527919669286e+03
5.289649583262598753e+03
5.291158120674548627e+03
5.292664199489740895e+03
5.294167877809634774e+03
5.295669212524446266e+03
5.297168259334362119e+03
5.298665072770482766e+03
5.300159706215473307e+03
5.301652211923943469e+03
5.303142641042541982e+03
5.304631043629783562e+03
5.306117468675593955e+03
5.307601964120596676e+03
5.309084576875116909e+03
5.310565352837930732e+03
5.312044336914746964e+03
5.313521573036428890e+03
5.314997104176952234e+03
5.316470972371112111e+03
5.317943218731973502e+03
5.319413883468067070e+03
5.320883005900339413e+03
5.322350624478852296e+03
5.323816776799234503e+03
5.325281499618898124e+03
5.326744828873001097e+03
5.328206799690187836e+03
5.329667446408075193e+03
5.331126802588521059e+03
5.332584901032643756e+03
5.334041773795626796e+03
5.335497452201288979e+03
5.336951966856425315e+03
5.338405347664933288e+03
5.339857623841713576e+03
5.341308823926349760e+03
5.342758975796574305e+03
5.344208106681524441e+03
5.345656243174774318e+03
5.347103411247168879e+03
5.348549636259444924e+03
5.349994942974645710e+03
5.351439355570335465e+03
5.352882897650609266e+03
5.354325592257905555e+03
5.355767461884624936e+03
5.357208528484548879e+03
5.358648813484070160e+03
5.360088337793232313e+03
5.361527121816578074e+03
5.362965185463820490e+03
5.364402548160316655e+03
5.365839228857375929e+03
5.367275246042374420e+03
5.368710617748703044e+03
5.370145361565535495e+03
5.371579494647422507e+03
5.373013033723720582e+03
5.374445995107846102e+03
5.375878394706365725e+03
5.377310248027923990e+03
5.378741570192009021e+03
5.380172375937549077e+03
5.381602679631368119e+03
5.383032495276466761e+03
5.384461836520164979e+03
5.385890716662082013e+03
5.387319148661975305e+03
5.388747145147419360e+03
5.390174718421358193e+03
5.391601880469492244e+03
5.393028642967541600e+03
5.394455017288359159e+03
5.395881014508908265e+03
5.397306645417108484e+03
5.398731920518545849e+03
5.400156850043047598e+03
5.401581443951130495e+03
5.403005711940321817e+03
5.404429663451356646e+03
5.405853307674241478e+03
5.407276653554209588e+03
5.408699709797540891e+03
5.410122484877281750e+03
5.411544987038826548e+03
5.412967224305405580e+03
5.414389204483441972e+03
5.415810935167814023e+03
5.417232423746996574e+03
5.418653677408093245e+03
5.420074703141779537e+03
5.421495507747118609e+03
5.422916097836294284e+03
5.424336479839233107e+03
5.425756660008130893e+03
5.427176644421879246e+03
5.428596438990401111e+03
5.430016049458887210e+03
5.431435481411946057e+03
5.432854740277655765e+03
5.434273831331534893e+03
5.435692759700420538e+03
5.437111530366258194e+03
5.438530148169815220e+03
5.439948617814305180e+03
5.441366943868933049e+03
5.442785130772355842e+03
5.444203182836075030e+03
5.445621104247740732e+03
5.447038899074384972e+03
5.448456571265587627e+03
5.449874124656551430e+03
5.451291562971128769e+03
5.452708889824758444e+03
5.454126108727346036e+03
5.455543223086072430e+03
5.456960236208135029e+03
5.458377151303427127e+03
5.459793971487152703e+03
5.461210699782377560e+03
5.462627339122522244e+03
5.464043892353793126e+03
5.465460362237554364e+03
5.466876751452644385e+03
5.468293062597634162e+03
5.469709298193035465e+03
5.471125460683443634e+03
5.472541552439643056e+03
5.473957575760647160e+03
5.475373532875696583e+03
5.476789425946202755e+03
5.478205257067647835e+03
5.479621028271429168e+03
5.481036741526667356e+03
5.482452398741959769e+03
5.483868001767097667e+03
5.485283552394730577e+03
5.486699052361996110e+03
5.488114503352106112e+03
5.489529906995887359e+03
5.490945264873289489e+03
5.492360578514850204e+03
5.493775849403119537e+03
5.495191078974055017e+03
5.496606268618369540e+03
5.498021419682858323e+03
5.499436533471671282e+03
5.500851611247573601e+03
5.502266654233152622e+03
5.503681663612012926e+03
5.505096640529915931e+03
5.506511586095912207e+03
5.507926501383422874e+03
5.509341387431313706e+03
5.510756245244916499e+03
5.512171075797039521e+03
5.513585880028945212e+03
5.515000658851299704e+03
5.516415413145096863e+03
5.517830143762561420e+03
5.519244851528016625e+03
5.520659537238738267e+03
5.522074201665782311e+03
5.523488845554787076e+03
5.524903469626750848e+03
5.526318074578794040e+03
5.527732661084898609e+03
5.529147229796617466e+03
5.530561781343780240e+03
5.531976316335158117e+03
5.533390835359135053e+03
5.534805338984331684e+03
5.536219827760234693e+03
5.537634302217797995e+03
5.539048762870022074e+03
5.540463210212525155e+03
5.541877644724097081e+03
5.543292066867227732e+03
5.544706477088632710e+03
5.546120875819752655e+03
5.547535263477247099e+03
5.548949640463462856e+03
5.550364007166902411e+03
5.551778363962666845e+03
5.553192711212885115e+03
5.554607049267144248e+03
5.556021378462890425e+03
5.557435699125827341e+03
5.558850011570300921e+03
5.560264316099665848e+03
5.561678613006655723e+03
5.563092902573725041e+03
5.564507185073392975e+03
5.565921460768568977e+03
5.567335729912876559e+03
5.568749992750954334e+03
5.570164249518762517e+03
5.571578500443871235e+03
5.572992745745739740e+03
5.574406985635990168e+03
5.575821220318669475e+03
5.577235449990508641e+03
5.578649674841168235e+03
5.580063895053475790e+03
5.581478110803662275e+03
